date 2025-01-26T23:42:30.059438
sample_ratio 0.2
rank 16
seed 0
l2_regularization_strength 0
input_shape (100, 100, 100)
input_size 1000000
num_train_samples 200000
num_test_samples 1000000
num_iterations 10
max_num_richardson_iterations 1024
num_richardson_iterations [4, 6, 8, 10, 8, 6, 8, 8, 8, 8, 6, 8, 6, 8, 8, 8, 8, 8, 8, 8, 8, 8, 8, 8, 8, 8, 7, 8, 7, 5]
train_mses [21.075277966255907, 20.915134201999948, 19.822618037938398, 5.132029799601748, 0.24651792302809314, 0.023873576533648962, 0.00986214787103121, 0.0023854057217607676, 0.0005170615123145337, 0.00011664791468141311, 2.6662766924040665e-05, 7.041608803810257e-06, 9.630536240530535e-07, 2.1825863662670382e-07, 1.4999490201488152e-08, 2.5651085581315308e-09, 2.1874455419633216e-10, 3.4151645025713936e-11, 4.802464198939321e-12, 6.212516815297071e-13, 1.0311953505011268e-13, 1.472005795582256e-14, 2.2743737983335574e-15, 3.7588388749582776e-16, 5.631242041618974e-17, 9.085936473178611e-18, 1.541600567414828e-18, 2.3762463848157953e-19, 3.969213733838659e-20, 7.715187214330933e-21, 5.47235489612161e-21]
train_rres [1.0000009369824092, 0.9924022749593383, 0.9405634717189146, 0.24350969967942565, 0.011697029780853007, 0.001132777415367653, 0.0004679490883812208, 0.00011318512432734205, 2.4534053482945966e-05, 5.53482730644051e-06, 1.2651217198309144e-06, 3.3411732044285836e-07, 4.569593473259646e-08, 1.0356154802829457e-08, 7.117108623555359e-10, 1.2171184483071507e-10, 1.0379211107268364e-11, 1.6204615227322539e-12, 2.2787214035578244e-13, 2.947777318174901e-14, 4.8929191746087605e-15, 6.984520807662208e-16, 1.0791677020931119e-16, 1.7835315875513233e-17, 2.671968230744108e-18, 4.311186310846748e-19, 7.314741064557888e-20, 1.1275052291701782e-20, 1.883352361604581e-21, 3.660779447691558e-22, 2.5965778635915502e-22]
test_mses [21.056763065298654, 21.15411516881338, 20.416458205552384, 5.233637616259625, 0.25134727248079414, 0.024409262623024515, 0.01018167113718644, 0.0024829385824990426, 0.0005431746666927092, 0.0001227903936557678, 2.810388282696852e-05, 7.385707520105171e-06, 1.0222889311717174e-06, 2.3146144315817276e-07, 1.6196874264130332e-08, 2.7949788186901784e-09, 2.430881105265015e-10, 3.8368227816472834e-11, 5.4094726638639646e-12, 7.105339376464477e-13, 1.1790816853571602e-13, 1.6885666080612688e-14, 2.6243825685476962e-15, 4.3375636895209353e-16, 6.505416934473099e-17, 1.0545501676467624e-17, 1.788726539206097e-18, 2.752766251080645e-19, 4.608327079401647e-20, 8.837173264337211e-21, 5.692863253193399e-21]
test_rres [1.0000031543154257, 1.004626486510031, 0.9695945450964245, 0.24854979412426895, 0.011936690579170364, 0.001159216140764033, 0.00048353601272021335, 0.00011791681403123099, 2.5795815736374444e-05, 5.831417706255084e-06, 1.334676720649183e-06, 3.5075337999732477e-07, 4.854934980382575e-08, 1.099229604012693e-08, 7.692030016177107e-10, 1.3273586382994897e-10, 1.1544456123158194e-11, 1.8221389832322505e-12, 2.569003464716674e-13, 3.374384641605075e-14, 5.599556783235264e-15, 8.019142966545122e-16, 1.2463410632202472e-16, 2.0599449963481224e-17, 3.089476494766181e-18, 5.00814626996738e-19, 8.494810792460432e-20, 1.3073115395928262e-20, 2.188532777439731e-21, 4.1968469285446743e-22, 2.703588007627625e-22]
step_times_seconds [0.022962093353271484, 0.14525389671325684, 0.2452089786529541, 0.2997758388519287, 0.3518483638763428, 0.2966468334197998, 0.20755696296691895, 0.267794132232666, 0.26859593391418457, 0.2702019214630127, 0.2940521240234375, 0.21146488189697266, 0.28741908073425293, 0.22603631019592285, 0.2886359691619873, 0.3003530502319336, 0.26862502098083496, 0.31490492820739746, 0.28089189529418945, 0.2910778522491455, 0.29486894607543945, 0.2844829559326172, 0.2717571258544922, 0.29715824127197266, 0.2715740203857422, 0.2848501205444336, 0.2937800884246826, 0.2440481185913086, 0.2995131015777588, 0.2600729465484619, 0.16162395477294922]
