date 2025-01-26T23:42:30.059438
sample_ratio 0.1
rank 16
seed 0
l2_regularization_strength 0
input_shape (100, 100, 100)
input_size 1000000
num_train_samples 100000
num_test_samples 1000000
num_iterations 10
max_num_richardson_iterations 1024
num_richardson_iterations [2, 2, 3, 9, 13, 7, 2, 2, 2, 2, 2, 2, 2, 2, 2, 2, 2, 2, 2, 2, 2, 2, 2, 2, 2, 2, 2, 2, 2, 2]
train_mses [21.125926365770585, 21.066210653274517, 20.822192526281167, 16.926716564401612, 5.41611514075466, 0.966791103013049, 0.4631613490896509, 0.41820819219611205, 0.38111072584760897, 0.3481859166968288, 0.31693120890999066, 0.2909333604191128, 0.26784515199652453, 0.24557194565145415, 0.226879545649788, 0.2103131359383699, 0.19407315693458738, 0.18030747972966754, 0.16816771951411993, 0.15606888803883312, 0.14569662232825975, 0.1366258379977091, 0.1274221459269425, 0.11942816506499832, 0.11252489562998685, 0.10537730317226018, 0.09907596575015909, 0.09372790972359553, 0.0880641402315324, 0.08299009208119686, 0.07877284555195935]
train_rres [1.0000039778363847, 0.9971773112561131, 0.9856266178837786, 0.8012327413739528, 0.25637392611336846, 0.04576343455955288, 0.021923923403432872, 0.01979604815992744, 0.01804002509737137, 0.016481516393410778, 0.015002062589974597, 0.013771444275021609, 0.012678554909416665, 0.011624243985549704, 0.010739431928869357, 0.00995525445314326, 0.009186528702490501, 0.008534924994127894, 0.007960284701657827, 0.007387581787097729, 0.006896606537531627, 0.0064672374175415255, 0.00603157705774494, 0.0056531788506185305, 0.005326409894996642, 0.004988075813644309, 0.004689799545011649, 0.004436647223657322, 0.0041685504820730915, 0.0039283684305872835, 0.0037287434185647463]
test_mses [21.056763065298654, 21.05398104854126, 20.951659623863158, 17.439981526553986, 5.972060966894627, 1.1416136089875735, 0.569685047395609, 0.5165601721145126, 0.47079466330742237, 0.4310193621504874, 0.3937397741035369, 0.36135368988957633, 0.33321435256602, 0.3064563839165855, 0.2830006170340464, 0.26266380572006875, 0.24304525449309053, 0.2256795932892986, 0.21068561376371456, 0.19600734374477105, 0.18287446371432595, 0.17161034388071317, 0.16040938432066715, 0.15026592798738295, 0.14165113832152926, 0.13293463270334258, 0.12493313684591041, 0.11822929886034747, 0.11131541369550325, 0.10487514967960956, 0.09956862692873274]
test_rres [1.0000031543154257, 0.9998710340306448, 0.9950117046496358, 0.828239197243842, 0.28361813191034047, 0.05421617778842585, 0.027054815718603034, 0.0245318712997973, 0.02235842930284754, 0.020469467238857255, 0.018699028661810873, 0.017160986643222666, 0.01582462615910459, 0.014553868019806111, 0.013439934183124376, 0.012474122135012847, 0.011542420854562564, 0.010717711191129846, 0.010005634659004404, 0.009308551433376683, 0.008684860060920008, 0.008149917661213618, 0.007617974795319635, 0.00713625363535363, 0.006727130124161411, 0.006313176037972371, 0.005933178358753555, 0.005614807528878454, 0.005286461384127797, 0.004980607900829058, 0.004728596731169818]
step_times_seconds [0.014915943145751953, 0.05946087837219238, 0.08204102516174316, 0.09147191047668457, 0.2944331169128418, 0.41694116592407227, 0.27974390983581543, 0.07908010482788086, 0.0613558292388916, 0.06603813171386719, 0.06761312484741211, 0.05707383155822754, 0.0644831657409668, 0.07680201530456543, 0.06137537956237793, 0.06064105033874512, 0.05541801452636719, 0.0594179630279541, 0.06494426727294922, 0.05283498764038086, 0.06550788879394531, 0.07385492324829102, 0.059371232986450195, 0.06361603736877441, 0.06710505485534668, 0.07358479499816895, 0.06002092361450195, 0.07046890258789062, 0.05495715141296387, 0.06115889549255371, 0.06053018569946289]
