date 2025-01-26T23:42:30.059438
sample_ratio 0.3
rank 16
seed 0
l2_regularization_strength 0
input_shape (100, 100, 100)
input_size 1000000
num_train_samples 300000
num_test_samples 1000000
num_iterations 10
max_num_richardson_iterations 1024
num_richardson_iterations [2, 4, 10, 12, 11, 9, 11, 10, 11, 10, 11, 10, 11, 10, 11, 10, 11, 10, 11, 10, 11, 10, 11, 10, 11, 10, 10, 10, 9, 3]
train_mses [21.035412900838814, 20.983032825527694, 19.834483560636134, 3.7315381237468954, 0.204584805222511, 0.024434330647877193, 0.01022593744507369, 0.001597708402633195, 0.0003018627502096945, 4.621750414826233e-05, 9.866428840669818e-06, 9.591687339649141e-07, 2.2117486442581112e-07, 2.2864059047730202e-08, 4.438623837587329e-09, 7.157792363162524e-10, 1.4214677591322048e-10, 2.139295988387026e-11, 5.131419071791428e-12, 7.966883870344944e-13, 1.7348462705004424e-13, 3.115540282697864e-14, 7.055858498650861e-15, 1.1648045869825754e-15, 2.9120224634487563e-16, 4.962825363312436e-17, 1.1484486972227084e-17, 2.499599286820922e-18, 6.420350085768318e-19, 2.3292965444566214e-19, 2.304113242397275e-19]
train_rres [0.9999994070554747, 0.9975093183417632, 0.9429086033817178, 0.17739304328098043, 0.00972572703371621, 0.0011615800590584202, 0.0004861293395981923, 7.595322529737622e-05, 1.435020898542915e-05, 2.1971271475257466e-06, 4.6903871280945556e-07, 4.5597781690932076e-08, 1.0514399423676942e-08, 1.0869311478882276e-09, 2.110070872700877e-10, 3.402732407835599e-11, 6.757494720838099e-12, 1.0169967806136454e-12, 2.439417782448169e-13, 3.78736523213532e-14, 8.247260227364801e-15, 1.4810921230983178e-15, 3.3542742175680475e-16, 5.5373474331546137e-17, 1.3843420856573052e-17, 2.3592702667768448e-18, 5.459593408839362e-19, 1.188280836929773e-19, 3.052160805743378e-20, 1.1073208661476307e-20, 1.0953490131368247e-20]
test_mses [21.056763065298654, 21.048074571842363, 20.08831448493191, 3.789966340740818, 0.20867063463906516, 0.024872227389236442, 0.01043353642945036, 0.0016413149642921236, 0.00031042083873382116, 4.7804348191252826e-05, 1.0348412759033919e-05, 1.0166858266097256e-06, 2.3496805033736318e-07, 2.514708484278807e-08, 4.869284422425924e-09, 7.987055632200906e-10, 1.597352828385661e-10, 2.4173376029424866e-11, 5.8005370021959425e-12, 9.143736301136876e-13, 1.9731410392722634e-13, 3.598247386179517e-14, 8.120928122058043e-15, 1.348377967842121e-15, 3.3640616621807024e-16, 5.787070065047412e-17, 1.3273859053759496e-17, 2.880603732842295e-18, 7.293776482900096e-19, 2.53891364593747e-19, 2.4297902618394486e-19]
test_rres [1.0000031543154257, 0.9995905305500543, 0.9540107274568531, 0.17998864705544215, 0.009909941628015714, 0.001181202721755287, 0.0004954973044888219, 7.794740988571573e-05, 1.4742143269429358e-05, 2.270268171465875e-06, 4.914547107312071e-07, 4.828325371780459e-08, 1.1158827725422588e-08, 1.194255930346103e-09, 2.3124635854926107e-10, 3.793119009377242e-11, 7.585961156455041e-12, 1.1480136906567272e-12, 2.7547231646817297e-13, 4.34243625908209e-14, 9.370610559004716e-15, 1.7088375478359489e-15, 3.8566961659031744e-16, 6.403558879729553e-17, 1.5976208038529226e-17, 2.7483276044592315e-18, 6.303865832813179e-19, 1.3680226206858486e-19, 3.46387498741052e-20, 1.2057511625118044e-20, 1.1539275617194157e-20]
step_times_seconds [0.01837301254272461, 0.08818769454956055, 0.19438791275024414, 0.36838817596435547, 0.44808506965637207, 0.43683576583862305, 0.3290688991546631, 0.3886849880218506, 0.35751819610595703, 0.39176011085510254, 0.35117006301879883, 0.3990287780761719, 0.36803412437438965, 0.3962280750274658, 0.3836517333984375, 0.43264222145080566, 0.3882780075073242, 0.3880131244659424, 0.3379549980163574, 0.38093090057373047, 0.3677959442138672, 0.4124031066894531, 0.34378695487976074, 0.4117879867553711, 0.3430778980255127, 0.38458919525146484, 0.3658599853515625, 0.35787177085876465, 0.3339352607727051, 0.33605194091796875, 0.11035609245300293]
