date 2025-01-26T23:42:30.059438
sample_ratio 0.4
rank 16
seed 0
l2_regularization_strength 0
input_shape (100, 100, 100)
input_size 1000000
num_train_samples 400000
num_test_samples 1000000
num_iterations 10
max_num_richardson_iterations 1024
num_richardson_iterations [2, 2, 4, 4, 4, 4, 4, 4, 4, 4, 4, 4, 4, 4, 4, 4, 4, 4, 4, 4, 4, 4, 4, 4, 4, 5, 4, 2, 3, 4]
train_mses [21.045985838180503, 20.99649782044698, 20.027660939386983, 2.5659966875057383, 0.2287987408515073, 0.021827403258839827, 0.008395398327657108, 0.002255281142437376, 0.0003155081959966253, 6.0132230837083334e-05, 4.308492079564849e-06, 3.9110758709693953e-07, 5.2152296004511295e-08, 4.160348642812258e-09, 4.913956923707402e-10, 1.505868081069683e-10, 4.974042849716311e-12, 1.13787380666384e-12, 6.482491364227399e-14, 1.010209137518609e-14, 1.0932819625901892e-15, 1.1355955697036857e-16, 1.76431774890337e-17, 1.7587750720236344e-18, 1.742403432908636e-19, 3.198518487976692e-20, 6.454370531669981e-21, 3.3875153544781017e-21, 3.163783608437994e-21, 4.983658277869756e-21, 2.4510642224841516e-21]
train_rres [1.000000046366253, 0.99764862313483, 0.9516143373840661, 0.12192333617493441, 0.010871372489711229, 0.0010371290961954664, 0.0003989073632126934, 0.00010715968661895141, 1.4991372371503738e-05, 2.8571830318397763e-06, 2.047180071516178e-07, 1.8583477544758505e-08, 2.4780164171737652e-09, 1.976789715483203e-10, 2.334866700629691e-11, 7.1551323965983e-12, 2.3634165292083384e-13, 5.406607550588174e-14, 3.080155861853734e-15, 4.800008857392435e-16, 5.1947293972715857e-17, 5.3957825073552045e-18, 8.383156029248304e-19, 8.356819999283516e-20, 8.279030153752072e-21, 1.5197761040385324e-21, 3.0667942478730475e-22, 1.6095779677847383e-22, 1.503271825542721e-22, 2.367985300029153e-22, 1.164623199396165e-22]
test_mses [21.056763065298654, 21.044901081747796, 20.13891702432579, 2.5819703027981915, 0.23113528467703104, 0.0220588438977007, 0.008493213182853244, 0.0022851290122238056, 0.00032113191470007913, 6.129062370736384e-05, 4.405053627838121e-06, 4.082487667500877e-07, 5.52298366362807e-08, 4.4689773455702505e-09, 5.383220135755604e-10, 1.6436882029283844e-10, 5.338788024147465e-12, 1.2219430196723398e-12, 7.046837542942409e-14, 1.1021046361175602e-14, 1.2040504694198948e-15, 1.2421963944595162e-16, 1.9508756078328004e-17, 1.8900089293740606e-18, 1.8659701409536726e-19, 3.526700268799804e-20, 6.741958982408799e-21, 3.426716098772106e-21, 3.2045260269242743e-21, 5.009043855634067e-21, 2.4673538740886068e-21]
test_rres [1.0000031543154257, 0.9994398188715824, 0.9564138840509283, 0.12261991262094897, 0.01097680650315788, 0.0010475928047366959, 0.0004033497431104869, 0.00010852267336414026, 1.5250821156868852e-05, 2.910742588842173e-06, 2.091996528196796e-07, 1.9388072764529626e-08, 2.622910780604494e-09, 2.1223544322912975e-10, 2.556535921231617e-11, 7.806011695825316e-12, 2.5354347426586114e-13, 5.803108817232279e-14, 3.3466016353215903e-15, 5.233986387582422e-16, 5.718135611067087e-17, 5.899293775052726e-18, 9.264870177149207e-19, 8.975809269436611e-20, 8.861647068096534e-21, 1.6748592279773762e-21, 3.201812276543462e-22, 1.6273759157991237e-22, 1.5218560065821316e-22, 2.378836500275416e-22, 1.1717668329408053e-22]
step_times_seconds [0.02847599983215332, 0.09573078155517578, 0.07230591773986816, 0.14721083641052246, 0.14780211448669434, 0.1490650177001953, 0.15849804878234863, 0.12343716621398926, 0.1445178985595703, 0.14737725257873535, 0.13551712036132812, 0.1560990810394287, 0.1509559154510498, 0.13522100448608398, 0.14003396034240723, 0.16069316864013672, 0.15963387489318848, 0.1581270694732666, 0.15036487579345703, 0.1872560977935791, 0.1456160545349121, 0.13646888732910156, 0.1458587646484375, 0.19167208671569824, 0.1440749168395996, 0.13941192626953125, 0.20100903511047363, 0.138671875, 0.07120680809020996, 0.11982107162475586, 0.15009689331054688]
