date 2025-01-26T23:42:30.059438
sample_ratio 0.5
rank 16
seed 0
l2_regularization_strength 0
input_shape (100, 100, 100)
input_size 1000000
num_train_samples 500000
num_test_samples 1000000
num_iterations 10
max_num_richardson_iterations 1024
num_richardson_iterations [2, 2, 4, 4, 4, 4, 4, 4, 4, 4, 4, 4, 4, 4, 4, 4, 4, 4, 4, 4, 4, 4, 4, 4, 4, 2, 3, 2, 2, 3]
train_mses [21.053038058674616, 21.006556060740692, 19.616431186314493, 1.4256843239481103, 0.11851405391901519, 0.017814775838008258, 0.00330660170586762, 0.0007423197957538087, 0.00012888075919962382, 1.5745122277502786e-05, 2.5823447964324464e-06, 8.920521774310708e-08, 8.74449195071597e-09, 6.968341571482082e-10, 3.662276216991634e-11, 2.9915328747646355e-12, 2.4774955794828795e-13, 1.8155175361522936e-14, 1.9146556085859395e-15, 1.3765948809005893e-16, 1.0020132306261636e-17, 9.368556417890473e-19, 8.207198551755845e-20, 6.094424414636899e-21, 9.481835754256364e-22, 1.9573706609501515e-22, 1.7883890545923007e-22, 1.7261501610723708e-22, 1.653723188019138e-22, 1.6324092182004656e-22, 2.686843006945829e-22]
train_rres [1.0000010092909246, 0.9977931547894394, 0.931763431497611, 0.06771876623720467, 0.005629314553266677, 0.0008461863683830417, 0.000157060707056874, 3.525954510230787e-05, 6.121724043751529e-06, 7.478796231228128e-07, 1.226591333551308e-07, 4.237170309031382e-09, 4.1535576728078366e-10, 3.309901680292065e-11, 1.7395493719657202e-12, 1.4209521142526957e-13, 1.1767888668095884e-14, 8.623550498877317e-16, 9.094447726234744e-17, 6.538706035911534e-18, 4.759475754313556e-19, 4.4499828705858686e-20, 3.89834797825067e-21, 2.8947986265445542e-22, 4.503789570778966e-23, 9.297340512335639e-24, 8.494692569371293e-24, 8.1990632347184e-24, 7.855041407791255e-24, 7.753801903681365e-24, 1.276227075286654e-23]
test_mses [21.056763065298654, 21.041500528192206, 19.698844815141474, 1.4327958870123247, 0.11893755295622697, 0.017955362055821062, 0.003330826469634465, 0.0007489598502795299, 0.00012999787358274826, 1.5970619867825557e-05, 2.609838978210302e-06, 9.134647976962751e-08, 8.910524601751037e-09, 6.943165541932822e-10, 3.8316453394838636e-11, 3.1261443782588327e-12, 2.6202749987262935e-13, 1.9343025084442054e-14, 2.055464154627148e-15, 1.469604954866985e-16, 1.0375092927973647e-17, 1.0097467409089778e-18, 8.82271444193026e-20, 6.37243656103879e-21, 9.98887753243446e-22, 2.0075276077778102e-22, 1.8206396358493801e-22, 1.7413072460296138e-22, 1.6710378777641173e-22, 1.6401017160857727e-22, 2.6999259229947505e-22]
test_rres [1.0000031543154257, 0.9992783237608922, 0.9355144895929021, 0.06804466584247865, 0.005648443103716808, 0.0008527150463257541, 0.00015818371350727532, 3.556872489910007e-05, 6.1737069099325225e-06, 7.584579925543104e-07, 1.2394341914625297e-07, 4.338120138502026e-09, 4.2316820874718144e-10, 3.2973669416023873e-11, 1.8196801729779633e-12, 1.4846319110918528e-13, 1.2443903442207333e-14, 9.18616315264604e-16, 9.76156986634301e-17, 6.979275902507858e-18, 4.927217740977208e-19, 4.795371077868835e-20, 4.189980313780667e-21, 3.02632301173369e-22, 4.7438008441889026e-23, 9.53391522679717e-24, 8.646368737089866e-24, 8.269612633537145e-24, 7.935897571543346e-24, 7.78897917214444e-24, 1.2822172292294082e-23]
step_times_seconds [0.021027803421020508, 0.07948684692382812, 0.08124208450317383, 0.20523905754089355, 0.14174604415893555, 0.1438899040222168, 0.16974306106567383, 0.13788890838623047, 0.1546940803527832, 0.1499159336090088, 0.14818668365478516, 0.17245888710021973, 0.13556385040283203, 0.15945911407470703, 0.14786100387573242, 0.17411303520202637, 0.15997004508972168, 0.14973068237304688, 0.1491529941558838, 0.1544020175933838, 0.14512395858764648, 0.1577610969543457, 0.15072417259216309, 0.1417231559753418, 0.14918899536132812, 0.15282201766967773, 0.06546473503112793, 0.11721110343933105, 0.08267593383789062, 0.07747197151184082, 0.10179400444030762]
