date 2025-01-26T23:42:30.059438
sample_ratio 0.6
rank 16
seed 0
l2_regularization_strength 0
input_shape (100, 100, 100)
input_size 1000000
num_train_samples 600000
num_test_samples 1000000
num_iterations 10
max_num_richardson_iterations 1024
num_richardson_iterations [3, 4, 6, 6, 4, 5, 4, 5, 4, 6, 5, 6, 5, 6, 5, 5, 5, 5, 5, 5, 5, 3, 5, 4, 3, 4, 3, 5, 4, 3]
train_mses [21.051487559277096, 20.9997078329275, 18.9920507810423, 0.9873983602561769, 0.03838658476177108, 0.011818240949730613, 0.0011887196999791016, 0.00024423365421503637, 3.017518813329157e-05, 7.3713551267324865e-06, 9.054750694512507e-08, 1.2645304381791254e-08, 2.1778861524947663e-10, 2.0764734524095704e-11, 7.434954803816875e-13, 4.15408510823063e-14, 2.3176968645141378e-15, 1.1526644516656142e-16, 6.900991680973342e-18, 4.0381721589340966e-19, 2.5150939848656886e-20, 4.542856583930515e-21, 7.251857131363233e-21, 3.340397514304121e-21, 3.312597713549679e-21, 3.445810964423165e-20, 3.2215687939322845e-20, 3.2163247976289326e-20, 4.0069408721503815e-20, 3.05613408301196e-20, 3.041980640242688e-20]
train_rres [1.000001817083913, 0.9975421419520771, 0.9021730762595302, 0.04690405614622324, 0.0018234651781888097, 0.0005613979720524775, 5.646735683810107e-05, 1.16017501053245e-05, 1.4334019331970053e-06, 3.5015903272141186e-07, 4.301248129025457e-09, 6.006856913918087e-10, 1.0345540208330277e-11, 9.863802829558246e-13, 3.531801870446516e-14, 1.9733012428953993e-15, 1.1009678387038481e-16, 5.4754636360397356e-18, 3.2781551428241624e-19, 1.9182394998267924e-20, 1.1947367367367533e-21, 2.1579780649183415e-22, 3.4448255916244586e-22, 1.586777929436458e-22, 1.5735722824764827e-22, 1.6368521303057806e-21, 1.5303311173244911e-21, 1.527840079188888e-21, 1.903403805462847e-21, 1.4517452164168987e-21, 1.4450219535370609e-21]
test_mses [21.056763065298654, 21.046073465374246, 19.095961339278194, 0.9917339484840628, 0.03853479112730529, 0.011878847403528566, 0.0011944124505312054, 0.00024573938755397017, 3.0408028494909538e-05, 7.450782588397342e-06, 9.17104969192442e-08, 1.289916546558538e-08, 2.2248295618095986e-10, 2.130007949193056e-11, 7.624203569769606e-13, 4.263725366272436e-14, 2.3872006645941635e-15, 1.1896931945712433e-16, 7.103719967966602e-18, 4.1660971975105273e-19, 2.590847053736204e-20, 4.600133169558436e-21, 7.277023658050225e-21, 3.3432312558334195e-21, 3.3231911858031315e-21, 3.443171383755256e-20, 3.2276486123370107e-20, 3.2300089577142157e-20, 3.9993675070353866e-20, 3.061985092326604e-20, 3.0553125339331276e-20]
test_rres [1.0000031543154257, 0.999495496343038, 0.9068830529528862, 0.04709826831646921, 0.0018300492131051492, 0.0005641363222031244, 5.6723638594443295e-05, 1.1670367469655796e-05, 1.4441025107764633e-06, 3.5384384900045023e-07, 4.355407615058264e-09, 6.12592073796934e-10, 1.0565900241762774e-11, 1.0115584533599237e-12, 3.6207975533890064e-14, 2.0248785638062915e-15, 1.1337014085095257e-16, 5.649951721209459e-18, 3.373615571068935e-19, 1.9785141361831123e-20, 1.230414768903743e-21, 2.1846414216487304e-22, 3.455918931846988e-22, 1.5877282709938321e-22, 1.5782110754111853e-22, 1.635190667210478e-21, 1.5328371143036551e-21, 1.5339580619132944e-21, 1.8993328223809235e-21, 1.4541621337039938e-21, 1.450993280343134e-21]
step_times_seconds [0.023782968521118164, 0.1258678436279297, 0.2210249900817871, 0.24621295928955078, 0.2996480464935303, 0.1587986946105957, 0.23602294921875, 0.15782690048217773, 0.2046520709991455, 0.2011880874633789, 0.21779084205627441, 0.18696904182434082, 0.25835299491882324, 0.19403696060180664, 0.23608803749084473, 0.20952296257019043, 0.19475317001342773, 0.19067811965942383, 0.2044990062713623, 0.17928814888000488, 0.2095201015472412, 0.17913293838500977, 0.11306214332580566, 0.18962359428405762, 0.15049004554748535, 0.1228480339050293, 0.1847078800201416, 0.1273958683013916, 0.18850398063659668, 0.16524529457092285, 0.10828113555908203]
