date 2025-01-26T23:42:30.059438
sample_ratio 0.2
rank 16
seed 0
l2_regularization_strength 0
input_shape (100, 100, 100)
input_size 1000000
num_train_samples 200000
num_test_samples 1000000
num_iterations 10
max_num_richardson_iterations 1024
num_richardson_iterations [2, 4, 13, 17, 17, 10, 13, 12, 13, 13, 12, 12, 13, 14, 14, 15, 14, 14, 13, 13, 13, 13, 13, 13, 13, 13, 13, 13, 13, 13]
train_mses [21.075277966255907, 21.01713723813474, 20.131191470071865, 5.443059329253887, 0.40184664725067437, 0.029213183988835073, 0.017087721164884977, 0.004123272411163478, 0.001593447850814424, 0.0005035362087443819, 0.00014600484573131333, 5.75237454463122e-05, 2.098843706858752e-05, 5.006753885686382e-06, 1.0929920164586266e-06, 2.1523621217171829e-07, 3.6574406722503855e-08, 8.892229152497174e-09, 1.8408554610572049e-09, 5.022070380352403e-10, 1.3470152476916675e-10, 3.7870495651252094e-11, 1.1033656441104959e-11, 3.166561710004868e-12, 9.056322168079384e-13, 2.759883611122796e-13, 8.106126669490446e-14, 2.3593522685141698e-14, 7.436000077937612e-15, 2.2026332165038796e-15, 6.492439169715545e-16]
train_rres [1.0000009369824092, 0.9972422173730594, 0.9552049735655526, 0.2582677409057067, 0.01906722295275631, 0.0013861364679435544, 0.0008107953405472836, 0.0001956451668727247, 7.560751257460693e-05, 2.3892291307150278e-05, 6.9277844291808264e-06, 2.7294443962804384e-06, 9.958804229291272e-07, 2.3756548240754548e-07, 5.186138196245547e-08, 1.0212743774430054e-08, 1.735419150847724e-09, 4.2192741175689476e-10, 8.734675712718128e-11, 2.3829223481583312e-11, 6.391453113823681e-12, 1.7969172789025933e-12, 5.235360025672353e-13, 1.5025019751044536e-13, 4.297134618197794e-14, 1.309537269925505e-14, 3.8462763232672194e-15, 1.1194891393429575e-15, 3.528307933705469e-16, 1.0451275109439338e-16, 3.080597685787128e-17]
test_mses [21.056763065298654, 21.051032360716558, 20.450061009329055, 5.575687276283439, 0.41132712559671664, 0.03027890777539918, 0.017839049542740838, 0.004346063539381709, 0.0016811767592974029, 0.0005365620915586179, 0.000155795065621395, 6.103066744545263e-05, 2.2425695577953847e-05, 5.437783665988513e-06, 1.214018298769999e-06, 2.407295056801546e-07, 4.23464359340544e-08, 1.0415045524105213e-08, 2.1927222083950107e-09, 6.07593468967758e-10, 1.6484332225587236e-10, 4.6482454399027564e-11, 1.371844979463704e-11, 3.94746081324185e-12, 1.1320224201603335e-12, 3.490337449508345e-13, 1.0239816568102946e-13, 2.9843437656609386e-14, 9.512999025136358e-15, 2.809773694062678e-15, 8.281857506030191e-16]
test_rres [1.0000031543154257, 0.9997309983985465, 0.9711903701368786, 0.26479401636752675, 0.019534266581081462, 0.0014379704606414345, 0.000847191268544436, 0.00020639816455926538, 7.984047961435062e-05, 2.5481779055060567e-05, 7.398836970575186e-06, 2.898397050209805e-06, 1.0650148955054156e-06, 2.582448594596601e-07, 5.7654736599441674e-08, 1.143244402144929e-08, 2.0110673885036604e-09, 4.946191560472046e-10, 1.0413419755603813e-10, 2.8855118121669955e-11, 7.828546187869099e-12, 2.2074903381495227e-12, 6.515005665596718e-13, 1.8746819026917695e-13, 5.376068427068374e-14, 1.6575902232977415e-14, 4.862973874930225e-15, 1.4172896232758112e-15, 4.517802191455205e-16, 1.3343848474059523e-16, 3.933122866006667e-17]
step_times_seconds [0.025548219680786133, 0.09549999237060547, 0.14700603485107422, 0.4615485668182373, 0.6137328147888184, 0.6723370552062988, 0.3495039939880371, 0.4933948516845703, 0.44883203506469727, 0.4691781997680664, 0.46945619583129883, 0.4445509910583496, 0.43396973609924316, 0.46186327934265137, 0.5057060718536377, 0.49215078353881836, 0.5168628692626953, 0.5208940505981445, 0.47962212562561035, 0.471693754196167, 0.4661257266998291, 0.46284985542297363, 0.43494510650634766, 0.4888579845428467, 0.44888901710510254, 0.4418621063232422, 0.4988899230957031, 0.46111083030700684, 0.518841028213501, 0.445080041885376, 0.4893498420715332]
