date 2025-01-26T23:42:30.059438
sample_ratio 0.7
rank 16
seed 0
l2_regularization_strength 0
input_shape (100, 100, 100)
input_size 1000000
num_train_samples 700000
num_test_samples 1000000
num_iterations 10
max_num_richardson_iterations 1024
num_richardson_iterations [2, 3, 6, 6, 5, 5, 5, 5, 5, 6, 5, 6, 5, 6, 5, 6, 5, 4, 2, 4, 2, 2, 4, 2, 3, 3, 2, 2, 4, 2]
train_mses [21.06396416056012, 21.023423372460332, 18.875788547935286, 0.6452376783366033, 0.03657266266003509, 0.00843568776044644, 0.0006986866866522386, 0.0001221440117893879, 1.1629149416215562e-05, 1.517422977084485e-06, 2.9311988731134624e-08, 2.1204511136654555e-09, 6.915290477596006e-11, 5.657154379393281e-12, 2.102218768657838e-13, 2.268719116388209e-14, 8.526816232492408e-16, 2.0361445057405293e-16, 1.0660358864320699e-16, 1.067777388749815e-16, 8.798625262773354e-17, 8.778991704173239e-17, 9.233248343878987e-17, 7.736063543467343e-17, 7.723887404258474e-17, 8.66036979020111e-17, 8.172922542030018e-17, 8.159226577177647e-17, 1.18312533554184e-16, 8.200028368165002e-17, 8.190811893264316e-17]
train_rres [1.0000014632796708, 0.9980768090639082, 0.8961188893321308, 0.030632345249994156, 0.0017362693886722011, 0.0004004801774212919, 3.316981094823912e-05, 5.798727608402335e-06, 5.520882177860797e-07, 7.203891850233425e-08, 1.3915724219496775e-09, 1.0066738626762255e-10, 3.283000551979715e-12, 2.6857065527982025e-13, 9.980181454770978e-15, 1.0770633765161336e-15, 4.0480645735121304e-17, 9.666497102201904e-18, 5.060953570822842e-18, 5.069221268454567e-18, 4.177104589884028e-18, 4.167783653340534e-18, 4.383439785751164e-18, 3.672658576763428e-18, 3.6668780138393975e-18, 4.1114684760809416e-18, 3.880055263578694e-18, 3.873553170815433e-18, 5.616830040949095e-18, 3.892923622825688e-18, 3.888548146150588e-18]
test_mses [21.056763065298654, 21.034971419749667, 18.936636384177277, 0.6472740047363882, 0.03667534685690799, 0.00845086510717512, 0.0007023317546277441, 0.0001227799503258594, 1.1679636227592504e-05, 1.5249958503013186e-06, 2.9645836732956856e-08, 2.160370422515038e-09, 7.094651019744192e-11, 5.795892907772334e-12, 2.177833919483101e-13, 2.3372253259462278e-14, 8.80922748991019e-16, 2.0745662122522655e-16, 1.0728469311024179e-16, 1.072237760102864e-16, 8.839194207455843e-17, 8.822155874684156e-17, 9.221434838359405e-17, 7.743389105325508e-17, 7.738276662764568e-17, 8.670866942222687e-17, 8.198763155587136e-17, 8.194340846507613e-17, 1.1855743231005732e-16, 8.214226245130479e-17, 8.211495987243808e-17]
test_rres [1.0000031543154257, 0.9989682509820343, 0.899316578601249, 0.030739579698717837, 0.00174174266143314, 0.0004013385978491764, 3.3354317936980135e-05, 5.830921743850152e-06, 5.546756181199196e-07, 7.242331862167552e-08, 1.4079053914100018e-09, 1.0259778439379737e-10, 3.369308652289154e-12, 2.75251764569567e-13, 1.0342714035887544e-14, 1.1099677054085603e-15, 4.183575248329559e-17, 9.852287123405719e-18, 5.095039118182839e-18, 5.092146114546989e-18, 4.197806691204802e-18, 4.189715045559588e-18, 4.379335939278553e-18, 3.6773997534209245e-18, 3.674971812017328e-18, 4.117866675890745e-18, 3.893660669328495e-18, 3.891560478043079e-18, 5.630390858743956e-18, 3.9010042188906255e-18, 3.899707596760102e-18]
step_times_seconds [0.02305316925048828, 0.08500981330871582, 0.13771700859069824, 0.25218725204467773, 0.23090624809265137, 0.21105289459228516, 0.20769309997558594, 0.17287015914916992, 0.21140670776367188, 0.1864490509033203, 0.2236161231994629, 0.1968848705291748, 0.24635601043701172, 0.19530487060546875, 0.2432718276977539, 0.20274019241333008, 0.23732280731201172, 0.1906118392944336, 0.1376488208770752, 0.07775712013244629, 0.16657304763793945, 0.07649993896484375, 0.07576298713684082, 0.19373798370361328, 0.12424397468566895, 0.11621308326721191, 0.10965585708618164, 0.07909417152404785, 0.07951593399047852, 0.15335798263549805, 0.06336092948913574]
