date 2025-01-26T23:42:30.059438
sample_ratio 0.5
rank 16
seed 0
l2_regularization_strength 0
input_shape (100, 100, 100)
input_size 1000000
num_train_samples 500000
num_test_samples 1000000
num_iterations 10
max_num_richardson_iterations 1024
num_richardson_iterations [4, 4, 6, 6, 6, 6, 6, 6, 6, 6, 6, 6, 6, 6, 6, 6, 6, 6, 7, 6, 7, 5, 5, 5, 2, 5, 5, 2, 5, 3]
train_mses [21.053038058674616, 20.991150994728386, 19.15916028712175, 1.2804988385979157, 0.05799488302618488, 0.013260688096638077, 0.001352013106143688, 0.00037297053930578886, 3.9544818740039923e-05, 5.522566656367268e-06, 2.635318816144931e-07, 1.4986182305627915e-08, 9.124759673519351e-10, 4.302213277260307e-11, 2.853662900826591e-12, 1.7532520550173383e-13, 1.1266349845535716e-14, 7.884375901823653e-16, 5.4642092802798507e-17, 3.741263454392496e-18, 2.811510480373121e-19, 1.9540651067984695e-20, 6.085821139651531e-21, 1.2797544611214902e-21, 1.8266890173327534e-20, 1.8874760750376685e-20, 1.7522757301427764e-20, 5.180075522014851e-22, 5.74076871077831e-22, 5.075104964551179e-22, 4.911753735231895e-22]
train_rres [1.0000010092909246, 0.9970614275433496, 0.9100434612283462, 0.060822581872745904, 0.0027547065368077822, 0.0006298711589069843, 6.421944742370173e-05, 1.7715776445285612e-05, 1.8783445193066885e-06, 2.623171161735574e-07, 1.2517535324848032e-08, 7.118306341003765e-10, 4.334181535997719e-11, 2.0435139135049694e-12, 1.3554650749452498e-13, 8.327794875363947e-15, 5.351418253822146e-16, 3.7450100253839826e-17, 2.5954519153140617e-18, 1.7770676232042478e-19, 1.3354430416025813e-20, 9.281639417421284e-22, 2.890712145702883e-22, 6.078722458960015e-23, 8.676614063502048e-22, 8.965347304221645e-22, 8.323157417068205e-22, 2.4604908497202298e-23, 2.72681524105195e-23, 2.4106307472889554e-23, 2.3330403331487548e-23]
test_mses [21.056763065298654, 21.057139287920965, 19.281984731247285, 1.286102527651267, 0.05824517670628294, 0.013370323886206126, 0.0013609268493855458, 0.0003762788949157927, 4.00660654849498e-05, 5.579314523528713e-06, 2.672858546374812e-07, 1.5310917283459904e-08, 9.36851139350193e-10, 4.438822935007766e-11, 2.9453230464299894e-12, 1.8238524421696007e-13, 1.1745994648265007e-14, 8.190011503326408e-16, 5.705157749403241e-17, 3.9173026411188076e-18, 2.931338610089344e-19, 2.0370829992777488e-20, 6.178273231969677e-21, 1.2958273958107708e-21, 1.8207166733167775e-20, 1.885401945277813e-20, 1.7539659871215068e-20, 5.254621112801728e-22, 5.780657166887264e-22, 5.111351000652339e-22, 4.959152095235409e-22]
test_rres [1.0000031543154257, 1.0000210214400103, 0.9157174582301203, 0.06107807645629069, 0.002766111783151044, 0.0006349677782364966, 6.463154559690618e-05, 1.7869797017292813e-05, 1.9027707032514844e-06, 2.649662773496875e-07, 1.2693627074232577e-08, 7.271281692937317e-10, 4.449183815997437e-11, 2.108033852444578e-12, 1.3987583598553133e-13, 8.661626620955784e-15, 5.578270345927226e-16, 3.889504437034358e-17, 2.7094267659175083e-18, 1.8603595364487215e-19, 1.392117034971426e-20, 9.674276234019943e-22, 2.934113235274041e-22, 6.153991851647097e-23, 8.646734594416363e-22, 8.953930319600676e-22, 8.329730045611828e-22, 2.495463177905893e-23, 2.7452820658982645e-23, 2.4274230125565366e-23, 2.3551424891787014e-23]
step_times_seconds [0.023329973220825195, 0.16951298713684082, 0.14774394035339355, 0.2465219497680664, 0.22655677795410156, 0.24445486068725586, 0.2195141315460205, 0.22975587844848633, 0.253460168838501, 0.2349238395690918, 0.23173785209655762, 0.2316138744354248, 0.24029183387756348, 0.20880413055419922, 0.23824787139892578, 0.24280810356140137, 0.2094259262084961, 0.2115919589996338, 0.23591208457946777, 0.30232691764831543, 0.25954103469848633, 0.26621413230895996, 0.18892216682434082, 0.17528700828552246, 0.17932701110839844, 0.07478880882263184, 0.19277215003967285, 0.18331193923950195, 0.0668783187866211, 0.18033623695373535, 0.10408806800842285]
