date 2025-01-26T23:42:30.059438
sample_ratio 0.9
rank 16
seed 0
l2_regularization_strength 0
input_shape (100, 100, 100)
input_size 1000000
num_train_samples 900000
num_test_samples 1000000
num_iterations 10
max_num_richardson_iterations 1024
num_richardson_iterations [2, 3, 4, 3, 3, 3, 4, 3, 4, 4, 4, 4, 4, 4, 4, 4, 4, 4, 3, 2, 3, 2, 2, 3, 2, 2, 3, 2, 3, 3]
train_mses [21.044558006892448, 21.010155089962574, 18.247528063217313, 0.17855998273813484, 0.021489382312633594, 0.0021452759316235993, 0.00044886113545426396, 3.3964933458584885e-05, 4.7695874354505795e-06, 1.2992574709981063e-07, 4.052904271493551e-09, 4.4073390491965063e-11, 1.407391213924598e-12, 2.8288789497431827e-14, 7.530566374452673e-16, 2.07579812148497e-17, 5.461769554421579e-19, 1.6162695525054872e-20, 5.670776495187478e-22, 1.285589369589013e-22, 1.251339163748441e-22, 1.1044605095523277e-22, 1.4301835366979143e-22, 1.577460829808141e-22, 1.0682898326309409e-22, 1.3349723464716673e-22, 1.3460440839774372e-22, 1.1662910818499514e-22, 2.405176653415346e-22, 1.700126916979931e-22, 1.164087512656273e-22]
train_rres [1.0000033238149972, 0.9983685529033185, 0.8670929894868005, 0.008484881278095827, 0.0010211406546208597, 0.00010194003891273447, 2.1329154417908306e-05, 1.6139586462503025e-06, 2.26643072623084e-07, 6.1738611429332165e-09, 1.9258744903409956e-10, 2.0942961581481797e-12, 6.687695181679159e-14, 1.3442374753068953e-15, 3.578403215784209e-17, 9.863856586458296e-19, 2.5953444622330902e-20, 7.680251227690827e-22, 2.694661176510411e-23, 6.108912538002397e-24, 5.9461611052058404e-24, 5.2482175211900515e-24, 6.796000609254857e-24, 7.495838460847968e-24, 5.076340320755722e-24, 6.343572448685052e-24, 6.39618355271751e-24, 5.5420263899282625e-24, 1.1429010041407566e-23, 8.078727846555166e-24, 5.5315553858938076e-24]
test_mses [21.056763065298654, 21.02891121465223, 18.275342559863862, 0.1789530257134697, 0.021506426991930987, 0.0021486030149469545, 0.00044974502795403854, 3.400955086337114e-05, 4.778440096385202e-06, 1.2997202660130224e-07, 4.074041420126177e-09, 4.446104888980131e-11, 1.417520085014164e-12, 2.8686117757696053e-14, 7.625623270781825e-16, 2.1021341416433624e-17, 5.552035968881011e-19, 1.6406403080742516e-20, 5.742552968238931e-22, 1.2888122017242323e-22, 1.2516509997751666e-22, 1.1051105993558451e-22, 1.4323655741360654e-22, 1.5773453922229288e-22, 1.068990747162873e-22, 1.3365725249225258e-22, 1.347930096254959e-22, 1.168822224729348e-22, 2.407127414161299e-22, 1.7022479104955795e-22, 1.1657323581573646e-22]
test_rres [1.0000031543154257, 0.9986804468122081, 0.8679111860348799, 0.008498627715609006, 0.0010213580673958335, 0.00010203894044187051, 2.135876464948669e-05, 1.6151417971867501e-06, 2.2693208610811402e-07, 6.1724794153316e-09, 1.9347960834739486e-10, 2.111492112823613e-12, 6.731920532722817e-14, 1.362327540743164e-15, 3.6214717811827085e-17, 9.983209508121505e-19, 2.6367079614926395e-20, 7.791536990198897e-22, 2.7271860657092376e-23, 6.120676112694633e-24, 5.944194480394465e-24, 5.2482619564850084e-24, 6.802422992684111e-24, 7.490944181574088e-24, 5.076725780604755e-24, 6.347493851495744e-24, 6.401431900390414e-24, 5.550833753216018e-24, 1.1431647872637029e-23, 8.084116607303803e-24, 5.5361597204180265e-24]
step_times_seconds [0.0315709114074707, 0.0944068431854248, 0.14539098739624023, 0.16878628730773926, 0.13162899017333984, 0.14409995079040527, 0.1215829849243164, 0.1800539493560791, 0.11020302772521973, 0.15940594673156738, 0.1696929931640625, 0.15744590759277344, 0.15354204177856445, 0.13345003128051758, 0.15888404846191406, 0.16497802734375, 0.16664505004882812, 0.15014195442199707, 0.14339685440063477, 0.11842727661132812, 0.08710408210754395, 0.1307682991027832, 0.0914297103881836, 0.0821690559387207, 0.1267838478088379, 0.07725405693054199, 0.08985185623168945, 0.13761210441589355, 0.08635282516479492, 0.11224699020385742, 0.12781214714050293]
