date 2025-01-26T23:42:30.059438
sample_ratio 0.8
rank 16
seed 0
l2_regularization_strength 0
input_shape (100, 100, 100)
input_size 1000000
num_train_samples 800000
num_test_samples 1000000
num_iterations 10
max_num_richardson_iterations 1024
num_richardson_iterations [2, 3, 5, 5, 4, 4, 4, 4, 5, 5, 5, 5, 5, 5, 5, 5, 5, 5, 5, 4, 4, 2, 2, 4, 2, 2, 4, 2, 2, 4]
train_mses [21.061165638700185, 21.023312808559094, 18.69593728528749, 0.4238666711910203, 0.02977029122537005, 0.00474615837633654, 0.0007230978527458337, 0.0001083524035621063, 1.9352764066100917e-05, 1.1246938746351617e-06, 6.859826110917336e-08, 7.725998631515748e-10, 4.687927737210103e-11, 1.1446019750967817e-12, 4.9298225018397265e-14, 2.0837418493665142e-15, 7.240842882609002e-17, 3.440998492275233e-18, 1.3785781752492867e-19, 6.372998756155393e-21, 7.740391022026771e-22, 3.714955864532559e-22, 3.893082291891577e-22, 6.998186483342911e-22, 4.404546747649378e-22, 4.620662915283521e-22, 5.6084892115915865e-22, 3.774697974845324e-22, 4.267848483619973e-22, 8.843871999218909e-22, 3.5009858295282876e-22]
train_rres [1.0000025686291727, 0.9982052831407846, 0.8876994573302855, 0.020125560342607738, 0.0014135194701429587, 0.00022535175160183203, 3.433331860736935e-05, 5.144666906761867e-06, 9.188861674690125e-07, 5.340144903898446e-08, 3.25710544655788e-09, 3.668371736531313e-11, 2.2258690991650973e-12, 5.434670306431561e-14, 2.340722849483212e-15, 9.893788584510738e-17, 3.438015542854894e-18, 1.6338161856537725e-19, 6.545609772766999e-21, 3.0259555597983673e-22, 3.6752053694491845e-23, 1.763893542554106e-23, 1.8484695284968996e-23, 3.322800161748678e-23, 2.0913173263322186e-23, 2.1939311732882097e-23, 2.6629597401840316e-23, 1.792259619148801e-23, 2.026411794747885e-23, 4.199147790564709e-23, 1.6622986981449382e-23]
test_mses [21.056763065298654, 21.032213507640225, 18.737295757623105, 0.4246080335556247, 0.0298091369602619, 0.0047508964716380855, 0.0007251714545263674, 0.00010878172650469072, 1.9438570595906874e-05, 1.1286119794067556e-06, 6.890795033360364e-08, 7.824598239083087e-10, 4.753840259952994e-11, 1.1665559054653757e-12, 5.0289137806577324e-14, 2.1277876504402623e-15, 7.405784693934469e-17, 3.518713765062348e-18, 1.4125835997947365e-19, 6.5168471294807865e-21, 7.8029975418478055e-22, 3.7196159260631375e-22, 3.8936327340969666e-22, 7.007023128572725e-22, 4.413201040905177e-22, 4.62966751387336e-22, 5.605844812194973e-22, 3.7738043727680807e-22, 4.264109234825292e-22, 8.844057148352354e-22, 3.5055408239465836e-22]
test_rres [1.0000031543154257, 0.9988372754469905, 0.889849726800751, 0.02016498792271862, 0.0014156606547379438, 0.00022562401650867074, 3.443899424128262e-05, 5.166134476568267e-06, 9.231538509033538e-07, 5.359871960875505e-08, 3.272495752425231e-09, 3.715966645048553e-11, 2.257638194589826e-12, 5.54007081493519e-14, 2.3882728925822765e-15, 1.010504015054553e-16, 3.517068616457992e-18, 1.6710663710673939e-19, 6.7084767547055094e-21, 3.0949047892417763e-22, 3.705708294653619e-23, 1.76647647474124e-23, 1.8491185011524645e-23, 3.327693439492327e-23, 2.095865802282894e-23, 2.1986675268881603e-23, 2.66226222777619e-23, 1.7922110178257366e-23, 2.0250608661680114e-23, 4.2001161421971884e-23, 1.664810432000917e-23]
step_times_seconds [0.023501157760620117, 0.0847470760345459, 0.12871074676513672, 0.19289779663085938, 0.19485998153686523, 0.1548290252685547, 0.1498861312866211, 0.17241811752319336, 0.16326189041137695, 0.19532489776611328, 0.1820828914642334, 0.20549988746643066, 0.2126169204711914, 0.21001911163330078, 0.21535110473632812, 0.21922874450683594, 0.18640518188476562, 0.24584484100341797, 0.17772698402404785, 0.2145521640777588, 0.17301082611083984, 0.16004514694213867, 0.11417102813720703, 0.07680296897888184, 0.14575719833374023, 0.07655501365661621, 0.06751585006713867, 0.16813206672668457, 0.0751500129699707, 0.08248400688171387, 0.14772796630859375]
