date 2025-01-26T23:42:30.059438
sample_ratio 0.3
rank 16
seed 0
l2_regularization_strength 0
input_shape (100, 100, 100)
input_size 1000000
num_train_samples 300000
num_test_samples 1000000
num_iterations 10
max_num_richardson_iterations 1024
num_richardson_iterations [2, 2, 6, 8, 7, 4, 6, 5, 5, 5, 5, 5, 5, 5, 5, 6, 5, 6, 5, 6, 5, 5, 5, 5, 5, 5, 5, 5, 5, 5]
train_mses [21.035412900838814, 20.983032825527694, 20.31483924792458, 4.520192905866715, 0.4165040767116762, 0.053924735954142315, 0.03551324189759482, 0.011564350750021556, 0.005074206915929162, 0.0019166415619386134, 0.0008982815093991085, 0.00035976609423514293, 0.00017319354772720117, 8.211529928741599e-05, 3.325172352754028e-05, 1.572462366022182e-05, 5.41128250617766e-06, 2.1012559443975214e-06, 7.092464236063412e-07, 3.427125327800131e-07, 9.727919529681748e-08, 4.461046101669885e-08, 1.8049228741431657e-08, 7.939441127588665e-09, 3.672115877687891e-09, 1.5973559431835314e-09, 7.001062867672457e-10, 3.282720726497821e-10, 1.490176241463164e-10, 6.522926515649776e-11, 3.112848881595191e-11]
train_rres [0.9999994070554747, 0.9975093183417632, 0.965744161910023, 0.21488478723718465, 0.019800126182988095, 0.0025635201093492693, 0.0016882587951861084, 0.0005497559732969134, 0.00024122197796286714, 9.111494195581319e-05, 4.270327285718196e-05, 1.7102867560040185e-05, 8.233422650150544e-06, 3.903667162831131e-06, 1.5807488052581512e-06, 7.475305766764993e-07, 2.572461649835997e-07, 9.98912979923262e-08, 3.371676165359583e-08, 1.6292160804546267e-08, 4.624541389999151e-09, 2.1207301599195764e-09, 8.580396365084212e-10, 3.7743192669272106e-10, 1.7456817784548718e-10, 7.593646977932026e-11, 3.3282250029669644e-11, 1.560567788947768e-11, 7.084126966729982e-12, 3.1009244642191453e-12, 1.479812661877609e-12]
test_mses [21.056763065298654, 21.048074571842363, 20.470061768003678, 4.618716803141965, 0.426049354525797, 0.055721482943769496, 0.036934085314495095, 0.01201868226791027, 0.005266008072093103, 0.0020163660452194514, 0.0009441736829793646, 0.0003785663265326316, 0.00018312611859790567, 8.72197545005311e-05, 3.5422365317922025e-05, 1.6817305853698805e-05, 5.853273210930994e-06, 2.2822189070068678e-06, 7.783794086784709e-07, 3.7817751124706785e-07, 1.0866920847906434e-07, 5.015434461818366e-08, 2.0568895092112795e-08, 9.052918249789216e-09, 4.221099434729721e-09, 1.8522130133942227e-09, 8.119228348008159e-10, 3.836266238710016e-10, 1.7520813388684868e-10, 7.668270838407485e-11, 3.6829792743358575e-11]
test_rres [1.0000031543154257, 0.9995905305500543, 0.9721402227662357, 0.2193466943474921, 0.020233437451835874, 0.002646259471795618, 0.0017540303655274232, 0.0005707771959704425, 0.00025008709393809707, 9.575889699765557e-05, 4.4839591834367533e-05, 1.79784290432612e-05, 8.696811360205572e-06, 4.142138530441364e-06, 1.6822375282177757e-06, 7.986678127418799e-07, 2.77976802790128e-07, 1.0838447005210683e-07, 3.6965884144624905e-08, 1.795996388264729e-08, 5.160790902145418e-09, 2.381871452192037e-09, 9.768338993562275e-10, 4.299306012740424e-10, 2.0046351551369903e-10, 8.796313327525358e-11, 3.855888929099381e-11, 1.821874676372239e-11, 8.320779694639313e-12, 3.641725465007372e-12, 1.7490774247651243e-12]
step_times_seconds [0.016101837158203125, 0.09583830833435059, 0.08756494522094727, 0.21793413162231445, 0.2947719097137451, 0.27822399139404297, 0.1526780128479004, 0.20388317108154297, 0.17919063568115234, 0.18765497207641602, 0.1744837760925293, 0.17698097229003906, 0.21196913719177246, 0.17557501792907715, 0.17895197868347168, 0.2034139633178711, 0.2245938777923584, 0.18574976921081543, 0.2156848907470703, 0.20762991905212402, 0.2187192440032959, 0.1819620132446289, 0.17210173606872559, 0.19565391540527344, 0.1791231632232666, 0.17012286186218262, 0.16452598571777344, 0.17911887168884277, 0.17541813850402832, 0.19132208824157715, 0.18853187561035156]
