date 2025-01-26T23:42:30.059438
sample_ratio 0.6
rank 16
seed 0
l2_regularization_strength 0
input_shape (100, 100, 100)
input_size 1000000
num_train_samples 600000
num_test_samples 1000000
num_iterations 10
max_num_richardson_iterations 1024
num_richardson_iterations [4, 4, 6, 6, 6, 6, 6, 6, 6, 7, 6, 6, 6, 6, 6, 6, 6, 6, 5, 7, 6, 5, 5, 4, 5, 5, 4, 3, 5, 4]
train_mses [21.051487559277096, 20.99969665668409, 18.994287593248597, 0.9814177646779754, 0.0384512695377191, 0.011654516734276376, 0.0011735133126531605, 0.0002258884028084261, 2.8226737080899232e-05, 4.7966857653375935e-06, 9.506066605068928e-08, 6.9284945041524985e-09, 1.905854705205111e-10, 1.0636095712708381e-11, 4.652133312347324e-13, 2.2102623387218307e-14, 1.2761615366461178e-15, 6.365346139695898e-17, 3.573509006227922e-18, 2.0441132387084948e-19, 1.1659379411260192e-20, 8.817448187632574e-22, 5.685677604575279e-21, 5.4543939888778e-21, 5.444512878383116e-21, 7.082819573766353e-22, 7.39990187142372e-22, 7.153918354797307e-22, 6.370285030971504e-22, 6.461155362068997e-22, 6.406950653077099e-22]
train_rres [1.000001817083913, 0.9975416110507008, 0.9022793308063634, 0.046619961902117917, 0.001826537877602737, 0.0005536206350593621, 5.5745012874787115e-05, 1.0730301724785377e-05, 1.340845310421303e-06, 2.2785536973629672e-07, 4.515635226072389e-09, 3.291219717513552e-10, 9.053318265212813e-12, 5.052429197431994e-13, 2.209887426037878e-14, 1.0499335729744839e-15, 6.062107734407247e-17, 3.0237092215646513e-18, 1.6975121067009118e-19, 9.710083181903044e-21, 5.538516251880176e-22, 4.1885231078551957e-23, 2.700848536199042e-22, 2.5909826489034466e-22, 2.5862888578249457e-22, 3.364528242434133e-23, 3.515150792469926e-23, 3.3983020600910584e-23, 3.026055326672938e-23, 3.069221158047388e-23, 3.043472475283868e-23]
test_mses [21.056763065298654, 21.04613234495112, 19.09810996168844, 0.9856489689492804, 0.03859919457677589, 0.011715162824781319, 0.0011793657148032848, 0.00022740629412272114, 2.8469638912143574e-05, 4.845645297292597e-06, 9.58526363629746e-08, 7.02849793371209e-09, 1.9409629459553233e-10, 1.0891471843060569e-11, 4.746374684606224e-13, 2.2735717961785237e-14, 1.3129716967620417e-15, 6.555355972503834e-17, 3.686037379481696e-18, 2.1100554135894904e-19, 1.2051914946239424e-20, 9.039226354722577e-22, 5.708243174879571e-21, 5.4904779326637036e-21, 5.491486063788005e-21, 7.07506795481183e-22, 7.418471456022289e-22, 7.190359947903664e-22, 6.373212354222197e-22, 6.475586617547701e-22, 6.440773658642052e-22]
test_rres [1.0000031543154257, 0.9994982925830117, 0.9069850928144269, 0.0468092875880516, 0.001833107786373019, 0.0005563628057061947, 5.600905662648317e-05, 1.079971364680772e-05, 1.3520467806983401e-06, 2.3012371687706877e-07, 4.552121255065496e-09, 3.3378920026860524e-10, 9.217794123178329e-12, 5.17245037350841e-13, 2.2540927308960953e-14, 1.0797381158208256e-15, 6.235411559779054e-17, 3.1131929584027556e-18, 1.750529744280039e-19, 1.0020828286030311e-20, 5.723554434462034e-22, 4.292803618135549e-23, 2.7108920600841216e-22, 2.6074735391838197e-22, 2.607952309021871e-22, 3.3600084922204877e-23, 3.52309366506899e-23, 3.41476161662124e-23, 3.02669144235529e-23, 3.075309829677572e-23, 3.058776866558434e-23]
step_times_seconds [0.02490520477294922, 0.1682579517364502, 0.2174360752105713, 0.25510191917419434, 0.2536787986755371, 0.25920701026916504, 0.24625515937805176, 0.23622393608093262, 0.24061203002929688, 0.2553830146789551, 0.28583288192749023, 0.2664456367492676, 0.2511260509490967, 0.2526519298553467, 0.24669218063354492, 0.23375701904296875, 0.22909307479858398, 0.23557615280151367, 0.22770094871520996, 0.2248058319091797, 0.2700660228729248, 0.2300727367401123, 0.19951677322387695, 0.19095301628112793, 0.15613579750061035, 0.20290398597717285, 0.18458008766174316, 0.1504671573638916, 0.10669684410095215, 0.19257307052612305, 0.1502058506011963]
