date 2025-01-26T23:42:30.059438
sample_ratio 0.1
rank 16
seed 0
l2_regularization_strength 0
input_shape (100, 100, 100)
input_size 1000000
num_train_samples 100000
num_test_samples 1000000
num_iterations 10
max_num_richardson_iterations 1024
num_richardson_iterations [2, 4, 4, 6, 8, 6, 6, 4, 4, 4, 4, 4, 4, 4, 6, 4, 6, 8, 6, 8, 8, 6, 10, 8, 8, 12, 8, 8, 14, 8]
train_mses [21.125926365770585, 21.066210653274517, 19.847298663689866, 9.338757963824687, 1.2031567633363769, 0.10187121567552668, 0.032208335409219455, 0.01136989797313462, 0.004890276093360718, 0.0015697219292953395, 0.0008459017979814903, 0.00028448873081914186, 9.199619023186981e-05, 3.289335578277627e-05, 1.1505973917896556e-05, 2.962282929827583e-06, 9.57546399501291e-07, 2.292969915043332e-07, 7.241647140950696e-08, 2.008434005475081e-08, 4.976905132947715e-09, 1.4814905801860812e-09, 7.608849176476962e-10, 2.0895800798520904e-10, 1.0120937217128237e-10, 4.396630868369315e-11, 2.0777482844127632e-11, 1.1003764075774318e-11, 7.033255931751679e-12, 4.402879451793091e-12, 3.264635541605096e-12]
train_rres [1.0000039778363847, 0.9971773112561131, 0.939479636034066, 0.44205375661098323, 0.05695189543245576, 0.004822113792255428, 0.0015245941394974234, 0.0005381985624616532, 0.00023148312937426618, 7.430340076995182e-05, 4.004109207779041e-05, 1.3466385215169207e-05, 4.354675604981781e-06, 1.5570198464981683e-06, 5.446397704680515e-07, 1.402208197650485e-07, 4.532583290717494e-08, 1.0853862672823203e-08, 3.427861965272941e-09, 9.50700082885423e-10, 2.355837488066762e-10, 7.012693539032772e-11, 3.601678483345657e-11, 9.89110894206954e-12, 4.790785171418151e-12, 2.081162397958203e-12, 9.835102676122101e-13, 5.208674713917594e-13, 3.3292191722720144e-13, 2.084120189333327e-13, 1.545327987643043e-13]
test_mses [21.056763065298654, 21.05398104854126, 21.102858836223454, 10.31443994763292, 1.2863194478938758, 0.10871197434605229, 0.034456796980235606, 0.012211585980885278, 0.00537244476263178, 0.0017689557778962368, 0.000963059179649899, 0.0003296153374836797, 0.00010728543277872155, 3.9245876511627244e-05, 1.370267104360686e-05, 3.641713756197023e-06, 1.2217242420038414e-06, 3.0069346999284e-07, 1.0248267015939113e-07, 3.1378853909423735e-08, 9.45854431572285e-09, 4.164163672598319e-09, 2.9020962434632827e-09, 1.8027663675169065e-09, 1.5370976377979857e-09, 1.3590494248232919e-09, 1.234876562145197e-09, 1.1894161706657513e-09, 1.1513645738395202e-09, 1.111826842906458e-09, 1.0971843544829978e-09]
test_rres [1.0000031543154257, 0.9998710340306448, 1.002192280734451, 0.4898413137215809, 0.06108837817864805, 0.005162821888662783, 0.0016363818864745883, 0.0005799383534026629, 0.00025514186071034513, 8.400917806098916e-05, 4.573647974552379e-05, 1.5653705945793156e-05, 5.095074245652841e-06, 1.8638192481815003e-06, 6.507512205774614e-07, 1.7294800877122606e-07, 5.802069823926833e-08, 1.428018245455933e-08, 4.8669870627432515e-09, 1.490207815461384e-09, 4.491941198000528e-10, 1.977595889154754e-10, 1.3782295923597455e-10, 8.561487102362945e-11, 7.299804255393393e-11, 6.454238514625093e-11, 5.864531283872672e-11, 5.648636111690305e-11, 5.467925920218953e-11, 5.280157954530557e-11, 5.210619561734478e-11]
step_times_seconds [0.02031993865966797, 0.08992195129394531, 0.15027594566345215, 0.14696121215820312, 0.1881699562072754, 0.2711949348449707, 0.2058277130126953, 0.20038819313049316, 0.12799572944641113, 0.14194798469543457, 0.1470651626586914, 0.14578795433044434, 0.12349677085876465, 0.13515686988830566, 0.14052796363830566, 0.2023921012878418, 0.12758922576904297, 0.1982131004333496, 0.27684903144836426, 0.20373988151550293, 0.28359007835388184, 0.2719857692718506, 0.21372294425964355, 0.3968539237976074, 0.2795729637145996, 0.27647900581359863, 0.4224870204925537, 0.2612318992614746, 0.25992393493652344, 0.5058753490447998, 0.26907896995544434]
