date 2025-01-26T23:42:30.059438
sample_ratio 0.3
rank 16
seed 0
l2_regularization_strength 0
input_shape (100, 100, 100)
input_size 1000000
num_train_samples 300000
num_test_samples 1000000
num_iterations 10
max_num_richardson_iterations 1024
num_richardson_iterations [2, 4, 6, 6, 6, 4, 4, 4, 4, 4, 6, 6, 6, 6, 6, 6, 6, 6, 6, 6, 6, 5, 6, 5, 4, 5, 5, 4, 3, 3]
train_mses [21.035412900838814, 20.983032825527694, 19.68525104520309, 3.627210585610729, 0.16338866782364958, 0.021393531116117626, 0.006903119150927183, 0.0011433614188623112, 0.00023155899089459468, 4.066737115402348e-05, 7.858408648645979e-06, 1.1117004246517177e-06, 1.213831179271991e-07, 8.258960965310795e-09, 9.195034602166013e-10, 7.812273213973196e-11, 9.408613373936026e-12, 9.351727843363051e-13, 1.0839419900943475e-13, 1.3344783885673724e-14, 1.451588679261339e-15, 1.8464098055659669e-16, 2.3190919865362205e-17, 2.6933043868269164e-18, 3.67381110641398e-19, 5.124471545722096e-20, 1.1148612829999578e-20, 9.426999804382704e-21, 7.292468719267364e-21, 7.114273517996319e-21, 1.3762307655574132e-20]
train_rres [0.9999994070554747, 0.9975093183417632, 0.9358142607296421, 0.17243343175504916, 0.007767309903230764, 0.0010170239363396275, 0.0003281663683190742, 5.435409070895036e-05, 1.100804888805986e-05, 1.9332801895657932e-06, 3.735797355673598e-07, 5.2848963351259286e-08, 5.770414230799508e-09, 3.926215333703181e-10, 4.371214006288378e-11, 3.713865099085856e-12, 4.472746905184378e-13, 4.445704176281851e-14, 5.152935920424244e-15, 6.343957228633738e-16, 6.900686121031144e-17, 8.777620479575912e-18, 1.1024697363325093e-18, 1.2803660201694575e-19, 1.7464876707513068e-20, 2.4361150082252027e-21, 5.299922693243673e-22, 4.481487603373294e-22, 3.466756003133727e-22, 3.3820440478936807e-22, 6.5424432409122635e-22]
test_mses [21.056763065298654, 21.048074571842363, 20.027500906742514, 3.6754174210268364, 0.16646459019330107, 0.02170132386221868, 0.007027193639852677, 0.0011690420927171496, 0.00023853658945771693, 4.221083032036021e-05, 8.21580535551904e-06, 1.1721785889753534e-06, 1.3091254705732655e-07, 8.788658712173014e-09, 9.823949528389003e-10, 8.511002895935077e-11, 1.0149120512550062e-11, 1.020378087552336e-12, 1.1861438595985555e-13, 1.453794122599861e-14, 1.599398287086939e-15, 2.026287729286905e-16, 2.5449856192023192e-17, 2.989441871722598e-18, 4.039978287842116e-19, 5.615412946810691e-20, 1.1933452357155663e-20, 9.616195393903313e-21, 7.383076665105814e-21, 7.231321955641541e-21, 1.3762693248280233e-20]
test_rres [1.0000031543154257, 0.9995905305500543, 0.9511226401555897, 0.1745486237868049, 0.00790554154781077, 0.0010306138815230812, 0.0003337272582707054, 5.551877924538328e-05, 1.132830061000534e-05, 2.004627365361616e-06, 3.9017541515201934e-07, 5.5667734055862723e-08, 6.217145512385827e-09, 4.1738069650688304e-10, 4.6654751662255104e-11, 4.041945913495554e-12, 4.81990156540402e-13, 4.8458602254410906e-14, 5.633095634842324e-15, 6.904188947829946e-16, 7.595675209593015e-17, 9.62300860086544e-18, 1.208634793010442e-18, 1.4197107561569117e-19, 1.9186192192406896e-20, 2.6668062143172172e-21, 5.667295567709927e-22, 4.566811003474807e-22, 3.5062843850989173e-22, 3.4342148140656635e-22, 6.536017248936379e-22]
step_times_seconds [0.019333839416503906, 0.07973909378051758, 0.15282797813415527, 0.2097151279449463, 0.20441508293151855, 0.23047709465026855, 0.14073681831359863, 0.1432039737701416, 0.15098309516906738, 0.15295886993408203, 0.1468038558959961, 0.22778606414794922, 0.20485997200012207, 0.2217850685119629, 0.23918700218200684, 0.21808099746704102, 0.2134549617767334, 0.2315809726715088, 0.23622870445251465, 0.21309733390808105, 0.21217608451843262, 0.2073221206665039, 0.16461706161499023, 0.209946870803833, 0.20231914520263672, 0.14879488945007324, 0.18977999687194824, 0.15711092948913574, 0.1517179012298584, 0.11496281623840332, 0.11334800720214844]
