date 2025-01-26T23:42:30.059438
sample_ratio 0.8
rank 16
seed 0
l2_regularization_strength 0
input_shape (100, 100, 100)
input_size 1000000
num_train_samples 800000
num_test_samples 1000000
num_iterations 10
max_num_richardson_iterations 1024
num_richardson_iterations [3, 4, 6, 6, 5, 5, 5, 5, 6, 6, 6, 6, 6, 6, 6, 6, 6, 6, 5, 6, 4, 2, 4, 2, 2, 3, 2, 2, 2, 4]
train_mses [21.061165638700185, 21.02178991463359, 18.693230470677058, 0.4244284932630664, 0.029157681526024836, 0.004720305989252752, 0.0006323599526320546, 9.473713408421493e-05, 6.21132339071347e-06, 3.6855586206746526e-07, 4.0670846254924705e-09, 1.9440001519245893e-10, 3.3425540525330924e-12, 1.2914648793422782e-13, 3.8097838924146285e-15, 1.2238380587912055e-16, 4.238833976329648e-18, 1.542854872812839e-19, 5.296429386109751e-21, 2.054961184661506e-22, 1.6333922303504527e-23, 8.101513311186827e-24, 2.55873176167909e-23, 6.705707783059644e-24, 7.457469377215736e-24, 8.827306071446733e-24, 8.862147361016076e-24, 8.943358877225352e-24, 1.1825862943322533e-23, 1.320620343899782e-23, 7.681483664060378e-24]
train_rres [1.0000025686291727, 0.9981329748049887, 0.887570935404687, 0.020152236146064994, 0.001384432225713017, 0.00022412425764767598, 3.0025003733331045e-05, 4.498202001445734e-06, 2.9491906819661064e-07, 1.7499354740061302e-08, 1.9310873586461632e-10, 9.230282780588149e-12, 1.5870739044817812e-13, 6.131988223213781e-15, 1.8089187197389148e-16, 5.810890163308533e-18, 2.0126354528703395e-19, 7.325609903565119e-21, 2.5147910051761314e-22, 9.75713547078669e-24, 7.755489197274046e-25, 3.846669391405184e-25, 1.214908223982827e-24, 3.1839287162788444e-25, 3.540871697521762e-25, 4.191282143141348e-25, 4.207825092217099e-25, 4.246385030543741e-25, 5.615023176993033e-25, 6.270420919424606e-25, 3.64723564057088e-25]
test_mses [21.056763065298654, 21.033376864156008, 18.735114158684983, 0.42516917091825773, 0.029206721571756605, 0.00472758931773509, 0.0006336249101076304, 9.491062824763864e-05, 6.233825055670919e-06, 3.689560443916601e-07, 4.103538156696797e-09, 1.9660299101009468e-10, 3.3898027988155007e-12, 1.3085201810653913e-13, 3.8838590574136676e-15, 1.2458797789726576e-16, 4.309006953815094e-18, 1.5777431311643638e-19, 5.4088167641597376e-21, 2.0915430573340253e-22, 1.650930800867696e-23, 8.115206609499803e-24, 2.559423915188121e-23, 6.699172301158071e-24, 7.455646570482742e-24, 8.834339728180815e-24, 8.870980074451705e-24, 8.953714291963897e-24, 1.1832634600001412e-23, 1.3217984104526003e-23, 7.695224418012552e-24]
test_rres [1.0000031543154257, 0.9988925242134685, 0.8897461208565322, 0.020191636801793582, 0.001387051447955054, 0.0002245171404257309, 3.0091372866548022e-05, 4.5073845078358556e-06, 2.9604952574096116e-07, 1.7522028768203236e-08, 1.9488043284834782e-10, 9.33683921637238e-12, 1.6098454832828223e-13, 6.214270942276114e-15, 1.8444769009776185e-16, 5.916786473813098e-18, 2.0463831655509404e-19, 7.492833076817844e-21, 2.5686919725034087e-22, 9.932911569715141e-24, 7.840407394548286e-25, 3.853978972102802e-25, 1.2154916596066836e-24, 3.1814925265036616e-25, 3.540748435466134e-25, 4.195501258706686e-25, 4.2129020632522255e-25, 4.252193229812558e-25, 5.619416378086806e-25, 6.277330355680519e-25, 3.6545259436666863e-25]
step_times_seconds [0.025279998779296875, 0.13037991523742676, 0.18652701377868652, 0.27435803413391113, 0.22207212448120117, 0.1986849308013916, 0.20194315910339355, 0.18861818313598633, 0.20736098289489746, 0.2536749839782715, 0.2268970012664795, 0.23402810096740723, 0.2510409355163574, 0.2601170539855957, 0.23030400276184082, 0.2292947769165039, 0.28039097785949707, 0.24811816215515137, 0.242570161819458, 0.21566510200500488, 0.2458491325378418, 0.1662280559539795, 0.08364701271057129, 0.17275595664978027, 0.08767008781433105, 0.07501792907714844, 0.1195840835571289, 0.07042598724365234, 0.06723928451538086, 0.08066797256469727, 0.14988017082214355]
