date 2025-01-26T23:42:30.059438
sample_ratio 0.5
rank 16
seed 0
l2_regularization_strength 0
input_shape (100, 100, 100)
input_size 1000000
num_train_samples 500000
num_test_samples 1000000
num_iterations 10
max_num_richardson_iterations 1024
num_richardson_iterations [5, 7, 11, 12, 10, 11, 10, 11, 10, 10, 10, 11, 11, 11, 11, 11, 11, 11, 11, 11, 11, 6, 11, 10, 4, 7, 6, 3, 5, 6]
train_mses [21.053038058674616, 20.99139341537049, 19.159331700412974, 1.2805213762189116, 0.05753647677221586, 0.013308158050771653, 0.0013737585436034276, 0.00037211569096112096, 3.1974344345443045e-05, 4.249361291584449e-06, 6.900835386917344e-07, 1.2646615058618185e-07, 5.500231731633751e-09, 3.403952765758955e-10, 1.5196273915910423e-11, 9.582426287892914e-13, 6.678435389405912e-14, 3.85262517149437e-15, 2.9412486968951627e-16, 2.064822345993791e-17, 1.516045678303654e-18, 1.1215528399396487e-19, 1.0781752616812039e-20, 1.1370638500552791e-21, 5.533892668644778e-22, 4.536114830061751e-22, 2.7964502346542e-22, 2.722296313494822e-22, 3.558821463883116e-22, 2.682973447475523e-22, 2.5971764891634674e-22]
train_rres [1.0000010092909246, 0.9970729423131468, 0.9100516032106934, 0.06082365239015437, 0.0027329326381734516, 0.0006321259404692591, 6.525233680273614e-05, 1.76751718919154e-05, 1.518753565530368e-06, 2.018409679678199e-07, 3.277836829361772e-08, 6.007032233298567e-09, 2.612562266613784e-10, 1.616847977878915e-11, 7.218098029851967e-13, 4.5515691999618504e-14, 3.1721987635596275e-15, 1.8299634709141505e-16, 1.3970675668155536e-17, 9.8077266770031e-19, 7.201085203045705e-20, 5.327278508626599e-21, 5.121238782112317e-22, 5.400954458518122e-23, 2.628550919126021e-23, 2.154615118102746e-23, 1.328289555783994e-23, 1.2930670877508338e-23, 1.6904092634283517e-23, 1.2743890681709906e-23, 1.2336362586871377e-23]
test_mses [21.056763065298654, 21.0535686436358, 19.28048807693978, 1.2860432331072058, 0.05777014326162027, 0.013417576601152545, 0.0013819107781940822, 0.00037516930521216914, 3.232083998552323e-05, 4.283806881356235e-06, 6.965071504539694e-07, 1.2818334114183725e-07, 5.547325200728893e-09, 3.485816106780637e-10, 1.5578846604498062e-11, 9.928685096724545e-13, 6.949977892599627e-14, 4.020945849481735e-15, 3.0663916627179e-16, 2.164157834439737e-17, 1.588380337800588e-18, 1.173381728641864e-19, 1.1363097133679018e-20, 1.2106627976607003e-21, 5.676501751158026e-22, 4.567922929009549e-22, 2.821906935746483e-22, 2.7488367027645547e-22, 3.5667085043753504e-22, 2.698317027169384e-22, 2.6189559383403686e-22]
test_rres [1.0000031543154257, 0.9998514485794034, 0.9156463808748886, 0.06107526050918091, 0.0027435520506036023, 0.0006372118488873298, 6.56280897919182e-05, 1.7817101681348795e-05, 1.5349435160293927e-06, 2.0344154419888296e-07, 3.307770265055882e-08, 6.087533258317996e-09, 2.6344707785995433e-10, 1.6554430001108595e-11, 7.398523551213859e-13, 4.715214956895029e-14, 3.3006021834740764e-15, 1.9095805563010566e-16, 1.4562548505557455e-17, 1.0277765172951492e-18, 7.543350053982578e-20, 5.57248721571873e-21, 5.396429138340796e-22, 5.74953810668177e-23, 2.695817794516535e-23, 2.16934451107883e-23, 1.340147024583067e-23, 1.3054453644836991e-23, 1.6938594711059484e-23, 1.2814531512486937e-23, 1.243763911495738e-23]
step_times_seconds [0.021926164627075195, 0.21333098411560059, 0.2952461242675781, 0.4186680316925049, 0.4575619697570801, 0.35871386528015137, 0.4117891788482666, 0.37859177589416504, 0.43649983406066895, 0.37936878204345703, 0.3889789581298828, 0.3883230686187744, 0.41251587867736816, 0.43584632873535156, 0.4504859447479248, 0.38788294792175293, 0.4412810802459717, 0.4361710548400879, 0.4100821018218994, 0.43168091773986816, 0.46195197105407715, 0.4198930263519287, 0.22269606590270996, 0.39374208450317383, 0.3987281322479248, 0.14376020431518555, 0.28334999084472656, 0.23598694801330566, 0.14248991012573242, 0.2078077793121338, 0.2278881072998047]
