date 2025-01-26T23:42:30.059438
sample_ratio 0.1
rank 16
seed 0
l2_regularization_strength 0
input_shape (100, 100, 100)
input_size 1000000
num_train_samples 100000
num_test_samples 1000000
num_iterations 10
max_num_richardson_iterations 1024
num_richardson_iterations [2, 2, 4, 4, 4, 4, 2, 2, 2, 2, 2, 2, 2, 2, 2, 2, 2, 2, 2, 2, 2, 2, 2, 2, 2, 2, 2, 2, 2, 2]
train_mses [21.125926365770585, 21.066210653274517, 20.822192526281167, 10.60578395440334, 2.801306546388043, 0.29218186180512606, 0.13154633534820875, 0.12049778514160729, 0.11068399860669544, 0.10941861974889447, 0.10087255456490787, 0.09313096500630874, 0.09222704264849002, 0.08549303307832636, 0.07926721596486995, 0.07857723462016296, 0.0731774955635838, 0.0680791992419852, 0.06751687453307258, 0.06311826082383114, 0.05887802060419979, 0.058391370252837076, 0.054762139590475434, 0.051194449138977846, 0.05075040424054896, 0.04772755031295597, 0.04470194660417407, 0.0442768458893418, 0.04174105161894338, 0.0391605662559328, 0.038736007352172384]
train_rres [1.0000039778363847, 0.9971773112561131, 0.9856266178837786, 0.5020289268668852, 0.13260093976593618, 0.01383054257588336, 0.00622679717520683, 0.005703809734815671, 0.005239270315211808, 0.005179373112629427, 0.004774841778435131, 0.004408390612254832, 0.004365603094310125, 0.004046846120515934, 0.0037521446351966577, 0.0037194840986884063, 0.003463885340917166, 0.0032225554927715347, 0.0031959376329905114, 0.0029877275346473684, 0.002787014107307042, 0.002763978322804513, 0.002592187271562011, 0.0024233092502428098, 0.0024022902114996707, 0.00225920223989199, 0.0021159841063174696, 0.002095861797905842, 0.0019758289854521463, 0.001853680702670085, 0.0018335840410972147]
test_mses [21.056763065298654, 21.05398104854126, 20.951659623863158, 11.569531894220747, 3.096280420675898, 0.37652830836176987, 0.16527458983916402, 0.15272156364769965, 0.14081189682281148, 0.1387567874158787, 0.12893030051204576, 0.11942829398864294, 0.11785483544093, 0.11002183263182186, 0.10230464499881842, 0.10104271035423652, 0.09469312202122995, 0.0883223220244826, 0.08726871660129351, 0.08204492548365708, 0.07671261605708539, 0.07580232259781886, 0.07145376848166847, 0.06694461502611247, 0.0661341358179404, 0.06248304239618834, 0.05864305289164123, 0.0579000083875586, 0.05481507500560174, 0.05152829922726494, 0.050826650087359655]
test_rres [1.0000031543154257, 0.9998710340306448, 0.9950117046496358, 0.549446671945519, 0.14704492697757748, 0.01788164186884632, 0.007849027443335963, 0.007252873810949994, 0.0066872738488475076, 0.00658967499744651, 0.006123006978758198, 0.005671748802643378, 0.005597023950299355, 0.005225028145788524, 0.004858532500113272, 0.004798602176482406, 0.004497054956621482, 0.004194500377244602, 0.004144463781243326, 0.003896381605510907, 0.0036431458052209186, 0.003599915213330022, 0.0033933987692129244, 0.0031792553291758673, 0.0031407649989116304, 0.002967371542038416, 0.0027850072534164132, 0.0027497194532177254, 0.002603213406526543, 0.002447121696909459, 0.0024137997969121932]
step_times_seconds [0.020943880081176758, 0.0753171443939209, 0.06940698623657227, 0.13899803161621094, 0.13290071487426758, 0.13653874397277832, 0.15539312362670898, 0.07406210899353027, 0.07143878936767578, 0.07953000068664551, 0.060443878173828125, 0.06552290916442871, 0.07471299171447754, 0.06403112411499023, 0.07416486740112305, 0.07079696655273438, 0.06722497940063477, 0.06602120399475098, 0.060270071029663086, 0.055531978607177734, 0.06880497932434082, 0.06668925285339355, 0.06559109687805176, 0.0696868896484375, 0.059370994567871094, 0.05125713348388672, 0.06526780128479004, 0.05989670753479004, 0.05742621421813965, 0.06750893592834473, 0.0557401180267334]
