date 2025-01-26T23:42:30.059438
sample_ratio 0.4
rank 16
seed 0
l2_regularization_strength 0
input_shape (100, 100, 100)
input_size 1000000
num_train_samples 400000
num_test_samples 1000000
num_iterations 10
max_num_richardson_iterations 1024
num_richardson_iterations [3, 6, 11, 12, 11, 10, 11, 12, 11, 12, 11, 12, 11, 11, 11, 11, 11, 11, 11, 11, 11, 11, 11, 9, 12, 8, 4, 3, 3, 3]
train_mses [21.045985838180503, 20.978796433533518, 19.492781858529305, 2.2794259576631735, 0.1014091920204969, 0.016899607368217037, 0.0033307711161014385, 0.0005137231671511846, 2.9500668736660115e-05, 3.931301156459716e-06, 2.11587639513478e-07, 1.852903795642847e-08, 1.2671044884365516e-09, 1.1096490023201803e-10, 1.0063246564252001e-11, 1.0686796865392651e-12, 1.005530048709211e-13, 1.1979850357110213e-14, 1.2148661470520186e-15, 1.2995861425017117e-16, 1.5716950572096316e-17, 1.6138632777137648e-18, 1.8489888805743469e-19, 2.232825827045398e-20, 2.60235674736586e-21, 4.160177984338178e-22, 1.7040682118189068e-22, 1.4054889146548713e-22, 1.1667653421033513e-22, 1.2536368103509238e-22, 1.253672967594041e-22]
train_rres [1.000000046366253, 0.9968075417110226, 0.9261995571133473, 0.10830692754797931, 0.0048184578998665874, 0.000802984867600269, 0.00015826159421310204, 2.440955700153679e-05, 1.4017243160440148e-06, 1.8679577991578152e-07, 1.0053586985702187e-08, 8.804072642649098e-10, 6.020647153001147e-11, 5.272497388824527e-12, 4.781551744936953e-13, 5.077831679194596e-14, 4.7777761662639374e-15, 5.692226063764512e-16, 5.772436666648632e-17, 6.174983736808431e-18, 7.467909282880715e-19, 7.668271588469727e-20, 8.78547092315674e-21, 1.0609272227687675e-21, 1.236509844697479e-22, 1.976708627106871e-23, 8.096880345413591e-24, 6.678180773420283e-24, 5.543885685246471e-24, 5.956655478704563e-24, 5.956827279850263e-24]
test_mses [21.056763065298654, 21.049668346872703, 19.677568161143736, 2.289114134219924, 0.1024218339492735, 0.017027125610432303, 0.0033697987053233386, 0.0005208979540686282, 3.002260905436133e-05, 4.018127431213547e-06, 2.1790624206629123e-07, 1.9267696977434675e-08, 1.3329804109375032e-09, 1.169711522591432e-10, 1.0778181496401809e-11, 1.1456557169815167e-12, 1.07984733561514e-13, 1.2976460303674055e-14, 1.3141641182665688e-15, 1.4042108456407034e-16, 1.7143733228432927e-17, 1.7532644233103472e-18, 2.0040145611863274e-19, 2.4438687164596318e-20, 2.822547519338048e-21, 4.466984113005686e-22, 1.7775530875846736e-22, 1.4282404931634763e-22, 1.1913527196820773e-22, 1.2768809940275983e-22, 1.2600796926174234e-22]
test_rres [1.0000031543154257, 0.9996662202490201, 0.9345040436357037, 0.10871193011524165, 0.004864097900632932, 0.0008086323271318897, 0.00016003453732567235, 2.4737876164998864e-05, 1.425798621660768e-06, 1.9082420660736518e-07, 1.0348548289951579e-08, 9.150389209432457e-10, 6.330434604048529e-11, 5.5550571025715295e-12, 5.11864784761166e-13, 5.440814085186024e-14, 5.128284620221767e-15, 6.162628698096582e-16, 6.241074468470682e-17, 6.668713850319986e-18, 8.141701196908039e-19, 8.326398260845397e-20, 9.51723147696418e-21, 1.1606135366645731e-21, 1.3404512430473107e-22, 2.121407829603284e-23, 8.44174714335461e-24, 6.782832640778629e-24, 5.657832943695333e-24, 6.06401381709665e-24, 5.9842230422530684e-24]
step_times_seconds [0.01866316795349121, 0.11252498626708984, 0.26540684700012207, 0.4500739574432373, 0.45045900344848633, 0.403853178024292, 0.3741788864135742, 0.41629791259765625, 0.4467651844024658, 0.43738603591918945, 0.461245059967041, 0.42519497871398926, 0.4552619457244873, 0.3760709762573242, 0.4152030944824219, 0.4002518653869629, 0.4315907955169678, 0.4457511901855469, 0.38632988929748535, 0.42836833000183105, 0.4075031280517578, 0.4058561325073242, 0.4308149814605713, 0.4463479518890381, 0.3466920852661133, 0.4395418167114258, 0.28060388565063477, 0.14374923706054688, 0.1003570556640625, 0.11755490303039551, 0.1231679916381836]
