date 2025-01-26T23:42:30.059438
sample_ratio 0.6
rank 16
seed 0
l2_regularization_strength 0
input_shape (100, 100, 100)
input_size 1000000
num_train_samples 600000
num_test_samples 1000000
num_iterations 10
max_num_richardson_iterations 1024
num_richardson_iterations [2, 4, 5, 5, 4, 4, 4, 4, 4, 4, 5, 4, 5, 4, 4, 4, 4, 4, 4, 4, 5, 4, 3, 3, 4, 2, 3, 4, 2, 3]
train_mses [21.051487559277096, 21.00799583338754, 18.99051729471891, 1.0077234177045706, 0.03829300329629848, 0.012170714164501877, 0.0012222027214151227, 0.00024545940664889355, 1.8212984659437687e-05, 2.5260030733466525e-06, 3.498411320853472e-07, 5.310621947837012e-09, 6.770011589532496e-10, 1.3245955979426924e-11, 1.2023671863351288e-12, 4.3393245991120646e-14, 3.0613563754699398e-15, 1.94839435146317e-16, 1.0704616749975735e-17, 7.644014586287609e-19, 3.4461131440442615e-20, 6.364175293705769e-21, 3.563810284584393e-21, 3.4454727734878204e-21, 2.6147152884091743e-21, 2.365820155013925e-21, 2.3534558011492183e-21, 3.5826709521929725e-21, 3.3475942912616572e-21, 3.3416280478668707e-21, 1.883901907077474e-21]
train_rres [1.000001817083913, 0.9979358440834203, 0.902100231568363, 0.047869550595178306, 0.0018190198089361872, 0.0005781413900295764, 5.805788967732199e-05, 1.1659976615812212e-05, 8.651653572069255e-07, 1.1999188447816006e-07, 1.661838702804021e-08, 2.5226870940730264e-10, 3.2159361052982645e-11, 6.292182446082356e-13, 5.711564884674067e-14, 2.0612949426068957e-15, 1.4542259446469672e-16, 9.255392933030855e-18, 5.084978518036005e-19, 3.6311108441051366e-20, 1.6369956736868985e-21, 3.023153038485257e-22, 1.692904955192207e-22, 1.6366914805897388e-22, 1.2420595134684395e-22, 1.1238276854526054e-22, 1.117954287529081e-22, 1.7018642754430385e-22, 1.5901965904761682e-22, 1.587362465705103e-22, 8.949036617866522e-23]
test_mses [21.056763065298654, 21.037902067856383, 19.09457912156673, 1.0122476735747183, 0.0384444693824893, 0.012228683507709389, 0.0012282046755652245, 0.0002470287650364181, 1.837405057109678e-05, 2.546902215831036e-06, 3.5153605269164693e-07, 5.443804027735568e-09, 6.914290139372414e-10, 1.3506945863942202e-11, 1.241430518889784e-12, 4.4620954448421004e-14, 3.2162515803926996e-15, 2.0799426720101366e-16, 1.130511053410641e-17, 8.115412996230556e-19, 3.6827330488016106e-20, 6.518911153373499e-21, 3.573090382370286e-21, 3.453290584540308e-21, 2.6097588021266618e-21, 2.3676500750172967e-21, 2.3589159020599525e-21, 3.575474940601439e-21, 3.3509088411471126e-21, 3.3504764473678437e-21, 1.881358109248588e-21]
test_rres [1.0000031543154257, 0.9991074298929532, 0.9068174102865786, 0.04807248214666715, 0.001825759758480088, 0.0005807503291418628, 5.832845940762162e-05, 1.1731601076433472e-05, 8.72598911412376e-07, 1.209545000656472e-07, 1.6694738904412644e-08, 2.5853077143570813e-10, 3.283653773271154e-11, 6.414560693504352e-13, 5.895656568407192e-14, 2.119086160518236e-15, 1.5274245692420985e-16, 9.877820377022375e-18, 5.368890820936163e-19, 3.854076986874171e-20, 1.7489604902153284e-21, 3.09588501131907e-22, 1.6968902779330004e-22, 1.6399963596489702e-22, 1.239396115174977e-22, 1.1244166712567177e-22, 1.1202687400288288e-22, 1.6980227244279374e-22, 1.5913744199804594e-22, 1.591169072585974e-22, 8.934725806674263e-23]
step_times_seconds [0.023586034774780273, 0.0903780460357666, 0.18938112258911133, 0.19141507148742676, 0.1979689598083496, 0.13834691047668457, 0.14242887496948242, 0.15893101692199707, 0.17970991134643555, 0.16338586807250977, 0.15201210975646973, 0.18284106254577637, 0.16443109512329102, 0.1716139316558838, 0.16863512992858887, 0.15601372718811035, 0.1549220085144043, 0.16749119758605957, 0.17772507667541504, 0.144057035446167, 0.16746115684509277, 0.22013187408447266, 0.1759791374206543, 0.11998796463012695, 0.11913299560546875, 0.14987802505493164, 0.07413816452026367, 0.13122987747192383, 0.1652820110321045, 0.0908961296081543, 0.118865966796875]
