date 2025-01-26T23:42:30.059438
sample_ratio 0.7
rank 16
seed 0
l2_regularization_strength 0
input_shape (100, 100, 100)
input_size 1000000
num_train_samples 700000
num_test_samples 1000000
num_iterations 10
max_num_richardson_iterations 1024
num_richardson_iterations [3, 4, 7, 7, 6, 6, 6, 6, 6, 7, 7, 7, 7, 7, 7, 7, 7, 7, 7, 7, 4, 3, 3, 3, 3, 4, 2, 2, 4, 4]
train_mses [21.06396416056012, 21.019786538347418, 18.861473836352246, 0.6349720543982236, 0.03420242405090708, 0.008191025719229826, 0.0006261250164541858, 0.00010375167004998516, 1.1831459813582525e-05, 1.2399243717523041e-06, 4.106736471759998e-08, 1.431755191704428e-09, 4.36184778370828e-11, 1.6954773633771225e-12, 6.661044298383105e-14, 2.5704528982556203e-15, 1.2098044230028168e-16, 5.157285619280523e-18, 2.311686870289241e-19, 1.1444924106874186e-20, 5.825923817493751e-22, 9.36584584305529e-23, 7.660194274061501e-23, 4.6606463589415036e-23, 5.311725822334833e-23, 4.637805083780504e-23, 4.61442165022202e-23, 4.654670290681513e-23, 5.083102837361656e-23, 4.8728519958946964e-23, 4.3483826914482584e-23]
train_rres [1.0000014632796708, 0.9979041521315807, 0.8954393053554229, 0.030144989741714298, 0.0016237434624323535, 0.0003888649658988707, 2.9724980914207196e-05, 4.925560121392453e-06, 5.616928055959308e-07, 5.8864807054222575e-08, 1.9496531848233016e-09, 6.797188201846151e-11, 2.070766040553063e-12, 8.049196397272999e-14, 3.1622984138122875e-15, 1.2203100232956054e-16, 5.743487712299946e-18, 2.4483962878593256e-19, 1.0974621088949731e-20, 5.433422107424736e-22, 2.76582902346465e-23, 4.4463898041773265e-24, 3.6366400097712486e-24, 2.212619212245489e-24, 2.5217160238151485e-24, 2.2017754278514092e-24, 2.1906742563925394e-24, 2.2097821028775196e-24, 2.4131783726067338e-24, 2.3133628072553584e-24, 2.0643735534311804e-24]
test_mses [21.056763065298654, 21.03696817862366, 18.924832133591813, 0.6369925383094633, 0.034312246980792764, 0.008204925472141281, 0.0006277230203338208, 0.00010408606486979223, 1.1918769184589942e-05, 1.2422858096429112e-06, 4.124916090588283e-08, 1.4490867853243144e-09, 4.416275981352444e-11, 1.7251200602554095e-12, 6.799763112953721e-14, 2.62796842885948e-15, 1.23936339686863e-16, 5.289013737662171e-18, 2.3743525966686886e-19, 1.1766044746430054e-20, 5.972147604306849e-22, 9.490678672937644e-23, 7.667824377757633e-23, 4.6878329825468396e-23, 5.307491444182891e-23, 4.637679082694907e-23, 4.6165419619944906e-23, 4.6646371417231525e-23, 5.093382015331323e-23, 4.8847649530130223e-23, 4.3503946176441963e-23]
test_rres [1.0000031543154257, 0.9990630787181973, 0.8987559849438485, 0.030251304324861495, 0.0016295170870298267, 0.0003896587204605036, 2.9811087222836822e-05, 4.943133608299257e-06, 5.660322407193495e-07, 5.8997184151798026e-08, 1.9589568867175894e-09, 6.881833412416573e-11, 2.0973261170221836e-12, 8.192738344818142e-14, 3.22926393789242e-15, 1.2480440180436443e-16, 5.885839634365154e-18, 2.511796520898344e-19, 1.1275997544174458e-20, 5.587792303954301e-22, 2.836222463929528e-23, 4.507202070945264e-24, 3.6415134371392976e-24, 2.2262907907133452e-24, 2.52057173708325e-24, 2.2024722874146087e-24, 2.192434093363598e-24, 2.2152748933891678e-24, 2.4188893922915696e-24, 2.3198154179511744e-24, 2.066038510605877e-24]
step_times_seconds [0.017267942428588867, 0.1315748691558838, 0.18009328842163086, 0.2903878688812256, 0.27620697021484375, 0.23939108848571777, 0.2628350257873535, 0.23511695861816406, 0.22278189659118652, 0.23973917961120605, 0.2454206943511963, 0.2676968574523926, 0.2929849624633789, 0.26439809799194336, 0.2671172618865967, 0.2806270122528076, 0.29840683937072754, 0.2830350399017334, 0.27252888679504395, 0.2886378765106201, 0.2831292152404785, 0.16042780876159668, 0.1269209384918213, 0.11352014541625977, 0.11817693710327148, 0.10394501686096191, 0.1433408260345459, 0.0754251480102539, 0.07559394836425781, 0.16660308837890625, 0.17705416679382324]
