date 2025-01-26T23:42:30.059438
sample_ratio 0.6
rank 16
seed 0
l2_regularization_strength 0
input_shape (100, 100, 100)
input_size 1000000
num_train_samples 600000
num_test_samples 1000000
num_iterations 10
max_num_richardson_iterations 1024
num_richardson_iterations [2, 2, 4, 4, 4, 4, 4, 4, 4, 4, 4, 4, 4, 4, 4, 4, 4, 4, 4, 5, 4, 2, 3, 2, 2, 3, 2, 2, 3, 3]
train_mses [21.051487559277096, 21.00799583338754, 19.310676869481373, 1.069018200972051, 0.06812857791944141, 0.014246954156540514, 0.001990440397734706, 0.00039408113002909834, 3.221952971839256e-05, 3.212777416841216e-06, 2.057749991115903e-07, 8.756682718262113e-09, 5.136171896533721e-10, 2.3150723991538243e-11, 1.2865555194673986e-12, 7.363410613620293e-14, 4.181991337071478e-15, 2.731672620802652e-16, 1.4793749090559972e-17, 1.0588162975263834e-18, 9.533978989660225e-20, 3.737832796681201e-20, 3.4581937212778905e-20, 7.393645736849002e-20, 7.181354800764701e-20, 7.089693630532996e-20, 6.636725149944437e-20, 6.192086676169252e-20, 6.106902739790822e-20, 9.683406917610725e-20, 7.792641726876554e-20]
train_rres [1.000001817083913, 0.9979358440834203, 0.9173086654435354, 0.05078121631346305, 0.0032362891944308697, 0.0006767683283347487, 9.455122869237673e-05, 1.8719904947235604e-05, 1.5305136120788277e-06, 1.5261549786829898e-07, 9.77486139364762e-09, 4.159657888893679e-10, 2.4398186659857227e-11, 1.0997211476461273e-12, 6.111481925560021e-14, 3.4978164715539573e-15, 1.9865574460355473e-16, 1.2976173663685894e-17, 7.027425463586323e-19, 5.029659868467766e-20, 4.528894353358214e-21, 1.7755702907511786e-21, 1.6427342701404912e-21, 3.5121789616551094e-21, 3.411335103834149e-21, 3.3677936027741207e-21, 3.152621490877125e-21, 2.941406354431978e-21, 2.9009417122422386e-21, 4.599876605350061e-21, 3.701712700738034e-21]
test_mses [21.056763065298654, 21.037902067856383, 19.38929421385428, 1.0727305490563224, 0.06824242085557146, 0.014303154180202726, 0.002000920482092301, 0.00039650214259346787, 3.2469690001400726e-05, 3.2359400066525015e-06, 2.0847244094261156e-07, 8.916510973625848e-09, 5.226120011666879e-10, 2.3479758778109162e-11, 1.3363017196470263e-12, 7.691076639813316e-14, 4.3918485019890655e-15, 2.9006963600502394e-16, 1.5640625407507466e-17, 1.1234283899159406e-18, 9.945872876398904e-20, 3.76442560457225e-20, 3.4760325166703914e-20, 7.402989717680847e-20, 7.203181204833631e-20, 7.117235950465875e-20, 6.625283581457588e-20, 6.189009930262791e-20, 6.111146512999756e-20, 9.681351033374254e-20, 7.807973005213655e-20]
test_rres [1.0000031543154257, 0.9991074298929532, 0.9208136746220785, 0.05094486410186646, 0.00324088920514832, 0.000679268663113474, 9.502537438549384e-05, 1.8830215834062663e-05, 1.5420125268234926e-06, 1.5367747662796266e-07, 9.900529244877601e-09, 4.234525065159863e-10, 2.481927768428222e-11, 1.1150732317147554e-12, 6.346207774766548e-14, 3.652556129374825e-15, 2.085725304333357e-16, 1.3775647761083701e-17, 7.427862817504529e-19, 5.3352546641646255e-20, 4.723377576114677e-21, 1.7877569629691855e-21, 1.6507966919672787e-21, 3.515741259037865e-21, 3.420850537949031e-21, 3.3800344233355583e-21, 3.1464021602685117e-21, 2.9392121824041162e-21, 2.902234199307972e-21, 4.597753957427571e-21, 3.7080711835005906e-21]
step_times_seconds [0.016791820526123047, 0.08979320526123047, 0.08805418014526367, 0.1778240203857422, 0.16048598289489746, 0.1616201400756836, 0.16408085823059082, 0.16550707817077637, 0.15620183944702148, 0.1597881317138672, 0.15311217308044434, 0.16685891151428223, 0.16383695602416992, 0.14437389373779297, 0.16953706741333008, 0.17067813873291016, 0.14392518997192383, 0.1501619815826416, 0.17442870140075684, 0.1545400619506836, 0.1803269386291504, 0.1586618423461914, 0.08161520957946777, 0.10714507102966309, 0.07418584823608398, 0.06722688674926758, 0.13367819786071777, 0.08103299140930176, 0.08792686462402344, 0.11346793174743652, 0.10424089431762695]
