date 2025-01-26T23:42:30.059438
sample_ratio 0.5
rank 16
seed 0
l2_regularization_strength 0
input_shape (100, 100, 100)
input_size 1000000
num_train_samples 500000
num_test_samples 1000000
num_iterations 10
max_num_richardson_iterations 1024
num_richardson_iterations [3, 6, 9, 10, 8, 9, 8, 9, 8, 9, 9, 10, 9, 10, 9, 10, 9, 9, 9, 9, 9, 9, 9, 4, 3, 5, 3, 2, 6, 2]
train_mses [21.053038058674616, 20.995016942089975, 19.156608557546043, 1.292703656488596, 0.05877287910654697, 0.013633130066976206, 0.0013644681043984321, 0.0003972438427248242, 3.9884924573190625e-05, 1.0871489784073745e-05, 7.719098954224056e-07, 5.335619950753649e-08, 2.0937791354438988e-09, 1.759347587238368e-10, 7.886404136085113e-12, 8.294286479978953e-13, 4.564198549742477e-14, 4.325358651335367e-15, 2.9551747419768806e-16, 2.6961319492992306e-17, 2.2327843664304964e-18, 1.9537303585507268e-19, 1.86071788449089e-20, 2.555797148223862e-21, 1.5702195663547014e-21, 1.5842411014879682e-21, 1.1390379467714437e-21, 1.1146232723044458e-21, 1.4790875073338737e-21, 9.777386749685724e-22, 1.004204499756327e-21]
train_rres [1.0000010092909246, 0.9972450566828913, 0.9099222562913659, 0.06140230011459193, 0.0027916606744205204, 0.000647561828785718, 6.481104901539356e-05, 1.8868737260262087e-05, 1.8944992507743542e-06, 5.163863156600464e-07, 3.6665049117982396e-08, 2.534373101438427e-09, 9.945268910077633e-11, 8.356748123613472e-12, 3.745973419029539e-13, 3.9397139872216554e-14, 2.167954640858132e-15, 2.054507765019877e-16, 1.4036823171895076e-17, 1.2806392421685824e-18, 1.0605531675460515e-19, 9.280049392339545e-21, 8.83824822484411e-22, 1.213981431394243e-22, 7.45840646270086e-23, 7.525007535885628e-23, 5.41033124633896e-23, 5.294363664650922e-23, 7.02553710320223e-23, 4.644173724791607e-23, 4.769884092225093e-23]
test_mses [21.056763065298654, 21.045495675088734, 19.276659670758885, 1.2984110623108664, 0.0589917906665408, 0.013744499990083264, 0.001372727582819278, 0.00040025560113767796, 4.0156344318558494e-05, 1.0987833737768313e-05, 7.848015674358706e-07, 5.401804840803228e-08, 2.158066172309429e-09, 1.8222235611559082e-10, 8.211537066075427e-12, 8.659412238808411e-13, 4.796431884059816e-14, 4.520992946882842e-15, 3.1152885938594714e-16, 2.8436363745252815e-17, 2.3558106522128295e-18, 2.064096098974088e-19, 1.9605467805184453e-20, 2.6494845417126973e-21, 1.5940639004841323e-21, 1.5945397040383066e-21, 1.1515957969040397e-21, 1.1257649520893673e-21, 1.4799526128466431e-21, 9.815393280629456e-22, 1.0090294282747606e-21]
test_rres [1.0000031543154257, 0.9994680566028342, 0.9154645666879205, 0.061662618982909354, 0.0028015690997860113, 0.0006527377119621239, 6.519197222185194e-05, 1.9008470695560726e-05, 1.9070581199876969e-06, 5.218213437073654e-07, 3.727087779417106e-08, 2.565361951904999e-09, 1.0248835363908947e-10, 8.653890929830583e-12, 3.8997271054381767e-13, 4.11242674216945e-14, 2.277865310373082e-15, 2.147057073065143e-16, 1.47947640898155e-17, 1.3504665154055246e-18, 1.1187940311039905e-19, 9.802563686466486e-21, 9.31079937890535e-22, 1.2582621986135167e-22, 7.570341764881677e-23, 7.572601395450409e-23, 5.469024017743026e-23, 5.346351191852357e-23, 7.028417789071079e-23, 4.66141173315077e-23, 4.7919645006346076e-23]
step_times_seconds [0.019436120986938477, 0.13361692428588867, 0.24652719497680664, 0.3530392646789551, 0.3569049835205078, 0.31266307830810547, 0.33030009269714355, 0.30257511138916016, 0.35497212409973145, 0.2967109680175781, 0.336580753326416, 0.35553598403930664, 0.35953426361083984, 0.33964991569519043, 0.40291905403137207, 0.35506701469421387, 0.3964860439300537, 0.3549818992614746, 0.3519558906555176, 0.35851597785949707, 0.3379640579223633, 0.33344483375549316, 0.31253504753112793, 0.33178210258483887, 0.16716408729553223, 0.1012122631072998, 0.1866288185119629, 0.13379883766174316, 0.06386899948120117, 0.22507119178771973, 0.0583341121673584]
