date 2025-01-26T23:42:30.059438
sample_ratio 0.1
rank 16
seed 0
l2_regularization_strength 0
input_shape (100, 100, 100)
input_size 1000000
num_train_samples 100000
num_test_samples 1000000
num_iterations 10
max_num_richardson_iterations 1024
num_richardson_iterations [2, 3, 17, 26, 36, 13, 20, 13, 19, 16, 20, 16, 17, 14, 14, 13, 16, 17, 15, 15, 14, 14, 16, 15, 17, 19, 18, 19, 17, 20]
train_mses [21.125926365770585, 21.066210653274517, 20.62733309373312, 9.83544782590807, 1.6880798840454954, 0.07237219649006144, 0.049664489564128673, 0.019050322687097696, 0.013356389991497094, 0.005544129057644062, 0.0031652166323228874, 0.0013156898901605547, 0.0007729049368996001, 0.000414678604639567, 0.0002826501040379119, 0.00018939859885914843, 0.00013677293008404644, 8.29546667384257e-05, 4.4941411840805886e-05, 2.9027688865571565e-05, 1.8086805698939938e-05, 1.2231338856257927e-05, 8.427303131988412e-06, 5.131665163333748e-06, 3.3912869528488957e-06, 1.9516463402446185e-06, 9.57404282028149e-07, 5.558581219755846e-07, 2.811295268610986e-07, 1.5778488331619688e-07, 9.429599196209822e-08]
train_rres [1.0000039778363847, 0.9971773112561131, 0.9764028705179489, 0.4655647652756331, 0.07990592079721585, 0.0034257661946640056, 0.002350888016054615, 0.0009017544668256985, 0.0006322299382180954, 0.0002624335148808099, 0.00014982676585322457, 6.227869495424513e-05, 3.658575714063309e-05, 1.962897375402656e-05, 1.3379353098179276e-05, 8.965256669769599e-06, 6.474200078913095e-06, 3.9266915581475134e-06, 2.1273192868458533e-06, 1.3740369927635922e-06, 8.561460137719265e-07, 5.789752032053205e-07, 3.9890968606592705e-07, 2.429093753054444e-07, 1.6052789279471805e-07, 9.238194196949492e-08, 4.531910572106241e-08, 2.631176136204295e-08, 1.330737598346755e-08, 7.468809093943432e-09, 4.4635376183507985e-09]
test_mses [21.056763065298654, 21.05398104854126, 20.88179236944989, 10.671227473000464, 1.835664737819791, 0.08193842468803443, 0.05671930461752318, 0.022376100651812725, 0.015491993274907667, 0.006736816416749367, 0.003912564989173145, 0.0016581958282898537, 0.0009721851237595573, 0.0005330087404799891, 0.00035990926251668954, 0.00023965790250814949, 0.0001749933286397371, 0.00010861858898479412, 5.9562856894263916e-05, 3.947073428781985e-05, 2.5783785836237818e-05, 1.7392378007617977e-05, 1.2207247898187094e-05, 8.124675709563901e-06, 5.363089196038281e-06, 3.288795246065532e-06, 1.9427252854977117e-06, 1.1360285285766674e-06, 6.66319583973044e-07, 4.622869779466594e-07, 2.7771621129562503e-07]
test_rres [1.0000031543154257, 0.9998710340306448, 0.99169365075028, 0.5067854494219024, 0.0871772419337594, 0.003891323794335016, 0.002693646851237731, 0.001062659591300996, 0.0007357276184140462, 0.0003199370029430381, 0.0001858109586218945, 7.874909612746859e-05, 4.616987840549181e-05, 2.5313027463184853e-05, 1.70923895884623e-05, 1.1381552697419266e-05, 8.310578415173475e-06, 5.158386940350193e-06, 2.8286895089046974e-06, 1.8744979305966302e-06, 1.224493388963605e-06, 8.259784666203887e-07, 5.797323342548759e-07, 3.8584759263133143e-07, 2.5469755708804124e-07, 1.5618761581560601e-07, 9.22616361993288e-08, 5.3950937684299125e-08, 3.164407006380188e-08, 2.1954392263996742e-08, 1.3188973368742959e-08]
step_times_seconds [0.01421809196472168, 0.06397199630737305, 0.11821413040161133, 0.6072592735290527, 0.88336181640625, 1.2105417251586914, 0.4165828227996826, 0.5860800743103027, 0.4297971725463867, 0.617048978805542, 0.519507884979248, 0.7370932102203369, 0.504796028137207, 0.5262820720672607, 0.4491708278656006, 0.4733467102050781, 0.3682219982147217, 0.49747514724731445, 0.5573322772979736, 0.4833500385284424, 0.47725486755371094, 0.4702920913696289, 0.4426300525665283, 0.5369360446929932, 0.4767608642578125, 0.5331728458404541, 0.624237060546875, 0.5628581047058105, 0.5755398273468018, 0.5806028842926025, 0.6375329494476318]
