date 2025-01-26T23:42:30.059438
sample_ratio 0.6
rank 16
seed 0
l2_regularization_strength 0
input_shape (100, 100, 100)
input_size 1000000
num_train_samples 600000
num_test_samples 1000000
num_iterations 10
max_num_richardson_iterations 1024
num_richardson_iterations [3, 5, 8, 8, 7, 7, 7, 7, 8, 8, 8, 8, 8, 8, 8, 8, 8, 8, 8, 8, 8, 7, 3, 5, 2, 3, 5, 2, 4, 6]
train_mses [21.051487559277096, 21.001044102148754, 18.992665970822106, 0.9941596595830755, 0.03895943054356315, 0.012068744258129812, 0.0012343521730697798, 0.0002467849398891636, 3.352023243383889e-05, 3.065537137632517e-06, 2.3105066313025645e-07, 8.722910142315965e-09, 4.055258180817773e-10, 1.7443989895082805e-11, 9.042275797217869e-13, 5.009860050390404e-14, 2.8448291989133826e-15, 1.7168512402164832e-16, 1.0335050680840018e-17, 6.755429856670724e-19, 4.161618501537855e-20, 3.0548249000717345e-21, 6.321613163676926e-22, 5.954614266206798e-22, 4.03227496154257e-22, 5.349674978355435e-22, 5.149966078475855e-22, 3.7168024686906964e-22, 6.3459755725320315e-22, 3.5444402927866356e-22, 3.214970722217789e-22]
train_rres [1.000001817083913, 0.9976056183047864, 0.9022022994151826, 0.04722523590103669, 0.0018506768809764581, 0.000573297547456798, 5.8635021041412994e-05, 1.1722942980784888e-05, 1.5923004608832063e-06, 1.4562119182023278e-07, 1.097552286118035e-08, 4.143615014384856e-10, 1.9263558160169433e-11, 8.286360544905475e-13, 4.295322220023803e-14, 2.3798171695086357e-15, 1.351369759593581e-16, 8.155501386991814e-18, 4.909424776464231e-19, 3.2090093931992054e-20, 1.9768798056809604e-21, 1.451123319595862e-22, 3.002934891312542e-23, 2.8286006247650984e-23, 1.915438173749182e-23, 2.5412383253677697e-23, 2.4463712703888452e-23, 1.7655803239399695e-23, 3.014507685422719e-23, 1.6837036923645253e-23, 1.5271968572465908e-23]
test_mses [21.056763065298654, 21.040828605873486, 19.095118977088003, 0.998569763230861, 0.039100164733920646, 0.012130685788373325, 0.0012420166762453558, 0.00024840992955536974, 3.376754849919337e-05, 3.0887973033344e-06, 2.3265602312441457e-07, 8.841174696137105e-09, 4.130005084701771e-10, 1.7890807104659518e-11, 9.316312313225407e-13, 5.1756368067771175e-14, 2.9531786322435455e-15, 1.7817279248610768e-16, 1.0742943777809746e-17, 7.042424972565677e-19, 4.333971652813738e-20, 3.1725758169910083e-21, 6.426979274463521e-22, 5.984943124767541e-22, 4.0568520312970246e-22, 5.373494741834286e-22, 5.158498434780512e-22, 3.7282994076256086e-22, 6.375299364606428e-22, 3.5528757912863654e-22, 3.2274061714884296e-22]
test_rres [1.0000031543154257, 0.999246413612305, 0.9068430484733442, 0.047422906832271274, 0.0018568992749227597, 0.0005760963361160648, 5.8984402783377225e-05, 1.1797193725754599e-05, 1.603648904058823e-06, 1.4668954752431564e-07, 1.1049027634181502e-08, 4.1987472417168664e-10, 1.9613736922588777e-11, 8.496492781168403e-13, 4.4243940395408116e-14, 2.457952875433909e-15, 1.4024890427566647e-16, 8.461573792076499e-18, 5.101913162592093e-19, 3.3445060690269576e-20, 2.0582391083032813e-21, 1.5066825867097486e-22, 3.052225799023698e-23, 2.842299162794457e-23, 1.9266327000533344e-23, 2.5519172509411653e-23, 2.4498137203304917e-23, 1.7706003322049834e-23, 3.027682580908185e-23, 1.6872902008535222e-23, 1.5327219771324932e-23]
step_times_seconds [0.01799297332763672, 0.11951017379760742, 0.23695611953735352, 0.3108670711517334, 0.3283660411834717, 0.2483382225036621, 0.29384922981262207, 0.24682903289794922, 0.29563117027282715, 0.3098104000091553, 0.28875112533569336, 0.3306431770324707, 0.30739784240722656, 0.31856799125671387, 0.3152298927307129, 0.32065892219543457, 0.2957479953765869, 0.353654146194458, 0.31509971618652344, 0.28758716583251953, 0.30898094177246094, 0.3218052387237549, 0.2678370475769043, 0.11033296585083008, 0.2250533103942871, 0.07849717140197754, 0.11111879348754883, 0.17731690406799316, 0.0732119083404541, 0.1719369888305664, 0.22061610221862793]
