date 2025-01-26T23:42:30.059438
sample_ratio 0.6
rank 16
seed 0
l2_regularization_strength 0
input_shape (100, 100, 100)
input_size 1000000
num_train_samples 600000
num_test_samples 1000000
num_iterations 10
max_num_richardson_iterations 1024
num_richardson_iterations [2, 4, 7, 7, 5, 6, 6, 7, 6, 7, 6, 7, 6, 7, 6, 7, 6, 7, 6, 7, 6, 6, 6, 6, 3, 3, 4, 2, 3, 3]
train_mses [21.051487559277096, 21.00799583338754, 18.998875891408428, 1.0114731076481014, 0.03978178535980954, 0.012346224689409274, 0.0014744605841018016, 0.00028632744611940646, 8.779335669856013e-06, 1.1512318896921094e-06, 2.3064328845865077e-08, 2.966931989433211e-09, 1.2737094732172808e-10, 1.297723595732824e-11, 6.663142151796265e-13, 8.333203813303063e-14, 3.887856988369744e-15, 5.329091786636515e-16, 2.690174502185905e-17, 3.536064675336845e-18, 1.928607880788687e-19, 2.5293024162755007e-20, 1.4951669428414282e-21, 2.221778708858133e-22, 4.3082791578177584e-23, 4.587330123380707e-23, 2.639761231489332e-23, 2.1286066599332822e-23, 2.4728704147616542e-23, 2.3749656558526758e-23, 2.3517443917665414e-23]
train_rres [1.000001817083913, 0.9979358440834203, 0.9024972872089325, 0.0480476708703595, 0.0018897409285036696, 0.0005864786081634751, 7.00408110908359e-05, 1.3601317512320971e-05, 4.1704186452024326e-07, 5.4686585845080743e-08, 1.09561714775457e-09, 1.4093718423666036e-10, 6.050459778995368e-12, 6.164533267073583e-13, 3.165170271470112e-14, 3.958494112099609e-15, 1.84683578392483e-16, 2.531460760213599e-17, 1.2779046530007288e-18, 1.6797250506436465e-19, 9.16140191898757e-21, 1.2014861206877525e-21, 7.102441836830324e-23, 1.055404156005771e-23, 2.0465475298081283e-24, 2.1791041825559263e-24, 1.2539570045698227e-24, 1.0111449472615308e-24, 1.1746794145599189e-24, 1.1281720423210408e-24, 1.117141322417883e-24]
test_mses [21.056763065298654, 21.037902067856383, 19.09902563852253, 1.016004632911377, 0.03991146272821535, 0.012406773215069182, 0.0014863609055669467, 0.0002881226994224715, 8.866934321205415e-06, 1.1630020777241904e-06, 2.371504730651935e-08, 3.0447094873091822e-09, 1.3220740418925037e-10, 1.3447109997616274e-11, 6.974716167443745e-13, 8.664588099911841e-14, 4.0930444983407864e-15, 5.566695215564616e-16, 2.838029056922716e-17, 3.711042999267788e-18, 2.0421577458433293e-19, 2.6531424167617803e-20, 1.5942106847234813e-21, 2.338824567988482e-22, 4.4367413341650506e-23, 4.6238318942122283e-23, 2.651871228450348e-23, 2.144171694839666e-23, 2.4740299114788893e-23, 2.378973644356453e-23, 2.358578337049282e-23]
test_rres [1.0000031543154257, 0.9991074298929532, 0.9070285790672562, 0.048250903263704126, 0.0018954284900195234, 0.0005892079571523331, 7.058851303064695e-05, 1.3683186126892018e-05, 4.2109807014572876e-07, 5.523193392037577e-08, 1.1262472792098415e-09, 1.4459578055000073e-10, 6.278639352265023e-12, 6.386144143970329e-13, 3.3123505955161956e-14, 4.114884801565226e-15, 1.9438208030366765e-16, 2.643669759409078e-17, 1.3478035537373779e-18, 1.7624051206539667e-19, 9.698376626645318e-21, 1.2599993538333533e-21, 7.571038855416901e-23, 1.1107271987275519e-23, 2.1070452829278456e-24, 2.195896142677577e-24, 1.2593956559538554e-24, 1.0182849337214152e-24, 1.1749373385061227e-24, 1.1297943283173734e-24, 1.1201084276035951e-24]
step_times_seconds [0.026765108108520508, 0.07978963851928711, 0.17966794967651367, 0.2868220806121826, 0.25914597511291504, 0.1880629062652588, 0.26658201217651367, 0.2270059585571289, 0.2501099109649658, 0.23623085021972656, 0.27761101722717285, 0.22147774696350098, 0.2982749938964844, 0.22646188735961914, 0.2744109630584717, 0.22491812705993652, 0.3086409568786621, 0.2284097671508789, 0.2777681350708008, 0.21935582160949707, 0.26154088973999023, 0.22766709327697754, 0.2427539825439453, 0.22633004188537598, 0.2504258155822754, 0.11229705810546875, 0.12413716316223145, 0.14425325393676758, 0.07744097709655762, 0.09619808197021484, 0.11631894111633301]
