date 2025-01-26T23:42:30.059438
sample_ratio 0.9
rank 16
seed 0
l2_regularization_strength 0
input_shape (100, 100, 100)
input_size 1000000
num_train_samples 900000
num_test_samples 1000000
num_iterations 10
max_num_richardson_iterations 1024
num_richardson_iterations [3, 4, 6, 5, 4, 4, 4, 4, 5, 4, 5, 4, 5, 4, 5, 5, 5, 4, 3, 3, 3, 3, 2, 3, 3, 3, 3, 3, 3, 3]
train_mses [21.044558006892448, 21.00980502394018, 18.249898318412455, 0.17986064807319013, 0.021002466784304234, 0.0018805481893834051, 0.0004028144667856599, 2.3211975260864168e-05, 5.051161453974264e-06, 8.726552458637951e-08, 1.480482925583727e-08, 2.458702857308142e-11, 4.404774117091727e-12, 1.1618872197810764e-14, 9.401854603835107e-16, 7.115316132853585e-18, 2.629156193907758e-19, 4.046585445712274e-21, 9.702008687266019e-22, 8.3541163066708885e-22, 4.546962509382184e-22, 4.0537331136543363e-22, 2.4361987658557356e-21, 2.4476751377824656e-21, 2.35416273884235e-21, 7.1211120915591e-22, 8.192812005483283e-22, 7.667737439013082e-22, 3.0028896394585086e-21, 2.9621552061911297e-21, 2.947737350777589e-21]
train_rres [1.0000033238149972, 0.9983519183327167, 0.8672056201760576, 0.008546686788945724, 0.000998003217066361, 8.936060521498084e-05, 1.9141091275687368e-05, 1.1029954825173006e-06, 2.4002301409448047e-07, 4.146716439103062e-09, 7.035015161402741e-10, 1.1683357896023777e-12, 2.093077343940108e-13, 5.52109995039432e-16, 4.4676090848670547e-17, 3.3810830241802487e-19, 1.2493324553908187e-20, 1.9228718866361256e-22, 4.610237445600147e-23, 3.9697408097009376e-23, 2.160642965822876e-23, 1.9262683427162426e-23, 1.1576422097018295e-22, 1.1630955958305894e-22, 1.11866001788811e-22, 3.3838371699163153e-23, 3.893091617410736e-23, 3.6435846847638497e-23, 1.426924537699783e-22, 1.4075681945312746e-22, 1.4007170630743427e-22]
test_mses [21.056763065298654, 21.02929491456601, 18.277687945028802, 0.18025631325067032, 0.02102226554800394, 0.0018826368198683523, 0.0004040558381752732, 2.3208454738787724e-05, 5.050510285397793e-06, 8.749573589153063e-08, 1.4850233955491018e-08, 2.4710884279137747e-11, 4.428899207762544e-12, 1.171816163076076e-14, 9.44733891868433e-16, 7.180423884575488e-18, 2.6496283582349863e-19, 4.0759671221269416e-21, 9.719410362241464e-22, 8.353534818287706e-22, 4.553123022130659e-22, 4.05913449261657e-22, 2.4386775227103284e-21, 2.450584837686697e-21, 2.357659065808204e-21, 7.125100456752541e-22, 8.195414870519007e-22, 7.675031788720906e-22, 3.0000642909372864e-21, 2.960005891187405e-21, 2.94650739162507e-21]
test_rres [1.0000031543154257, 0.9986986690395705, 0.8680225703229469, 0.008560521922431726, 0.0009983648385874203, 8.940798509535835e-05, 1.9188947106534085e-05, 1.1021887777149353e-06, 2.398529251926434e-07, 4.155245115754408e-09, 7.052499356981503e-10, 1.1735404035478105e-12, 2.1033209920125094e-13, 5.565052214910578e-16, 4.486619661946231e-17, 3.410042897680992e-19, 1.2583304982735763e-20, 1.9357106153367351e-22, 4.615828648585141e-23, 3.967163016493277e-23, 2.162315912468223e-23, 1.9277166598775817e-23, 1.1581481956680164e-22, 1.1638030783766598e-22, 1.1196718580615916e-22, 3.3837693426436263e-23, 3.8920705409600976e-23, 3.644936296424634e-23, 1.4247554312041677e-22, 1.4057313646928596e-22, 1.3993208152180897e-22]
step_times_seconds [0.024391889572143555, 0.13048195838928223, 0.1902170181274414, 0.2641568183898926, 0.22459077835083008, 0.18346071243286133, 0.15830302238464355, 0.13448190689086914, 0.1478898525238037, 0.23673701286315918, 0.1644132137298584, 0.21415996551513672, 0.1359720230102539, 0.2292799949645996, 0.15851759910583496, 0.21334385871887207, 0.20978474617004395, 0.16245102882385254, 0.15097904205322266, 0.08964824676513672, 0.1152658462524414, 0.12042975425720215, 0.1209111213684082, 0.0753781795501709, 0.13388895988464355, 0.10814785957336426, 0.12553000450134277, 0.10045909881591797, 0.13568830490112305, 0.11461400985717773, 0.12282276153564453]
