date 2025-01-26T23:42:30.059438
sample_ratio 0.06
rank 2
seed 0
l2_regularization_strength 0
input_shape (100, 100, 100)
input_size 1000000
num_train_samples 60000
num_test_samples 1000000
num_iterations 10
max_num_richardson_iterations None
num_richardson_iterations None
train_mses [1.0104000869698597, 1.0072856727285766, 1.0042933104931546, 1.000683531210085, 0.9983968324369566, 0.9970479007328827, 0.9957503657775327, 0.9948625140384324, 0.9940798733956269, 0.9934297347852762, 0.9929254374329167, 0.9924757791511627, 0.9921083210039354, 0.9917728967086048, 0.9914810864307211, 0.9912185158376613, 0.990965772460028, 0.9907528097764668, 0.9905590559752534, 0.9903779099850211, 0.9902271473462196, 0.9900873019085078, 0.9899579060930414, 0.989844329030779, 0.9897314630117795, 0.989621752181479, 0.9895211590775222, 0.9894123465064131, 0.9893022793087336, 0.9892017705496585, 0.9890878224426717]
train_rres [1.0000116415236397, 0.9969292481846305, 0.9939676519717364, 0.9903949866949291, 0.9881317986536018, 0.9867967360134752, 0.985512541685538, 0.9846338184089891, 0.9838592244990835, 0.9832157702997628, 0.9827166578890925, 0.9822716227765066, 0.981907942656385, 0.9815759670315745, 0.9812871570059586, 0.9810272860368567, 0.980777141244501, 0.9805663681403439, 0.9803746064220883, 0.9801953228873937, 0.9800461103171926, 0.9799077027026948, 0.979779637272476, 0.9796672279546849, 0.9795555223695533, 0.9794469395329952, 0.9793473806787245, 0.9792396868658908, 0.979130751325951, 0.9790312759493686, 0.9789184994017555]
test_mses [1.0015767175707986, 1.0042629357686175, 1.0072293742373841, 1.0104599885150665, 1.0124342721929673, 1.0136589393237974, 1.0148043341847093, 1.015484184279484, 1.0162668642833235, 1.016864078261876, 1.0172899968404885, 1.0177741935986477, 1.0181337900912124, 1.0184972034823165, 1.0188214143181997, 1.0191078165226928, 1.0194384846979847, 1.0196870460409695, 1.0199199528068905, 1.0201812486236865, 1.0203637921290425, 1.0205425395649883, 1.0207305725713205, 1.0208633647940237, 1.021009884898446, 1.0211612161328019, 1.0212674264450272, 1.0214076046424656, 1.021556527465906, 1.021652439030916, 1.0218010550896226]
test_rres [1.0000059509543262, 1.002687956372639, 1.005649742594169, 1.0088752903193157, 1.0108464777402466, 1.0120692242331348, 1.0132128227783193, 1.0138916066683645, 1.0146730591999598, 1.0152693365714967, 1.0156945871846175, 1.0161780245799739, 1.016537057119567, 1.0168999005716812, 1.017223602949701, 1.0175095559913756, 1.0178397055817985, 1.018087877107555, 1.0183204186072252, 1.0185813046353962, 1.0187635618588935, 1.018942028966333, 1.019129767081656, 1.0192623510471317, 1.0194086413649737, 1.019559735267484, 1.0196657790107286, 1.0198057373675609, 1.0199544266362515, 1.0200501877837431, 1.0201985707687973]
step_times_seconds [0.1717071533203125, 0.14254498481750488, 0.14180207252502441, 0.14315080642700195, 0.14199280738830566, 0.14173388481140137, 0.14246392250061035, 0.14137005805969238, 0.14148306846618652, 0.1426997184753418, 0.14101219177246094, 0.1409621238708496, 0.1428821086883545, 0.14174103736877441, 0.1414179801940918, 0.14292621612548828, 0.14179110527038574, 0.14098310470581055, 0.14238286018371582, 0.14132404327392578, 0.1410961151123047, 0.14245223999023438, 0.1412830352783203, 0.14122891426086426, 0.14201998710632324, 0.14087390899658203, 0.14281415939331055, 0.14418506622314453, 0.1416161060333252, 0.14127802848815918, 0.14331316947937012]
