date 2025-01-26T23:42:30.059438
sample_ratio 1.0
rank 16
seed 0
l2_regularization_strength 0
input_shape (100, 100, 100)
input_size 1000000
num_train_samples 1000000
num_test_samples 1000000
num_iterations 10
max_num_richardson_iterations None
num_richardson_iterations None
train_mses [1.0015849629304976, 0.9998979540000982, 0.9983574647148385, 0.9967923177798441, 0.995774566466077, 0.9950469791014986, 0.994489810878619, 0.9940565290227724, 0.9936870619488873, 0.9933744103944462, 0.9931103197295736, 0.9928817268204233, 0.9926851567714858, 0.9925107563204913, 0.9923593173676829, 0.9922273767247723, 0.9921058057715126, 0.9919988010564744, 0.991903628723921, 0.9918131918673335, 0.9917319062971772, 0.9916581006458174, 0.9915865994872775, 0.9915214863591196, 0.9914615441390136, 0.9914030026305668, 0.9913489387752698, 0.9912988593978559, 0.9912496214407729, 0.9912035275707328, 0.9911607559713216]
train_rres [1.0000141833828777, 0.9983298201782257, 0.9967917468328535, 0.9952290545081872, 0.9942128993275564, 0.9934864530337746, 0.9929301586143978, 0.9924975562718255, 0.9921286686308838, 0.9918165074059558, 0.9915528309128515, 0.991324596504557, 0.9911283347352203, 0.9909542077953822, 0.9908030063433537, 0.9906712726221434, 0.9905498923278632, 0.9904430554276625, 0.9903480323532939, 0.9902577373282733, 0.9901765792377776, 0.9901028893353676, 0.9900315003116555, 0.9899664893000168, 0.9899066410869265, 0.989848191388768, 0.9897942123214833, 0.9897442114832495, 0.9896950507457524, 0.9896490291644456, 0.9896063246434711]
test_mses [1.001584962930498, 0.9998979540000981, 0.9983574647148388, 0.9967923177798446, 0.995774566466077, 0.9950469791014985, 0.9944898108786192, 0.9940565290227726, 0.9936870619488878, 0.9933744103944464, 0.9931103197295741, 0.9928817268204234, 0.9926851567714855, 0.9925107563204918, 0.9923593173676829, 0.992227376724773, 0.9921058057715129, 0.9919988010564741, 0.991903628723921, 0.9918131918673336, 0.991731906297177, 0.9916581006458179, 0.9915865994872771, 0.9915214863591195, 0.9914615441390141, 0.9914030026305665, 0.9913489387752698, 0.9912988593978563, 0.9912496214407728, 0.9912035275707335, 0.9911607559713217]
test_rres [1.0000141833828788, 0.9983298201782261, 0.9967917468328543, 0.9952290545081882, 0.9942128993275571, 0.993486453033775, 0.9929301586143986, 0.9924975562718262, 0.9921286686308848, 0.9918165074059566, 0.9915528309128525, 0.9913245965045576, 0.9911283347352206, 0.9909542077953833, 0.9908030063433543, 0.9906712726221445, 0.990549892327864, 0.9904430554276628, 0.9903480323532945, 0.9902577373282739, 0.9901765792377779, 0.9901028893353687, 0.9900315003116558, 0.9899664893000173, 0.9899066410869276, 0.9898481913887682, 0.9897942123214839, 0.9897442114832505, 0.9896950507457528, 0.9896490291644469, 0.9896063246434719]
step_times_seconds [2.706214189529419, 2.5712521076202393, 2.579926013946533, 2.5856850147247314, 2.561316728591919, 2.6003777980804443, 2.630887031555176, 2.662537097930908, 2.682328939437866, 2.6904189586639404, 2.667454242706299, 2.658270835876465, 2.679795742034912, 2.6198670864105225, 2.615082025527954, 2.6164259910583496, 2.6094658374786377, 2.6009738445281982, 2.623741865158081, 2.6565921306610107, 2.6539692878723145, 2.641998767852783, 2.6393020153045654, 2.6430819034576416, 2.6563239097595215, 2.6328210830688477, 2.6733710765838623, 2.649975061416626, 2.6474878787994385, 2.648369073867798, 2.658813238143921]
