date 2025-01-26T23:42:30.059438
sample_ratio 0.2
rank 16
seed 0
l2_regularization_strength 0
input_shape (100, 100, 100)
input_size 1000000
num_train_samples 200000
num_test_samples 1000000
num_iterations 10
max_num_richardson_iterations None
num_richardson_iterations None
train_mses [1.0058693838796928, 0.9979373797784776, 0.9897878552543468, 0.9811053583000765, 0.9758758925831149, 0.9718515643680878, 0.9690519481810426, 0.9668815747114557, 0.9649919285847156, 0.9635022666140829, 0.9622519264578763, 0.961146105206326, 0.9602004894927866, 0.9593806915463081, 0.9586422541028843, 0.9579770818342629, 0.9573894105475489, 0.9568531058186684, 0.95636814083611, 0.9559341262296404, 0.9555398930038187, 0.955184292337178, 0.954862378128631, 0.9545690252668261, 0.954301075842532, 0.9540538558042664, 0.9538220884356985, 0.9536055787254195, 0.9534016001540346, 0.9532033280637602, 0.9530149861647796]
train_rres [1.0000102312058812, 0.992124430740827, 0.9840223769014302, 0.9753904551769664, 0.9701914509081105, 0.966190564258956, 0.9634072557346459, 0.9612495246117905, 0.9593708856051929, 0.9578899008615025, 0.9566468438913505, 0.9555474640084776, 0.9546073564721679, 0.9537923338189899, 0.9530581977468877, 0.9523969000826024, 0.951812651959816, 0.9512794711865271, 0.9507973311074003, 0.9503658446202697, 0.949973907788688, 0.9496203784830313, 0.9493003394130718, 0.9490086953210457, 0.9487423066924284, 0.9484965267019179, 0.9482661093698648, 0.9480508608207944, 0.9478480704171887, 0.9476509532546478, 0.947463708440397]
test_mses [1.001584962930498, 1.006224732888563, 1.0114286285021945, 1.016592866953829, 1.0198208880330106, 1.0223124905025602, 1.023964732028813, 1.0252190458909363, 1.0264377451097628, 1.0273771648146333, 1.0281205416078778, 1.0288810094616412, 1.029548471242455, 1.030035738693087, 1.0305455389298517, 1.031039762410016, 1.031380254782931, 1.0317428164618716, 1.0321180983982707, 1.0323724836638228, 1.0326348528460467, 1.0329327299671847, 1.0331349476972604, 1.0333261791551496, 1.0335745479106921, 1.0337445525753792, 1.033892972466504, 1.0341114725127043, 1.0342630868445102, 1.0343914658745397, 1.034591024203341]
test_rres [1.0000141833828788, 1.0046466768182067, 1.0098424111942994, 1.014998550602479, 1.0182215091960218, 1.020709204100717, 1.022358854426729, 1.0236112011561236, 1.0248279890964482, 1.0257659355151636, 1.0265081464751475, 1.0272674216918454, 1.0279338366964463, 1.0284203399685274, 1.028929340688711, 1.029422789081226, 1.029762747462043, 1.0301247405377287, 1.0304994339217712, 1.0307534202364732, 1.0310153779467197, 1.0313127879089974, 1.031514688502249, 1.0317056200530166, 1.031953599293365, 1.03212333734078, 1.032271524465901, 1.0324896818398206, 1.0326410583958008, 1.0327692360897858, 1.032968481452485]
step_times_seconds [0.5606248378753662, 0.5073180198669434, 0.5077729225158691, 0.5077118873596191, 0.5054099559783936, 0.5067789554595947, 0.5086700916290283, 0.5057830810546875, 0.5063302516937256, 0.5118536949157715, 0.5129139423370361, 0.5091040134429932, 0.5129899978637695, 0.509289026260376, 0.5085737705230713, 0.5131528377532959, 0.5219571590423584, 0.5087840557098389, 0.5120809078216553, 0.5062639713287354, 0.5167100429534912, 0.5099320411682129, 0.5091028213500977, 0.5078651905059814, 0.5123813152313232, 0.5096440315246582, 0.5093357563018799, 0.5153439044952393, 0.5061960220336914, 0.5083897113800049, 0.515451192855835]
