date 2025-01-26T23:42:30.059438
sample_ratio 0.02
rank 4
seed 0
l2_regularization_strength 0
input_shape (100, 100, 100)
input_size 1000000
num_train_samples 20000
num_test_samples 1000000
num_iterations 10
max_num_richardson_iterations None
num_richardson_iterations None
train_mses [0.9945808387093031, 0.9761296014531113, 0.9615479055391688, 0.9423025105991898, 0.9292275520545118, 0.9189014229600428, 0.9112165736080197, 0.9054507790302434, 0.9003993657201168, 0.8962243564255539, 0.8927328926825874, 0.8899125068062973, 0.8875861508748399, 0.8855804081989099, 0.8838830970527699, 0.882304628096108, 0.8808499828104678, 0.8794826210376505, 0.8781307552203711, 0.8768051517925586, 0.8755346344881809, 0.874273381162579, 0.8730412323964607, 0.8719205467757871, 0.8708531774392239, 0.8698455327738251, 0.8689650641950424, 0.8681510318236677, 0.8674076725628816, 0.8667534854945992, 0.8661522533813102]
train_rres [0.9999896486428116, 0.9814380683763057, 0.9667770731046467, 0.9474270163018262, 0.93428095246042, 0.9238986669757945, 0.9161720252546697, 0.9103748746666295, 0.9052959903522099, 0.9010982761845325, 0.8975878248811381, 0.8947521009543343, 0.8924130936459539, 0.8903964431780301, 0.8886899015771798, 0.8871028484630112, 0.8856402924077639, 0.8842654945375962, 0.8829062768943247, 0.8815734644627699, 0.8802960377284604, 0.8790279253530451, 0.877789075815882, 0.8766622955920533, 0.8755891216012623, 0.8745759970811715, 0.8736907402669737, 0.8728722809589387, 0.8721248791017167, 0.8714671343804254, 0.8708626325980456]
test_mses [1.0015785389318956, 1.0198828014725452, 1.0347244683910821, 1.0549382735792197, 1.069271838795613, 1.0809358750349323, 1.0904022576789725, 1.0975908010750175, 1.1035751068004824, 1.1090905351546567, 1.1139882317044896, 1.1173511316091331, 1.1211355644027412, 1.1243570764363453, 1.1262785110120075, 1.1294146035233803, 1.1320318559936018, 1.133662234780345, 1.136784237800649, 1.1392120427938814, 1.1409408785219866, 1.1442663843873262, 1.146684982957829, 1.1485180090933609, 1.151834209083112, 1.1542323164892858, 1.156072374824792, 1.1591180815890807, 1.1613866438521132, 1.1631808562201973, 1.1658392269260829]
test_rres [1.000007769458994, 1.0182833255370893, 1.033101716360526, 1.0532838203621, 1.067594906336173, 1.0792406499390754, 1.0886921865133388, 1.0958694561609135, 1.1018443767364527, 1.107351155278204, 1.1122411708006097, 1.1155987966899812, 1.1193772943808753, 1.122593754136937, 1.124512175338552, 1.1276433495352949, 1.1302564973845373, 1.1318843192582397, 1.1350014260603762, 1.1374254235419445, 1.1391515479475924, 1.142471838442502, 1.144886643939717, 1.1467167953516153, 1.150027794565284, 1.1524221410343372, 1.1542593136176538, 1.1573002438187245, 1.1595652483094891, 1.161356646825333, 1.1640108484247629]
step_times_seconds [0.06400108337402344, 0.049574851989746094, 0.049233198165893555, 0.04979896545410156, 0.04967617988586426, 0.04949617385864258, 0.049803972244262695, 0.05009818077087402, 0.04937100410461426, 0.049739837646484375, 0.0497431755065918, 0.049691200256347656, 0.049900054931640625, 0.04954791069030762, 0.049484968185424805, 0.0496668815612793, 0.04984688758850098, 0.04927396774291992, 0.04960203170776367, 0.04947781562805176, 0.04919910430908203, 0.04946613311767578, 0.04955792427062988, 0.049276113510131836, 0.0496830940246582, 0.04957890510559082, 0.04940390586853027, 0.04969596862792969, 0.0494840145111084, 0.04939389228820801, 0.051043033599853516]
