date 2025-01-26T23:42:30.059438
sample_ratio 0.07
rank 8
seed 0
l2_regularization_strength 0
input_shape (100, 100, 100)
input_size 1000000
num_train_samples 70000
num_test_samples 1000000
num_iterations 10
max_num_richardson_iterations None
num_richardson_iterations None
train_mses [1.0120370822978548, 1.0013554366333726, 0.9914129080552888, 0.9795874925043222, 0.9727331808759718, 0.9670824031689402, 0.9628213560825486, 0.9598940445954234, 0.9572687208746676, 0.9551317188181582, 0.9534037108908755, 0.9518369767152874, 0.9505075226521753, 0.9493358033491243, 0.9482330619697172, 0.9472902326572842, 0.946434611464698, 0.9456166052796487, 0.9449073916461826, 0.944239717322231, 0.9435934137672446, 0.9430209516742397, 0.9424734508237202, 0.9419389206929846, 0.9414538457719892, 0.9409943382156769, 0.9405391722854607, 0.9401181150296017, 0.9397267127080785, 0.939331853151492, 0.9389649452615139]
train_rres [1.000029064869049, 0.9894741590143534, 0.9796496004776252, 0.9679644957892966, 0.9611915119056854, 0.9556077817786083, 0.9513972928472224, 0.9485047144820072, 0.9459105407393961, 0.943798894629214, 0.9420913898531209, 0.9405432452841944, 0.9392295654529161, 0.9380717488279969, 0.9369820916902002, 0.9360504492315043, 0.9352049801512988, 0.9343966797692272, 0.933695881093889, 0.9330361288560537, 0.9323974938188403, 0.9318318241002557, 0.9312908194541444, 0.9307626316276961, 0.9302833122152759, 0.9298292568057688, 0.9293794915081169, 0.9289634301787465, 0.9285766719221304, 0.9281864974512195, 0.9278239429949392]
test_mses [1.0015821733934822, 1.0110432453308318, 1.0197162195163083, 1.030639305759297, 1.0370351424728548, 1.0426276502064646, 1.0463023305701504, 1.0492708221365887, 1.0519793047374746, 1.0537801374967652, 1.0556586992541641, 1.0573664697661176, 1.0585251463799392, 1.0597688690236826, 1.0610568334413284, 1.0618939201421589, 1.0627628039599735, 1.063784936621088, 1.0644234114673174, 1.0650870068018936, 1.0659259176734548, 1.066448325206705, 1.0669946466179208, 1.0676993539159223, 1.0681637200054037, 1.0686325735472029, 1.069239275219248, 1.0696847184595561, 1.0700980089862804, 1.0706333729520026, 1.0710678528278716]
test_rres [1.0000113982206769, 1.0094576324169982, 1.0181170048303119, 1.0290229604642134, 1.0354087666263239, 1.040992503664393, 1.0446614210494272, 1.0476252571487683, 1.0503294920530213, 1.0521275005773527, 1.0540031161978818, 1.0557082084238274, 1.0568650678922298, 1.0581068400133873, 1.0593927845243452, 1.0602285584272424, 1.0610960795799005, 1.0621166092366385, 1.0627540827666868, 1.0634166373887743, 1.0642542326015665, 1.0647758208462899, 1.065321285464991, 1.066024887574864, 1.0664885254018583, 1.0669566436435267, 1.0675623938290648, 1.0680071384834742, 1.0684197808492029, 1.0689543052069048, 1.0693881036906523]
step_times_seconds [0.19809174537658691, 0.16755986213684082, 0.16730189323425293, 0.1687757968902588, 0.1674330234527588, 0.16718602180480957, 0.1686849594116211, 0.1682140827178955, 0.16750788688659668, 0.16863393783569336, 0.16712617874145508, 0.16903185844421387, 0.17126083374023438, 0.1680922508239746, 0.1674818992614746, 0.1689300537109375, 0.16736483573913574, 0.16732215881347656, 0.16958403587341309, 0.16736793518066406, 0.1674952507019043, 0.1685497760772705, 0.16700172424316406, 0.16843199729919434, 0.16951966285705566, 0.16824603080749512, 0.16828489303588867, 0.16938400268554688, 0.1679699420928955, 0.1679987907409668, 0.16922330856323242]
