date 2025-01-26T23:42:30.059438
sample_ratio 0.04
rank 2
seed 0
l2_regularization_strength 0
input_shape (100, 100, 100)
input_size 1000000
num_train_samples 40000
num_test_samples 1000000
num_iterations 10
max_num_richardson_iterations None
num_richardson_iterations None
train_mses [1.0091458409363845, 1.005503108392647, 1.0006572812957684, 0.9961042369187304, 0.993311796289131, 0.99132579570701, 0.9897556742920842, 0.988511821559666, 0.9873008722275805, 0.9861815237390791, 0.9850192860086827, 0.9839076606475253, 0.9828891353965727, 0.9820143198499658, 0.9812783285417039, 0.9806662411404417, 0.9801391192025168, 0.9796857410578, 0.9792949609658798, 0.9789302676647396, 0.9786064804403944, 0.9783209689820708, 0.9780455823333952, 0.9777938464780869, 0.9775680064294183, 0.9773517227596189, 0.9771446114312595, 0.9769589068066147, 0.9767846289384235, 0.9766107359870575, 0.9764557251930389]
train_rres [1.0000141003114809, 0.9964043307820134, 0.9916023534780655, 0.9870905095089548, 0.9843233376190218, 0.9823553083166318, 0.9807993948991321, 0.9795667977653274, 0.9783668062896408, 0.9772575867633282, 0.9761058660990167, 0.9750042998136227, 0.9739949911773895, 0.9731280918192482, 0.9723987604816829, 0.9717922118471296, 0.9712698598251273, 0.9708205842902163, 0.9704333403595682, 0.9700719471608499, 0.9697510898806521, 0.9694681620098308, 0.9691952673294568, 0.9689458094268918, 0.9687220130003277, 0.9685076864771505, 0.9683024492950784, 0.968118425107885, 0.9679457242766536, 0.9677734048791428, 0.9676197967747133]
test_mses [1.0015767175707986, 1.0049476271076114, 1.0097201759421608, 1.0141537242352947, 1.01701227218049, 1.01917506529128, 1.0206637467725965, 1.021766088577449, 1.0230893746987513, 1.0243499656562922, 1.0256229407043416, 1.0269510260175534, 1.0285138812160948, 1.0296230362694294, 1.0306550823979999, 1.0318137687367763, 1.0325278621613325, 1.0332147382606456, 1.033980110236984, 1.0344576701389019, 1.0349880174416421, 1.0355109432962533, 1.0358472340048648, 1.0362740611445045, 1.0366574038989596, 1.0369068329744373, 1.0372518337287684, 1.0375595236100261, 1.0377456796218703, 1.0380330554183712, 1.0382985888220466]
test_rres [1.0000059509543262, 1.00337157391441, 1.0081366379899257, 1.0125632331764935, 1.015417298078498, 1.017576699294132, 1.0190630460854218, 1.0201636590943903, 1.0214848699141932, 1.0227434838946756, 1.0240144625437733, 1.0253404650289428, 1.0269008692112722, 1.0280082847835468, 1.0290387123605107, 1.0301955815386163, 1.0309085550548394, 1.0315943539305832, 1.0323585255787509, 1.0328353365264065, 1.0333648520887284, 1.0338869578419323, 1.0342227211478903, 1.034648878897148, 1.0350316204575147, 1.035280658354905, 1.0356251180466713, 1.0359323253797774, 1.0361181894442912, 1.0364051145510949, 1.0366702315203637]
step_times_seconds [0.11726975440979004, 0.0971219539642334, 0.09608793258666992, 0.09723997116088867, 0.09618568420410156, 0.0960230827331543, 0.09680294990539551, 0.09603714942932129, 0.0959479808807373, 0.09726905822753906, 0.0966329574584961, 0.10189700126647949, 0.0981907844543457, 0.09603500366210938, 0.09596610069274902, 0.09680533409118652, 0.09618401527404785, 0.09571480751037598, 0.09655380249023438, 0.09595894813537598, 0.09574103355407715, 0.09650993347167969, 0.0959930419921875, 0.09584474563598633, 0.09663891792297363, 0.09613299369812012, 0.0961151123046875, 0.09666728973388672, 0.0960550308227539, 0.09604501724243164, 0.09681892395019531]
