date 2025-01-26T23:42:30.059438
sample_ratio 0.3
rank 16
seed 0
l2_regularization_strength 0
input_shape (100, 100, 100)
input_size 1000000
num_train_samples 300000
num_test_samples 1000000
num_iterations 10
max_num_richardson_iterations None
num_richardson_iterations None
train_mses [1.003944295870518, 0.99855728360104, 0.9935367218539852, 0.9879689327920324, 0.984547004064948, 0.9818600436600625, 0.9798207300038091, 0.9783119808262712, 0.9770345587599827, 0.9759531823894686, 0.9750904955900501, 0.9743245136712538, 0.9736753149642932, 0.9731208533040691, 0.9726222773937937, 0.9721869907014727, 0.9717969332833988, 0.9714456240444578, 0.9711328626728407, 0.9708481165156678, 0.9705911330682256, 0.9703581878221617, 0.9701448137210412, 0.9699509763322881, 0.9697705676127687, 0.9696036036629053, 0.9694506136160652, 0.9693045441408523, 0.9691675953550524, 0.9690408634358868, 0.9689180075841877]
train_rres [1.0000060431263478, 0.9946401629216074, 0.9896392957344589, 0.9840933478848545, 0.9806848426318168, 0.978008422581841, 0.9759771087046947, 0.9744742780184648, 0.9732018669980865, 0.9721247326293211, 0.9712654299605453, 0.9705024528204066, 0.9698558007772397, 0.9693035141482039, 0.968806894041607, 0.9683733148832774, 0.967984787574696, 0.9676348564446601, 0.9673233219671397, 0.9670396928065367, 0.9667837174486581, 0.9665516859955788, 0.9663391489141443, 0.96614607190685, 0.9659663708910723, 0.9658000619040753, 0.9656476720035524, 0.9655021755267758, 0.9653657639609527, 0.9652395291832425, 0.9651171552680383]
test_mses [1.001584962930498, 1.003575695637833, 1.0056572746146015, 1.0078733579797694, 1.0092815570249065, 1.0104027725110254, 1.0112195795375687, 1.0118840366257145, 1.0124659858761205, 1.0128790838154245, 1.0132825899926632, 1.0136309174735083, 1.0138993179857558, 1.0141435098887275, 1.0143553364634619, 1.0145693713124624, 1.0147270837703095, 1.0148757830664235, 1.015065891372201, 1.0151766666850044, 1.015296289011346, 1.0154607003508949, 1.0155476888297645, 1.0156485819906107, 1.0157817686932635, 1.0158546564427762, 1.0159406780816664, 1.0160439417601619, 1.0161061593624594, 1.0161799052461722, 1.0162591868743254]
test_rres [1.0000141833828788, 1.002001794036332, 1.0040801084855722, 1.0062927163808053, 1.0076987069560264, 1.0088181640467824, 1.0096336900798812, 1.0102971051040555, 1.0108781416870254, 1.0112905917673674, 1.0116934651283458, 1.0120412463293418, 1.0123092259107136, 1.0125530348490233, 1.0127645292174412, 1.0129782283969022, 1.01313569351527, 1.0132841596071909, 1.0134739697672799, 1.01358457135184, 1.0137040060752218, 1.0138681595694765, 1.0139550116248488, 1.0140557465555704, 1.014188724382335, 1.0142614978224376, 1.0143473845541198, 1.0144504862848225, 1.0145126063116363, 1.0145862365401324, 1.014665393831395]
step_times_seconds [0.8287928104400635, 0.7562339305877686, 0.7588460445404053, 0.762042760848999, 0.7563247680664062, 0.7552652359008789, 0.7690310478210449, 0.7586338520050049, 0.7582619190216064, 0.7616071701049805, 0.7570250034332275, 0.75335693359375, 0.7575008869171143, 0.7561919689178467, 0.7534756660461426, 0.7581820487976074, 0.7536849975585938, 0.7538471221923828, 0.7575640678405762, 0.7541451454162598, 0.761570930480957, 0.7571399211883545, 0.7548520565032959, 0.7548081874847412, 0.7570669651031494, 0.7553479671478271, 0.7540910243988037, 0.7617101669311523, 0.755547046661377, 0.7537200450897217, 0.7580690383911133]
