date 2025-01-26T23:42:30.059438
sample_ratio 0.8
rank 16
seed 0
l2_regularization_strength 0
input_shape (100, 100, 100)
input_size 1000000
num_train_samples 800000
num_test_samples 1000000
num_iterations 10
max_num_richardson_iterations None
num_richardson_iterations None
train_mses [1.001666328348003, 0.9996328764813011, 0.9977601377230871, 0.9958192686941042, 0.9945382384579023, 0.9935813218817365, 0.9928683643775871, 0.9923229263293244, 0.9918628990197256, 0.9914880415853705, 0.9911611996344603, 0.9908666598247517, 0.9906102557623673, 0.9903782935449915, 0.990161649612454, 0.9899685724704451, 0.9897926615205074, 0.9896284605845865, 0.9894825317254341, 0.9893494464837364, 0.989224820277461, 0.9891134477268031, 0.9890106755366213, 0.9889126114258661, 0.9888239720213404, 0.9887411355819044, 0.9886607075296935, 0.9885875940492777, 0.9885190400890997, 0.988451830339567, 0.9883907089263173]
train_rres [1.0000092451312033, 0.9979791572579443, 0.9961095166212084, 0.9941718584234205, 0.9928929474295696, 0.9919376139059167, 0.9912258358663065, 0.9906813001506969, 0.9902220338764972, 0.9898477965787541, 0.989521495331166, 0.9892274427864892, 0.9889714629001567, 0.9887398844240393, 0.9885235988913148, 0.988330841161951, 0.9881552212261709, 0.9879912919322206, 0.9878456044870564, 0.9877127394118096, 0.987588319377978, 0.9874771310738893, 0.9873745289024719, 0.9872766270217802, 0.9871881342557762, 0.9871054348548626, 0.987025139856915, 0.9869521473300722, 0.9868837067805317, 0.9868166082178731, 0.9867555879194011]
test_mses [1.001584962930498, 1.0002872236557425, 0.9991685101799588, 0.99803132917153, 0.9972448699124261, 0.9966923431145498, 0.9962873502370421, 0.9959520271268294, 0.995664042465023, 0.9954230093633915, 0.9952103534006271, 0.9950105093554118, 0.9948328605457498, 0.9946764465703989, 0.994534010962175, 0.9944028652748466, 0.9942879061905814, 0.9941912713609211, 0.9940957067791735, 0.9940135227982314, 0.9939492835199386, 0.9938786354279271, 0.9938188496576345, 0.9937730033212656, 0.9937186554591317, 0.9936734278498109, 0.9936370961430565, 0.9935940120350846, 0.9935591114323877, 0.9935283002073658, 0.9934938089796577]
test_rres [1.0000141833828788, 0.9987184793446597, 0.9976015203403512, 0.9964661227659157, 0.9956808969060389, 0.9951292366325472, 0.9947248789028826, 0.9943900816778447, 0.9941025486606153, 0.993861893569717, 0.9936495711139934, 0.9934500404829671, 0.9932726702788426, 0.9931165016065688, 0.9929742893792347, 0.9928433493668826, 0.9927285705722434, 0.9926320872943931, 0.9925366725859922, 0.9924546174936829, 0.9923904789614558, 0.9923199416664132, 0.992260249657777, 0.992214475221936, 0.9921602125932206, 0.9921150559140818, 0.99207878118612, 0.9920357646466901, 0.9920009187783941, 0.9919701558744273, 0.9919357187390998]
step_times_seconds [2.174355983734131, 1.9961049556732178, 2.024135112762451, 2.061574697494507, 2.039824962615967, 2.0632309913635254, 2.012986183166504, 2.0853161811828613, 2.0384039878845215, 2.1349260807037354, 2.109605073928833, 2.0984489917755127, 2.1107900142669678, 2.0948398113250732, 2.114835023880005, 2.0857651233673096, 2.0716421604156494, 2.072190284729004, 2.0776689052581787, 2.0612237453460693, 2.0563971996307373, 2.06429123878479, 2.054271936416626, 2.0708818435668945, 2.07409405708313, 2.068898916244507, 2.0654959678649902, 2.073441982269287, 2.074402093887329, 2.071742296218872, 2.081613779067993]
