date 2025-01-26T23:42:30.059438
sample_ratio 0.03
rank 4
seed 0
l2_regularization_strength 0
input_shape (100, 100, 100)
input_size 1000000
num_train_samples 30000
num_test_samples 1000000
num_iterations 10
max_num_richardson_iterations None
num_richardson_iterations None
train_mses [1.0058295279554412, 0.9939541209830812, 0.9819025899850126, 0.9674298314917525, 0.9575182813456607, 0.9507368494677623, 0.9463736431370792, 0.9422238072915895, 0.939306402428335, 0.9366601873564325, 0.9340973125196166, 0.9321393051184176, 0.9303961057906265, 0.9288557731299377, 0.9276351351661365, 0.9265863109816727, 0.925665715722422, 0.9249176815932447, 0.9242605032747009, 0.923661708764281, 0.9231547189391942, 0.9226875960297065, 0.9222505067960675, 0.9218639221098652, 0.921494712829665, 0.9211446168048232, 0.9208236404169203, 0.920513180776444, 0.9202151722423991, 0.9199334684445649, 0.9196623980022317]
train_rres [1.000008545010242, 0.9882018639397692, 0.9762200781166566, 0.9618310770375684, 0.9519768874707372, 0.9452347014075699, 0.9408967460254137, 0.9367709263009572, 0.933870405177423, 0.9312395044031971, 0.9286914615536128, 0.9267447856229782, 0.925011674618581, 0.9234802562419719, 0.922266682410384, 0.9212239280295207, 0.9203086604815318, 0.9195649554099008, 0.9189115803439738, 0.9183162512047087, 0.9178121954544758, 0.9173477759001928, 0.916913216209487, 0.9165288687839763, 0.9161617962087182, 0.9158137262757071, 0.9154946074571317, 0.915185944522978, 0.9148896606376397, 0.9146095871289918, 0.9143400854380005]
test_mses [1.0015785389318956, 1.0128393912448361, 1.025145793442679, 1.040134716602028, 1.050312642055469, 1.0575507412571628, 1.0623631697403697, 1.066565051599519, 1.0693412981468133, 1.0718687426611864, 1.074855170162327, 1.0768684151454107, 1.0787524667999655, 1.081012241853269, 1.0824550135325932, 1.0836745046523657, 1.0854221815564045, 1.0864258102318087, 1.0871530266032892, 1.088559286346014, 1.0893597650949605, 1.0898672787127897, 1.091032759021045, 1.0917325449638273, 1.092174679924678, 1.0931702730840696, 1.0937805488964496, 1.0942055765664394, 1.0950716869214532, 1.0955903645956178, 1.0959980973172372]
test_rres [1.000007769458994, 1.0112509614463938, 1.0235380635892313, 1.0385034797124217, 1.0486654431878666, 1.0558921909230246, 1.0606970721041897, 1.0648923641778187, 1.0676642567546992, 1.0701877374933588, 1.0731694813985864, 1.0751795690219241, 1.0770606659298374, 1.0793168969918, 1.0807574059811578, 1.0819749845804951, 1.083719920613576, 1.084721975304291, 1.085448051186801, 1.0868521055010059, 1.0876513288640453, 1.0881580465513838, 1.0893216990440275, 1.0900203875168126, 1.090461829080119, 1.0914558608568716, 1.092065179577442, 1.0924895406791466, 1.0933542927186086, 1.0938721569537617, 1.094279250230657]
step_times_seconds [0.09067010879516602, 0.07342386245727539, 0.07264399528503418, 0.07362699508666992, 0.07311296463012695, 0.08452296257019043, 0.08581805229187012, 0.07283997535705566, 0.07265615463256836, 0.07339715957641602, 0.07315731048583984, 0.07284402847290039, 0.0736839771270752, 0.07264089584350586, 0.07280206680297852, 0.07330894470214844, 0.07288312911987305, 0.07243204116821289, 0.07325887680053711, 0.07303214073181152, 0.07349300384521484, 0.07323503494262695, 0.07259392738342285, 0.07262492179870605, 0.07334685325622559, 0.0728600025177002, 0.07276725769042969, 0.07317495346069336, 0.07302093505859375, 0.07289481163024902, 0.07353591918945312]
