date 2025-01-26T23:42:30.059438
sample_ratio 0.05
rank 8
seed 0
l2_regularization_strength 0
input_shape (100, 100, 100)
input_size 1000000
num_train_samples 50000
num_test_samples 1000000
num_iterations 10
max_num_richardson_iterations None
num_richardson_iterations None
train_mses [1.008189600061824, 0.9935562070902482, 0.9787449200274094, 0.9636997122364027, 0.9536074307211515, 0.9458200515804082, 0.940323441840116, 0.9359080932927089, 0.9321994564046047, 0.9290997279310953, 0.9265980618539055, 0.9243525652624144, 0.9224756894849302, 0.9209300389533104, 0.9195213929732404, 0.9183362577649158, 0.9173022047941842, 0.9163439453126183, 0.9154978223407017, 0.9147245768523474, 0.9139853926292483, 0.913298964625488, 0.9126660633938456, 0.9120461597796241, 0.911457049403227, 0.9109158094461521, 0.9103783036732799, 0.9098641240082044, 0.9093897402742617, 0.9089152275892952, 0.9084647490935526]
train_rres [1.0000062140915416, 0.9854915990787286, 0.9708005339252851, 0.9558774467575712, 0.9458670834003281, 0.9381429137285198, 0.9326909194841919, 0.9283114099311114, 0.9246328757211911, 0.921558307470025, 0.9190769471955108, 0.9168496771015971, 0.9149880357590887, 0.9134549311363681, 0.9120577190113485, 0.9108822034408738, 0.9098565437868087, 0.9089060624128497, 0.9080668073463916, 0.9072998382233961, 0.906566653893373, 0.9058857975651143, 0.90525803353689, 0.9046431616255738, 0.904058833006089, 0.9035219862459595, 0.9029888433599891, 0.9024788372458579, 0.9020083040428001, 0.9015376429354026, 0.901090820933837]
test_mses [1.0015821733934822, 1.015052327358316, 1.0291049340376632, 1.0431883147504886, 1.0530925983474233, 1.061557078310183, 1.0675446270442983, 1.0721334324990415, 1.0766521502976618, 1.0804602141263617, 1.083225426758307, 1.085942398191779, 1.0882793512540176, 1.0900719784389632, 1.091792613186513, 1.093195887794261, 1.094460357934988, 1.095662217972451, 1.0966201827842452, 1.0976042978277025, 1.0985917356207004, 1.0994016789832914, 1.1002318092861276, 1.1011467227767164, 1.1019131612227422, 1.102608154234109, 1.1034647414430825, 1.1042050034901938, 1.1047458680717344, 1.1055171438040374, 1.1062202957829057]
test_rres [1.0000113982206769, 1.0134604270257546, 1.0274909950883298, 1.0415522889216553, 1.0514410396914373, 1.0598922448622434, 1.0658704033604425, 1.0704520122197665, 1.0749636433410081, 1.0787657350065871, 1.08152661097254, 1.0842393213963955, 1.0865726094294952, 1.0883624252482336, 1.0900803615348735, 1.09148143539567, 1.0927439224756395, 1.0939438976433848, 1.0949003600848468, 1.095882931746724, 1.096868820947094, 1.0976774940804825, 1.0985063224950617, 1.0994198011324408, 1.1001850375777578, 1.1008789406358521, 1.101734184464365, 1.1024732855630532, 1.1030133019099915, 1.1037833680552993, 1.1044854172852365]
step_times_seconds [0.14514684677124023, 0.12156391143798828, 0.12136292457580566, 0.12228918075561523, 0.12146615982055664, 0.12096571922302246, 0.12261414527893066, 0.1216890811920166, 0.12146902084350586, 0.12257599830627441, 0.12136697769165039, 0.12139201164245605, 0.12228775024414062, 0.12166404724121094, 0.12151312828063965, 0.12228608131408691, 0.12154221534729004, 0.1208961009979248, 0.12284111976623535, 0.12105894088745117, 0.12066793441772461, 0.12174415588378906, 0.12069892883300781, 0.12043523788452148, 0.12166595458984375, 0.12103390693664551, 0.12074780464172363, 0.12206792831420898, 0.12128996849060059, 0.12187314033508301, 0.12286114692687988]
