date 2025-01-26T23:42:30.059438
sample_ratio 0.02
rank 2
seed 0
l2_regularization_strength 0
input_shape (100, 100, 100)
input_size 1000000
num_train_samples 20000
num_test_samples 1000000
num_iterations 10
max_num_richardson_iterations None
num_richardson_iterations None
train_mses [0.9946105808828101, 0.9842996823122974, 0.9748560594278589, 0.9657826555344654, 0.9588575307700031, 0.9527859508175625, 0.948232943810615, 0.9450912003718484, 0.9424892949326013, 0.9403521190922074, 0.9388962009586603, 0.9375790889849275, 0.9365065241048199, 0.9357163671875043, 0.934983045513077, 0.9343917374489041, 0.9338862298772393, 0.9334004362365593, 0.932997395416755, 0.9326233948710906, 0.9322536740145643, 0.93194648142274, 0.9316452750210885, 0.9313392667216766, 0.9310824044981597, 0.930820485676221, 0.9305481794357953, 0.9303172745771672, 0.9300795292845578, 0.929832122695573, 0.929622705451874]
train_rres [1.0000195525626112, 0.9896525804298089, 0.9801576004718399, 0.9710348528597668, 0.9640720673218822, 0.957967468412429, 0.9533897008746447, 0.950230871752685, 0.9476148164209022, 0.9454660180180525, 0.9440021821927939, 0.942677907394231, 0.9415995096050707, 0.9408050555925194, 0.9400677459088698, 0.9394732221453723, 0.9389649654815587, 0.9384765299586233, 0.938071297289645, 0.9376952628239734, 0.9373235313215915, 0.9370146681301765, 0.9367118236835176, 0.9364041512250296, 0.9361458921126004, 0.9358825489025469, 0.9356087617843073, 0.9353766012002072, 0.9351375629819247, 0.9348888109264237, 0.9346782548129378]
test_mses [1.0015767175707986, 1.0127321110877257, 1.023856323743369, 1.0324632986169546, 1.0392161354877083, 1.0470185088155932, 1.0528415486655953, 1.0570605245541096, 1.0605762189510934, 1.0644231402490374, 1.0670523620695649, 1.0689068794688097, 1.071596187618669, 1.0730918493812722, 1.0743679921588192, 1.076175669399274, 1.0771899554098268, 1.0782775076476077, 1.0797616817185576, 1.0805839362221399, 1.0815767177808306, 1.0828780511810474, 1.0835959203263013, 1.0845372737013177, 1.0856823265565865, 1.0863871184628826, 1.087349057260321, 1.088353542003867, 1.089126382044679, 1.0901363856358763, 1.0910041504350552]
test_rres [1.0000059509543262, 1.0111438495360952, 1.0222506161573337, 1.0308440927650717, 1.0375863392032234, 1.045376476116925, 1.0511903837292838, 1.0554027430238169, 1.0589129237788644, 1.0627538119737567, 1.0653789104018465, 1.0672305193728409, 1.0699156098972413, 1.0714089260226856, 1.07268306743335, 1.0744879097046875, 1.0755006050167177, 1.076586451653002, 1.078068298102869, 1.0788892630697622, 1.07988048765523, 1.0811797801822656, 1.0818965234977467, 1.0828364005540447, 1.0839796576299514, 1.0846833442154284, 1.085643774410157, 1.0866466838264472, 1.0874183118269685, 1.0884267314357352, 1.0892931353247075]
step_times_seconds [0.06383085250854492, 0.04890799522399902, 0.048770904541015625, 0.0490109920501709, 0.04884600639343262, 0.04888486862182617, 0.049108028411865234, 0.049597978591918945, 0.04911494255065918, 0.049343109130859375, 0.04922986030578613, 0.04909181594848633, 0.04929518699645996, 0.04955697059631348, 0.04934501647949219, 0.04944586753845215, 0.049314022064208984, 0.04882097244262695, 0.04902386665344238, 0.049089908599853516, 0.048796892166137695, 0.0492708683013916, 0.049041032791137695, 0.05430197715759277, 0.05018186569213867, 0.04922914505004883, 0.049223899841308594, 0.04924583435058594, 0.049388885498046875, 0.04915499687194824, 0.049491167068481445]
