date 2025-01-26T23:42:30.059438
sample_ratio 0.05
rank 4
seed 0
l2_regularization_strength 0
input_shape (100, 100, 100)
input_size 1000000
num_train_samples 50000
num_test_samples 1000000
num_iterations 10
max_num_richardson_iterations None
num_richardson_iterations None
train_mses [1.008204496712676, 1.0004675912739294, 0.9933057434796485, 0.9849133571560944, 0.9797840613505948, 0.9758566586921292, 0.9728804650442523, 0.9708250256633172, 0.9689822273438595, 0.9674379061550603, 0.9661682909076243, 0.965059362059802, 0.9640495815265686, 0.9631884352772763, 0.962437262714379, 0.9616945581618762, 0.961027332113935, 0.9604306617641899, 0.9598252171678211, 0.959264630356711, 0.9587604292929779, 0.9582562008539296, 0.9577835498042649, 0.9573596922386056, 0.9569446024199604, 0.9565547532222858, 0.956205986271379, 0.9558708121438387, 0.9555580157057194, 0.9552786541101375, 0.9550147111298187]
train_rres [1.0000209898275938, 0.9923468841671995, 0.9852431684591427, 0.97691890239441, 0.9718312406300964, 0.9679357163522578, 0.9649836802054514, 0.9629449246444959, 0.961117084156296, 0.9595852980862376, 0.9583259881936702, 0.9572260604233981, 0.9562244761895989, 0.9553703197883813, 0.9546252444268557, 0.9538885683416318, 0.9532267581086121, 0.9526349308794158, 0.9520344006233807, 0.951478364045922, 0.9509782555377072, 0.9504781198763801, 0.950009305293555, 0.9495888881423337, 0.9491771675710979, 0.9487904827449409, 0.9484445467045818, 0.9481120931558422, 0.9478018356587943, 0.9475247416166186, 0.9472629410381675]
test_mses [1.0015785389318956, 1.0083356988749357, 1.0151353170533197, 1.0228031706872516, 1.0277073190762986, 1.03161705844182, 1.0347050386371788, 1.0369967958211095, 1.0390875598773068, 1.0407764481067265, 1.0424018870451643, 1.0437958207994726, 1.044888796949828, 1.0461165693632937, 1.0471142570245602, 1.0479333773530424, 1.0489562636034524, 1.049769227884415, 1.0504815113479542, 1.0513680473771958, 1.0520744364658816, 1.052710363433125, 1.0534362990063515, 1.0540457825154839, 1.0546039692870108, 1.0551603036245951, 1.0556719524092668, 1.056159023765179, 1.0565770647696278, 1.0569935756595212, 1.0574168468316045]
test_rres [1.000007769458994, 1.0067543321895844, 1.013543286568529, 1.0211991147546875, 1.0260955719979277, 1.029999179743208, 1.0330823170781864, 1.035370480113397, 1.0374579652371623, 1.0391442047935417, 1.0407670945660725, 1.0421588422226329, 1.0432501042652023, 1.0444759511707304, 1.0454720741645636, 1.0462899098716643, 1.0473111919358482, 1.0481228812499206, 1.0488340476436773, 1.0497191933239076, 1.050424474586923, 1.0510594042338082, 1.0517842013267324, 1.0523927289866197, 1.05295004035726, 1.0535055021991186, 1.0540163485681429, 1.0545026560530384, 1.0549200414463464, 1.0553358991247686, 1.0557585064832717]
step_times_seconds [0.1450350284576416, 0.12004399299621582, 0.11926484107971191, 0.12020111083984375, 0.11870193481445312, 0.11845588684082031, 0.12002801895141602, 0.11928081512451172, 0.11975479125976562, 0.12070894241333008, 0.11948418617248535, 0.11907410621643066, 0.11983990669250488, 0.11883401870727539, 0.11853170394897461, 0.12019824981689453, 0.11936521530151367, 0.118927001953125, 0.11991715431213379, 0.11910295486450195, 0.11866497993469238, 0.11974811553955078, 0.11852097511291504, 0.11823606491088867, 0.11957406997680664, 0.11933779716491699, 0.11925101280212402, 0.12017583847045898, 0.1192469596862793, 0.1198568344116211, 0.12074995040893555]
