date 2025-01-26T23:42:30.059438
sample_ratio 0.03
rank 2
seed 0
l2_regularization_strength 0
input_shape (100, 100, 100)
input_size 1000000
num_train_samples 30000
num_test_samples 1000000
num_iterations 10
max_num_richardson_iterations None
num_richardson_iterations None
train_mses [1.0058382561677188, 1.0005075633006029, 0.9938370351270528, 0.987297708331643, 0.9819530991096913, 0.9782854404582945, 0.9750608031016059, 0.9725122957112038, 0.970655004373225, 0.969150416467485, 0.9680040864459927, 0.9670588143688025, 0.9663181436556085, 0.9657191578403673, 0.9651690589972298, 0.9647292041296373, 0.9643233694749556, 0.9639324901524127, 0.963588890569992, 0.9632491353367865, 0.9629280698036294, 0.9626251744481868, 0.9623295338091666, 0.9620603700460915, 0.9618037537730342, 0.9615632583576248, 0.9613517045782404, 0.961152929885696, 0.9609737322116942, 0.9608167789113081, 0.9606704154172383]
train_rres [1.0000172227102078, 0.9947173798742384, 0.9880854556883965, 0.9815839735860397, 0.9762702949326039, 0.9726238619241866, 0.9694178863372472, 0.9668841277861295, 0.965037585050078, 0.9635417045647262, 0.9624020086371029, 0.9614622070819913, 0.9607258228124438, 0.9601303034754853, 0.9595833881896955, 0.9591460788704402, 0.9587425928807538, 0.9583539756730196, 0.9580123645859191, 0.957674575599839, 0.957355368151915, 0.9570542257264164, 0.9567602960325114, 0.9564926899863563, 0.9562375588148072, 0.9559984552055366, 0.9557881257399226, 0.955590501405429, 0.9554123407924552, 0.9552562958194339, 0.9551107793669146]
test_mses [1.0015767175707986, 1.0066775406884734, 1.0135686737117366, 1.0195993661487461, 1.025343399216067, 1.0294743799241215, 1.0330356069205513, 1.0358053340508326, 1.038446399316715, 1.040120180578337, 1.041301821215659, 1.042773797123361, 1.0436496297340685, 1.0444026546382295, 1.0453519153135247, 1.0459632598676054, 1.0465887970359902, 1.0473062272578437, 1.047894317591597, 1.0485163334797836, 1.0491436466107826, 1.0497544855839218, 1.050398282089556, 1.050971831617402, 1.0515710999616315, 1.0521904426920257, 1.0526816202962184, 1.0532306694492808, 1.0537591164093973, 1.0541537300461015, 1.0546434184061453]
test_rres [1.0000059509543262, 1.0050987744824247, 1.0119791001840794, 1.0180003347231685, 1.0237353594586982, 1.0278598615750727, 1.03141550352107, 1.0341808869052989, 1.036817810204741, 1.0384889664854875, 1.0396687539630531, 1.0411384213799773, 1.0420128804277788, 1.0427647243676061, 1.0437124963232127, 1.044322882109383, 1.0449474382516675, 1.0456637433321092, 1.0462509113674028, 1.046871951751891, 1.0474982810715587, 1.0481081620696868, 1.048750948913214, 1.049323598946857, 1.0499219274622218, 1.0505402988812147, 1.0510307061745867, 1.0515788942572335, 1.0521065124572273, 1.0525005072237876, 1.0529894276085832]
step_times_seconds [0.09088587760925293, 0.07253503799438477, 0.07364416122436523, 0.0736079216003418, 0.07459592819213867, 0.0724029541015625, 0.07323002815246582, 0.07255411148071289, 0.07254195213317871, 0.07319307327270508, 0.07272982597351074, 0.07269501686096191, 0.07308793067932129, 0.07233381271362305, 0.07202267646789551, 0.07259488105773926, 0.0721750259399414, 0.07174801826477051, 0.07244992256164551, 0.07215714454650879, 0.07206130027770996, 0.0726168155670166, 0.07216000556945801, 0.07203912734985352, 0.07266592979431152, 0.07221293449401855, 0.07221198081970215, 0.07288908958435059, 0.0723419189453125, 0.0722808837890625, 0.07281494140625]
