date 2025-01-26T23:42:30.059438
sample_ratio 0.04
rank 4
seed 0
l2_regularization_strength 0
input_shape (100, 100, 100)
input_size 1000000
num_train_samples 40000
num_test_samples 1000000
num_iterations 10
max_num_richardson_iterations None
num_richardson_iterations None
train_mses [1.0091464727691137, 0.9996280925573418, 0.9900999996670915, 0.9794582913094706, 0.9726556648826546, 0.9675550587595664, 0.9641482577486772, 0.9614200865648567, 0.9592066448668364, 0.9573646466531369, 0.9558899581867935, 0.9546204858413203, 0.9534690833016235, 0.952434725732607, 0.9515433349242357, 0.9506928200328563, 0.949890347724835, 0.9492269214034165, 0.94859047445303, 0.9480128929331649, 0.9475293950032007, 0.9470666646433403, 0.9466656923827872, 0.9463193031872803, 0.9459853679885544, 0.9457053969865822, 0.9454543466767301, 0.9452090906728563, 0.9450054206156566, 0.944815813249293, 0.9446288159689279]
train_rres [1.0000147264267685, 0.9905824778480441, 0.9811406044806757, 0.9705951927301314, 0.9638541231344274, 0.9587996722946058, 0.9554236993582427, 0.9527202153411531, 0.9505268030329938, 0.9487014730244602, 0.9472401289846911, 0.9459821440691999, 0.9448411605481631, 0.943816162860197, 0.9429328382295052, 0.942090019630446, 0.9412948088783647, 0.9406373858885214, 0.9400066981339189, 0.9394343431377288, 0.9389552203709074, 0.9384966772488615, 0.9380993333783118, 0.9377560786517392, 0.9374251652259787, 0.9371477276760297, 0.9368989491154338, 0.9366559124282565, 0.9364540853773499, 0.9362661937642698, 0.936080888618572]
test_mses [1.0015785389318956, 1.0100827915297785, 1.0193794117570558, 1.0294771486246235, 1.0358444030828926, 1.0410074584339626, 1.0446118186949014, 1.0475071484876721, 1.0500168634702656, 1.0521315725458358, 1.0538361669145258, 1.0555342230129643, 1.0569132966484958, 1.058206860155779, 1.0594800457408255, 1.0604922730075796, 1.0615438067075313, 1.0624492344539067, 1.0631800118348698, 1.0639324327191473, 1.064622113955183, 1.0651683287174685, 1.0657031880683905, 1.0662595250586764, 1.0667073867589192, 1.0671095744480223, 1.067566958023209, 1.0679601066558404, 1.0682807025111238, 1.0686668122188552, 1.0690242362019813]
test_rres [1.000007769458994, 1.008498684889744, 1.0177807252846, 1.0278626259334387, 1.0342198946656358, 1.0393748528287, 1.0429735603935724, 1.0458643494584066, 1.0483701284704023, 1.0504815210607137, 1.0521834421245213, 1.0538788351720068, 1.0552557460148233, 1.0565472808344005, 1.0578184696903115, 1.0588291094872582, 1.0598789940733648, 1.060783001842965, 1.0615126331502482, 1.0622638740174728, 1.0629524736306606, 1.0634978317676884, 1.0640318523019743, 1.0645873167923743, 1.0650344761138624, 1.065436033054482, 1.0658926993178162, 1.0662852313778608, 1.066605324444633, 1.0669908286188805, 1.0673476920561684]
step_times_seconds [0.11788678169250488, 0.09720683097839355, 0.09642410278320312, 0.09723210334777832, 0.09652209281921387, 0.0964667797088623, 0.09712386131286621, 0.09668469429016113, 0.0963592529296875, 0.0968320369720459, 0.096405029296875, 0.09630918502807617, 0.09723496437072754, 0.09636497497558594, 0.09640097618103027, 0.09710001945495605, 0.0962979793548584, 0.09578204154968262, 0.09676623344421387, 0.09599590301513672, 0.09572720527648926, 0.0968940258026123, 0.09622406959533691, 0.09620499610900879, 0.09697508811950684, 0.09655904769897461, 0.09659099578857422, 0.0972440242767334, 0.09645795822143555, 0.09628796577453613, 0.09769701957702637]
