date 2025-01-26T23:42:30.059438
sample_ratio 0.02
rank 1
seed 0
l2_regularization_strength 0
input_shape (100, 100, 100)
input_size 1000000
num_train_samples 20000
num_test_samples 1000000
num_iterations 10
max_num_richardson_iterations None
num_richardson_iterations None
train_mses [0.9945697490138131, 0.9891392825061812, 0.9846128057689173, 0.9800664166413677, 0.9772672885525142, 0.9750574315084707, 0.9732916357467236, 0.9720428114492825, 0.9708043581325947, 0.9700688517430921, 0.9694312577191319, 0.9688295566463841, 0.9684501333159162, 0.968062452739006, 0.9676790397308563, 0.9673809340593923, 0.9670415466561979, 0.9667131934489415, 0.9664192457580632, 0.966077701808394, 0.965763606751555, 0.9654614693144693, 0.9651224388123634, 0.9648283003840875, 0.9645281015006625, 0.9642150757679381, 0.9639589382562652, 0.9636910030541865, 0.9634359271092319, 0.9632360442008692, 0.9630327244486186]
train_rres [0.9999784986384429, 0.9945184997287709, 0.9899674067397279, 0.9853962930712284, 0.9825819425376797, 0.9803600676703822, 0.9785846690153509, 0.9773290532606422, 0.976083864886993, 0.9753443586071738, 0.9747032971678401, 0.9740983238756683, 0.9737168371345665, 0.9733270482417972, 0.9729415501260259, 0.9726418232721962, 0.9723005901849846, 0.9719704513007675, 0.9716749050397897, 0.9713315036781981, 0.9710157004842249, 0.9707119199388997, 0.970371045693705, 0.9700753076580462, 0.9697734762087807, 0.9694587481542071, 0.9692012176948083, 0.9689318253858499, 0.9686753622662673, 0.968474392338511, 0.9682699668763444]
test_mses [1.0015712181240313, 1.0072570630700406, 1.0117457032829875, 1.0165636988527722, 1.0196213546712793, 1.0224006324505002, 1.0250888422803204, 1.0265686757411667, 1.028546205928014, 1.0296782829945919, 1.0306425817010438, 1.0316781920754903, 1.0320580482099726, 1.0327424093292132, 1.0334544276910218, 1.033646418096026, 1.0342782960911685, 1.0349131989421094, 1.035094978928035, 1.0357729636623165, 1.0363571967024088, 1.036589770832478, 1.0373148480797802, 1.0378004199055821, 1.0381371656627778, 1.0388105498090703, 1.039161667085452, 1.0395716095008067, 1.0400381737609958, 1.0402404067848106, 1.0405871878181203]
test_rres [1.0000004601323076, 1.0056773880025993, 1.0101589887086606, 1.0149694282455757, 1.0180222887612367, 1.0207972078161813, 1.023481201743031, 1.0249587143901469, 1.026933143228544, 1.0280634448656094, 1.029026231268321, 1.0300602175013758, 1.0304394779098147, 1.0311227657497142, 1.0318336674574975, 1.0320253567651285, 1.0326562437898907, 1.033290150926589, 1.0334716458280788, 1.0341485672830644, 1.0347318840740671, 1.034964093459556, 1.0356880335726633, 1.0361728438791524, 1.0365090615200445, 1.037181389602115, 1.037531956223428, 1.0379412557286098, 1.0384070882789345, 1.0386090041419396, 1.038955241320684]
step_times_seconds [0.06433892250061035, 0.04894900321960449, 0.048120975494384766, 0.04838204383850098, 0.04842996597290039, 0.04826498031616211, 0.05059695243835449, 0.05019688606262207, 0.04865598678588867, 0.04875016212463379, 0.0483250617980957, 0.048216819763183594, 0.048490047454833984, 0.0482633113861084, 0.04836916923522949, 0.04843592643737793, 0.048303842544555664, 0.04821133613586426, 0.04822802543640137, 0.048066139221191406, 0.04818582534790039, 0.053071022033691406, 0.04964590072631836, 0.048185110092163086, 0.04873299598693848, 0.048703908920288086, 0.04851794242858887, 0.04852604866027832, 0.04822826385498047, 0.04826807975769043, 0.048393964767456055]
