date 2025-01-26T23:42:30.059438
sample_ratio 0.01
rank 16
seed 0
l2_regularization_strength 0
input_shape (100, 100, 100)
input_size 1000000
num_train_samples 10000
num_test_samples 1000000
num_iterations 10
max_num_richardson_iterations None
num_richardson_iterations None
train_mses [0.9984762865429347, 0.8355645754395339, 0.7052963770592321, 0.6027190764815792, 0.5363134321538522, 0.49057503539520064, 0.45641639873304973, 0.42945560225519447, 0.40928888702255334, 0.39248726807581247, 0.37990134696516853, 0.36922436945196874, 0.36003117002208007, 0.35205986924979277, 0.3449219339007491, 0.3383726016642176, 0.3323315970386191, 0.3269280314039099, 0.3218343075413189, 0.31708548589907243, 0.3128816131745511, 0.30885452944291825, 0.30511133242807936, 0.30180727168686305, 0.2986068399787288, 0.2956432802033687, 0.2929987359185454, 0.29041489363155004, 0.2880148705511446, 0.2858318649698787, 0.28370037353770555]
train_rres [1.0001407809681082, 0.8369574904205264, 0.7064721304582184, 0.6037238299807561, 0.5372074851524031, 0.49139284090801033, 0.4571772606197944, 0.43017151956384503, 0.40997118572099633, 0.3931415578956795, 0.3805346556202281, 0.36983987921707173, 0.36063135440649374, 0.35264676520074467, 0.34549693066715764, 0.3389366804677829, 0.33288560527901007, 0.3274730317139211, 0.32237081643787646, 0.31761407834607963, 0.31340319762065894, 0.30936940060147844, 0.30561996354804527, 0.3023103948235566, 0.29910462788532405, 0.2961361277535517, 0.2934871749221474, 0.2908990252808962, 0.28849500127919553, 0.2863083565522943, 0.28417331185035]
test_mses [1.001584962930498, 1.2020983992454626, 1.379943038582038, 1.5203418499962333, 1.639450682818419, 1.7555389785678932, 1.8502778062186647, 1.936728905368256, 2.0106269848896288, 2.08271045366376, 2.141719000998702, 2.1952746458286003, 2.2461001701585204, 2.2917679897783465, 2.3392464057795643, 2.3839885609773632, 2.422848116234454, 2.4676987653796756, 2.508289212253682, 2.541987851971361, 2.5824523204933847, 2.6194069065389955, 2.649305406187604, 2.6840317383687786, 2.7172155076352142, 2.7446841856392106, 2.7743985997254392, 2.804211988265994, 2.8300287649283318, 2.856168566971059, 2.883581138048913]
test_rres [1.0000141833828788, 1.2002131557068259, 1.377778882387498, 1.517957507207803, 1.6368795423788034, 1.7527857775668372, 1.8473760268959016, 1.9336915453175074, 2.007473730934502, 2.0794441516471487, 2.1383601562396186, 2.1918318100805623, 2.242577625052745, 2.288173824111462, 2.3355777800043835, 2.380249766354903, 2.419048378410083, 2.463828688557633, 2.504355477683033, 2.5380012680309525, 2.5784022763754457, 2.6152989067706627, 2.64515051678585, 2.6798223878734846, 2.7129541152383285, 2.7403797142832693, 2.770047527436333, 2.7998141598226947, 2.825590448192708, 2.8516892553443904, 2.879058835455337]
step_times_seconds [0.03709101676940918, 0.028905868530273438, 0.028687715530395508, 0.028912782669067383, 0.029167890548706055, 0.029015779495239258, 0.029103994369506836, 0.028909921646118164, 0.028845787048339844, 0.028946876525878906, 0.029454946517944336, 0.029155969619750977, 0.02905440330505371, 0.029056072235107422, 0.02901005744934082, 0.029001951217651367, 0.02911210060119629, 0.028800010681152344, 0.028974056243896484, 0.029015064239501953, 0.028987884521484375, 0.02889108657836914, 0.029024124145507812, 0.02902698516845703, 0.028917789459228516, 0.02962207794189453, 0.02886199951171875, 0.02886509895324707, 0.029107093811035156, 0.02907419204711914, 0.02916717529296875]
