date 2025-01-26T23:42:30.059438
sample_ratio 0.05
rank 1
seed 0
l2_regularization_strength 0
input_shape (100, 100, 100)
input_size 1000000
num_train_samples 50000
num_test_samples 1000000
num_iterations 10
max_num_richardson_iterations None
num_richardson_iterations None
train_mses [1.008174264469186, 1.005786048562833, 1.0038006422751617, 1.0019428184349268, 1.0006753904648311, 0.9998057707101988, 0.9990233266620616, 0.9984935301663829, 0.9979708976463112, 0.9975113979904802, 0.9970801970013816, 0.9966952794939089, 0.9963342858219955, 0.9960216014933618, 0.9957871434483453, 0.9955762735908549, 0.9954092356511216, 0.9952899293052264, 0.9951838529016498, 0.9950979264634836, 0.9950348309737752, 0.9949745124375046, 0.9949238041321825, 0.9948837691858483, 0.9948426049875937, 0.9948073916809738, 0.9947772202278972, 0.9947453989726349, 0.9947178419797834, 0.9946928410045436, 0.9946666346123306]
train_rres [0.9999910029765551, 0.9976221720078574, 0.995652881087731, 0.9938101370395793, 0.9925529966704153, 0.9916904355425523, 0.9909143425236716, 0.9903888463393723, 0.9898704559813227, 0.9894146860436287, 0.9889869850748877, 0.9886051919088387, 0.9882471283906878, 0.9879369820931427, 0.9877044271233772, 0.9874952688779023, 0.987329586770378, 0.9872112488235588, 0.9871060334327846, 0.9870208044519304, 0.9869582211027413, 0.986898392166704, 0.9868480954562192, 0.9868083854700097, 0.9867675553979178, 0.9867326279145988, 0.986702701360543, 0.9866711383956002, 0.9866438050804266, 0.9866190070358956, 0.9865930133586545]
test_mses [1.0015712181240313, 1.0038390681306448, 1.005794059671958, 1.007606320564253, 1.0086812429331233, 1.0096694309785865, 1.0104901119286076, 1.0108164913728044, 1.0113453786237667, 1.011813691103306, 1.0121964811535462, 1.0125868303182075, 1.012914551709064, 1.0132792972506475, 1.0135026954071855, 1.013672440668085, 1.0138797992714343, 1.013961208805826, 1.0140342669131102, 1.0141328735185444, 1.0141517214828897, 1.0141876272504238, 1.0142380096512236, 1.0142404495780433, 1.0142657531992867, 1.0142992963053719, 1.014301414953581, 1.0143273267955677, 1.014358029847977, 1.0143635925489902, 1.014394000581503]
test_rres [1.0000004601323076, 1.0022647534836804, 1.004216679023763, 1.0060260977584279, 1.0070993343331474, 1.0080859726093663, 1.0089053664904926, 1.0092312340758107, 1.0097592918761449, 1.0102268699040977, 1.0106090596270525, 1.010998796609516, 1.0113260040369272, 1.0116901775503173, 1.0119132253528982, 1.0120827044033474, 1.012289737807472, 1.0123710196677909, 1.0124439631984938, 1.0125424151597942, 1.0125612335649927, 1.0125970830217321, 1.0126473864081222, 1.0126498225084195, 1.0126750864461491, 1.012708576946787, 1.0127106922723332, 1.0127365634769372, 1.012767218377938, 1.0127727723550013, 1.0128031326987834]
step_times_seconds [0.14392518997192383, 0.11937499046325684, 0.11770915985107422, 0.11854195594787598, 0.11748027801513672, 0.11739802360534668, 0.11827301979064941, 0.11744379997253418, 0.1175987720489502, 0.1184999942779541, 0.11756277084350586, 0.11773800849914551, 0.11851692199707031, 0.11774611473083496, 0.11785507202148438, 0.11857414245605469, 0.1177518367767334, 0.11718392372131348, 0.11792516708374023, 0.11736798286437988, 0.1175069808959961, 0.1182560920715332, 0.11725902557373047, 0.11726093292236328, 0.1180567741394043, 0.11774706840515137, 0.11771988868713379, 0.11898016929626465, 0.11883997917175293, 0.11857104301452637, 0.11938309669494629]
