date 2025-01-26T23:42:30.059438
sample_ratio 0.08
rank 1
seed 0
l2_regularization_strength 0
input_shape (100, 100, 100)
input_size 1000000
num_train_samples 80000
num_test_samples 1000000
num_iterations 10
max_num_richardson_iterations None
num_richardson_iterations None
train_mses [1.0106625377130998, 1.0095224765892026, 1.008409310462525, 1.007404644707649, 1.0065742501436965, 1.005930523217051, 1.005419569831542, 1.0050700159318733, 1.0047689355680227, 1.0045287366110227, 1.0043354616854003, 1.004160294576567, 1.0040218518233148, 1.0038776802694642, 1.003751252171364, 1.0036456633968227, 1.0035246696240634, 1.003415992919644, 1.0033231967238008, 1.0032133228211841, 1.0031118287140304, 1.003026032900844, 1.0029246660209994, 1.0028324993699687, 1.002756684110043, 1.0026702325858665, 1.0025947069607208, 1.0025347411804801, 1.0024689320689117, 1.0024129888934088, 1.0023695087071374]
train_rres [0.9999968340221117, 0.9988688041684788, 0.9977673854843182, 0.9967733221480046, 0.9959516908873658, 0.995314757326855, 0.9948091961244007, 0.9944633311299588, 0.9941654281213856, 0.9939277640272175, 0.9937365287666767, 0.9935632102278751, 0.9934262284859191, 0.9932835784004289, 0.9931584845208064, 0.9930540100436098, 0.9929342931399148, 0.99282676332032, 0.9927349464194358, 0.9926262320358922, 0.9925258090143212, 0.9924409186197957, 0.9923406214828812, 0.9922494274831098, 0.9921744123152697, 0.99208887312959, 0.9920141445399622, 0.9919548115893948, 0.9918896969732269, 0.9918343441761255, 0.9917913228440868]
test_mses [1.0015712181240313, 1.0026240089051024, 1.0035857143423061, 1.004499183384072, 1.0051945592383391, 1.005771251358435, 1.0062428769172582, 1.0065011978198364, 1.0068152666180008, 1.0070382753472065, 1.007179368644721, 1.0073479985765688, 1.007464109771342, 1.0075853838851572, 1.0076872523275202, 1.0077714150561288, 1.0078856597646983, 1.0079548817768353, 1.0080314428160644, 1.0081475976364018, 1.0082067248718938, 1.0082857449175786, 1.0084089526508622, 1.0084670311437918, 1.0085502803562898, 1.0086696732005602, 1.0087237669000284, 1.0088057759475855, 1.008905294603371, 1.0089504558157827, 1.0090231973558987]
test_rres [1.0000004601323076, 1.0010515998280611, 1.0020117970285325, 1.0029238334824089, 1.0036181187829933, 1.004193906480378, 1.0046647923917333, 1.004922708171226, 1.0052362844172227, 1.0054589434032075, 1.00559981542497, 1.0057681808955308, 1.0058841099938303, 1.0060051939141974, 1.0061069025969078, 1.0061909333336259, 1.0063049988729202, 1.0063741123246008, 1.006450553293622, 1.006566525949068, 1.0066255604556797, 1.0067044565747119, 1.006827471082064, 1.0068854584908495, 1.0069685771441188, 1.0070877827453246, 1.007141791609976, 1.0072236720432475, 1.0073230346245363, 1.007368125010896, 1.007440752470901]
step_times_seconds [0.24042892456054688, 0.18760085105895996, 0.18821287155151367, 0.1924898624420166, 0.19146966934204102, 0.19086170196533203, 0.19044208526611328, 0.1866159439086914, 0.19076204299926758, 0.1950089931488037, 0.18805313110351562, 0.1862010955810547, 0.18791699409484863, 0.1864321231842041, 0.18602275848388672, 0.18738794326782227, 0.1864790916442871, 0.18625617027282715, 0.1874229907989502, 0.18645596504211426, 0.18791890144348145, 0.1890418529510498, 0.1878039836883545, 0.18770980834960938, 0.18909192085266113, 0.1879439353942871, 0.18770360946655273, 0.18886399269104004, 0.18944215774536133, 0.18736696243286133, 0.1892859935760498]
