date 2025-01-26T23:42:30.059438
sample_ratio 0.4
rank 16
seed 0
l2_regularization_strength 0
input_shape (100, 100, 100)
input_size 1000000
num_train_samples 400000
num_test_samples 1000000
num_iterations 10
max_num_richardson_iterations None
num_richardson_iterations None
train_mses [1.0035799098069444, 0.9996377708307802, 0.9958506572254165, 0.9919369843972737, 0.9893604474346703, 0.9873366516952621, 0.9858428222414384, 0.9847058233177391, 0.9837469413981816, 0.9829913607212608, 0.9823661883574848, 0.9817999212402934, 0.981316347441611, 0.9808927902201207, 0.9804901602911765, 0.9801348838607574, 0.9798093369443663, 0.979503678469954, 0.9792320142297227, 0.9789767404239987, 0.9787415943168976, 0.9785325234889742, 0.9783314673928407, 0.9781483557107631, 0.9779847775568068, 0.9778247179662349, 0.9776808666856843, 0.9775509605089817, 0.977423337721938, 0.9773092587602673, 0.977204806198176]
train_rres [1.0000066221255135, 0.9960785192978457, 0.9923048898667485, 0.9884051518322075, 0.9858377887357798, 0.9838211988046133, 0.9823326881922025, 0.9811997376000892, 0.9802442698191745, 0.9794913794184327, 0.9788684330066555, 0.9783041821069017, 0.9778223300926842, 0.977400280964159, 0.9769990846156914, 0.9766450731616632, 0.9763206853685016, 0.9760161152037004, 0.9757454182352066, 0.9754910533424016, 0.975256744482718, 0.9750484180601049, 0.9748480778324982, 0.9746656181271207, 0.9745026223999316, 0.9743431327081367, 0.9741997936160065, 0.9740703499756066, 0.9739431815947626, 0.9738295088159422, 0.9737254281615085]
test_mses [1.001584962930498, 1.0021672364741419, 1.0029092542955578, 1.0036370969434751, 1.0042077576179786, 1.0046514631628956, 1.0049694501930828, 1.0051307126806484, 1.0053663824800838, 1.0056005837704658, 1.005701224886959, 1.0058154210810666, 1.0059938091597296, 1.006080438885091, 1.006153522318059, 1.0062861341870968, 1.0063600814803981, 1.0064220031080113, 1.0065171530772246, 1.0065818727677383, 1.0066380176623995, 1.0067045499264708, 1.0067605819709993, 1.0068079979704432, 1.0068532021085848, 1.0068982982223527, 1.0069338655611688, 1.006963435691124, 1.0069966570234004, 1.0070203958704766, 1.0070391506393646]
test_rres [1.0000141833828788, 1.0005955437504994, 1.001336397869922, 1.0020630990466834, 1.002632864757555, 1.0030758744417902, 1.0033933627748706, 1.003554372355467, 1.003789672555403, 1.0040235065493393, 1.0041239898309875, 1.004238006931905, 1.0044161152456395, 1.0045026091101346, 1.0045755779268033, 1.0047079818214613, 1.0047818131436763, 1.0048436376599812, 1.0049386384060819, 1.0050032565971023, 1.00505931344007, 1.0051257413620003, 1.0051816855318174, 1.0052290271690403, 1.0052741604138096, 1.0053191858036192, 1.0053546973623964, 1.0053842211176982, 1.0054173903491632, 1.0054410919667514, 1.0054598173226503]
step_times_seconds [1.096850872039795, 0.9973819255828857, 1.0081698894500732, 1.0119950771331787, 1.0010569095611572, 1.0031697750091553, 1.0125446319580078, 1.017237901687622, 1.0049688816070557, 1.0083019733428955, 1.0023701190948486, 1.0040009021759033, 1.0076680183410645, 1.0004730224609375, 1.004178762435913, 1.0055701732635498, 1.0056920051574707, 1.0011301040649414, 1.005464792251587, 0.999697208404541, 1.000380277633667, 1.0039801597595215, 1.0083541870117188, 1.0019938945770264, 1.007652997970581, 1.0058271884918213, 0.9992599487304688, 1.0104258060455322, 1.0083439350128174, 1.0003440380096436, 1.01784086227417]
