date 2025-01-26T23:42:30.059438
sample_ratio 0.05
rank 16
seed 0
l2_regularization_strength 0
input_shape (100, 100, 100)
input_size 1000000
num_train_samples 50000
num_test_samples 1000000
num_iterations 10
max_num_richardson_iterations None
num_richardson_iterations None
train_mses [1.008210227505612, 0.9760197702181045, 0.9467589250273541, 0.9165031334947634, 0.8981490290262519, 0.8841227354316711, 0.8737526261269443, 0.8660337621571289, 0.8597228667333408, 0.8540807344096341, 0.849275117733165, 0.8452263416623294, 0.8414551414934484, 0.8381582219977773, 0.8353114142997731, 0.8326904713354654, 0.8303629141267669, 0.828287265071947, 0.8263923577351029, 0.8246423809252086, 0.8230445510540086, 0.8215546466720401, 0.8201489950768038, 0.8188568358822484, 0.8176236275660529, 0.8164748396971653, 0.8154301474324255, 0.8144107767379138, 0.8134871033292707, 0.812649209627694, 0.8118133082943785]
train_rres [1.0000266741041897, 0.9680975039163779, 0.9390741664225903, 0.9090639584785751, 0.8908588326555441, 0.8769463892476839, 0.8666604532046029, 0.8590042425721294, 0.8527445721293049, 0.8471482364955237, 0.842381626585328, 0.8383657140723915, 0.8346251244023206, 0.8313549657111098, 0.8285312652998446, 0.8259315962981743, 0.8236229316658378, 0.8215641304711362, 0.8196846039298431, 0.8179488315272087, 0.8163639711000003, 0.814886160140356, 0.8134919180950128, 0.8122102472425544, 0.810987048769381, 0.8098475855101983, 0.8088113729203351, 0.8078002763677502, 0.8068841003346134, 0.8060530077422348, 0.8052238913462396]
test_mses [1.001584962930498, 1.0319503033913409, 1.0601453924721485, 1.08980862525302, 1.1092444010607518, 1.1263499639408951, 1.139081679402559, 1.1486753151848288, 1.156844910241005, 1.1641581116763013, 1.1706635378051724, 1.1758304338175944, 1.180935069570009, 1.1856028613023335, 1.1891071607186203, 1.192653914750526, 1.195858842002487, 1.1983787949070586, 1.2009315982324467, 1.2032768452128306, 1.2053057836135737, 1.2073747276813553, 1.2092808347637638, 1.2110689028980806, 1.2128424765996348, 1.21444508554775, 1.2159991404680885, 1.2175331919366923, 1.218857789773492, 1.2201712516540424, 1.2215312411681316]
test_rres [1.0000141833828788, 1.0303319020667205, 1.0584827729624409, 1.0880994850774746, 1.1075047798773434, 1.12458351620825, 1.1372952645987284, 1.1468738547409059, 1.1550306374713168, 1.1623323696577053, 1.1688275933667218, 1.1739863861678526, 1.179083016351359, 1.18374348761457, 1.1872422912595988, 1.1907834829389332, 1.1939833839231633, 1.1964993848010672, 1.1990481845806744, 1.201389753524619, 1.2034155099537258, 1.205481209309229, 1.2073843270556037, 1.2091695909736444, 1.2109403831904522, 1.212540478776794, 1.214092096482343, 1.2156237421074476, 1.216946262585593, 1.2182576645719407, 1.2196155212228252]
step_times_seconds [0.1443638801574707, 0.12551593780517578, 0.12505078315734863, 0.12602925300598145, 0.12517666816711426, 0.12482190132141113, 0.1257479190826416, 0.12515664100646973, 0.12440824508666992, 0.12583231925964355, 0.1253969669342041, 0.12483882904052734, 0.12587714195251465, 0.12507915496826172, 0.12474203109741211, 0.1259019374847412, 0.12504196166992188, 0.12400507926940918, 0.1254260540008545, 0.12437987327575684, 0.12396788597106934, 0.12522315979003906, 0.1245262622833252, 0.1240839958190918, 0.1249852180480957, 0.12574076652526855, 0.12464213371276855, 0.12578678131103516, 0.12512493133544922, 0.125474214553833, 0.12613773345947266]
