date 2025-01-26T23:42:30.059438
sample_ratio 0.03
rank 8
seed 0
l2_regularization_strength 0
input_shape (100, 100, 100)
input_size 1000000
num_train_samples 30000
num_test_samples 1000000
num_iterations 10
max_num_richardson_iterations None
num_richardson_iterations None
train_mses [1.0057965849644255, 0.9792943101364329, 0.9560743497287116, 0.9300705056542936, 0.9132501310675213, 0.9010018308566398, 0.8920459064508599, 0.8851445271192072, 0.8797544538797017, 0.8752216504372173, 0.8712034433788495, 0.8679302493672435, 0.8649227899325214, 0.8622707332719671, 0.8600648653342704, 0.8580929359400624, 0.856264993946433, 0.8547574298948948, 0.853382868695485, 0.8520293939845663, 0.8508997540244522, 0.8498340780364816, 0.8487467959367798, 0.8478277864198631, 0.8469313429795543, 0.8459985859013232, 0.8452103288109074, 0.8444184076252008, 0.8435936203673882, 0.8429027387362443, 0.8421974948675752]
train_rres [0.9999757926684203, 0.9736268930252827, 0.9505413122413097, 0.9246879588103454, 0.9079649278696684, 0.8957875115855892, 0.8868834173177955, 0.8800219779662999, 0.8746630984067656, 0.8701565274130205, 0.8661615747075097, 0.8629073234749615, 0.8599172689479213, 0.8572805603917543, 0.8550874583545286, 0.8531269410008839, 0.8513095777573051, 0.8498107383498431, 0.8484441320742813, 0.8470984902545137, 0.8459753877987771, 0.84491587913994, 0.8438348894092561, 0.8429211984265201, 0.8420299429249547, 0.841102583941424, 0.8403188886887275, 0.839531550545761, 0.8387115365347341, 0.838024653205569, 0.837323490756681]
test_mses [1.0015821733934822, 1.0279776959908409, 1.051283294064522, 1.0764310442493077, 1.0944144916341112, 1.1091478273503437, 1.1194235551127458, 1.1282696873118387, 1.1361086255633703, 1.142919381952796, 1.1492853736555757, 1.1549350472878455, 1.1601426362939986, 1.1646932037400384, 1.1689631603981927, 1.1724908952411277, 1.1756300029969815, 1.1787488821198837, 1.1812809798038926, 1.1837637558889906, 1.186281761426852, 1.1884209722273573, 1.1906736859278368, 1.1928853304401146, 1.194920568652271, 1.1970855239247304, 1.1990806389854411, 1.201134576148391, 1.2032505702730083, 1.2050526574533136, 1.2070974235943892]
test_rres [1.0000113982206769, 1.026365524882015, 1.0496345729293337, 1.074742884051912, 1.0926981281066006, 1.1074083576228921, 1.1176679700245378, 1.1265002288888182, 1.134326873381621, 1.1411269485036195, 1.147482956460699, 1.1531237697445003, 1.1583231917207897, 1.1628666225398443, 1.167129882651189, 1.1706520849692306, 1.173786269681665, 1.1769002574855887, 1.1794283840963466, 1.1819072664589547, 1.1844213230241916, 1.1865571789135334, 1.1888063596969483, 1.1910145357007167, 1.1930465820612814, 1.19520814204768, 1.1972001281816909, 1.1992508441675993, 1.2013635197916233, 1.2031627807696683, 1.20520434011656]
step_times_seconds [0.09060907363891602, 0.07437014579772949, 0.07392096519470215, 0.07456374168395996, 0.07419991493225098, 0.07437968254089355, 0.07468700408935547, 0.07564115524291992, 0.07381916046142578, 0.07429909706115723, 0.07463598251342773, 0.07420730590820312, 0.07472395896911621, 0.07395815849304199, 0.07345414161682129, 0.07412195205688477, 0.07405781745910645, 0.07362508773803711, 0.07407116889953613, 0.07379007339477539, 0.07323503494262695, 0.0737159252166748, 0.07343220710754395, 0.0732121467590332, 0.07414770126342773, 0.07384896278381348, 0.0736229419708252, 0.07428574562072754, 0.07403087615966797, 0.07362890243530273, 0.07402181625366211]
