date 2025-01-26T23:42:30.059438
sample_ratio 0.07
rank 4
seed 0
l2_regularization_strength 0
input_shape (100, 100, 100)
input_size 1000000
num_train_samples 70000
num_test_samples 1000000
num_iterations 10
max_num_richardson_iterations None
num_richardson_iterations None
train_mses [1.012015692892651, 1.0065291982297209, 1.001130825165478, 0.9959236610637231, 0.9920835040043171, 0.989129884157753, 0.9870921261026403, 0.9855364446768483, 0.9842093088631811, 0.9830595697351089, 0.9822325761378479, 0.9814583836578645, 0.9807496172735636, 0.9801733297953104, 0.9796221903937318, 0.9791163595564805, 0.9786653090361512, 0.9782612343205008, 0.9778961730673879, 0.9775670709107306, 0.9772768659211718, 0.9770159763485553, 0.9767799725076057, 0.976565794902989, 0.9763740944092509, 0.9761955123112248, 0.9760300291765067, 0.9758812413098499, 0.9757362678305346, 0.975601329913444, 0.9754762029578735]
train_rres [1.0000079292533108, 0.9945865329199658, 0.9892522126053467, 0.9841068325215714, 0.9803122396748857, 0.9773936651040491, 0.9753800854458248, 0.9738428624836615, 0.9725314733953463, 0.9713953761463414, 0.9705781949894575, 0.9698131884542933, 0.9691128317214216, 0.9685433820065309, 0.9679987819814788, 0.9674989529257985, 0.9670532542078925, 0.9666539739175778, 0.966293244187456, 0.965968046892095, 0.965681285241356, 0.9654234911744178, 0.9651902875650852, 0.9649786512195331, 0.9647892252895538, 0.964612762102962, 0.9644492424579229, 0.9643022199883322, 0.9641589666476332, 0.9640256297952551, 0.9639019874954246]
test_mses [1.0015785389318956, 1.0061694787278737, 1.010873485444704, 1.0156572876930299, 1.0190396020259813, 1.0219894114354109, 1.0240016869481239, 1.0252857351039035, 1.0267114097954386, 1.0279215449544, 1.0285409548376812, 1.0293697143334728, 1.0301627417666983, 1.0306337193548336, 1.0312161524099914, 1.0318056670842872, 1.0322451149269047, 1.0326543336950502, 1.033088874616546, 1.0334404140094033, 1.0337087052998846, 1.0340129991978768, 1.0342711298961367, 1.03445330608369, 1.034666900672314, 1.0348647154599522, 1.0350028211669406, 1.035159819684287, 1.0353254726269754, 1.0354444383005186, 1.035568926608012]
test_rres [1.000007769458994, 1.0045915093122784, 1.0092881387642572, 1.0140644386048898, 1.0174414484750403, 1.0203866317164851, 1.0223957513898667, 1.023677785780808, 1.0251012245954778, 1.0263094619068995, 1.0269279003734642, 1.027755360130827, 1.0285471438639981, 1.029017382820874, 1.0295989024498475, 1.0301874925918992, 1.0306262512511633, 1.0310348282440274, 1.031468687677664, 1.03181967575345, 1.0320875462843475, 1.032391362960088, 1.0326490888335587, 1.0328309793153156, 1.0330442389248577, 1.033241743480779, 1.0333796325974354, 1.0335363848949708, 1.0337017780451663, 1.033820557145574, 1.033944850218819]
step_times_seconds [0.198805570602417, 0.165999174118042, 0.1646251678466797, 0.1671130657196045, 0.16553330421447754, 0.16574621200561523, 0.16733694076538086, 0.16578412055969238, 0.16585111618041992, 0.16711902618408203, 0.16516494750976562, 0.16567707061767578, 0.16710186004638672, 0.16640400886535645, 0.16590523719787598, 0.1670372486114502, 0.1643209457397461, 0.1634528636932373, 0.1653430461883545, 0.163923978805542, 0.16457390785217285, 0.1666867733001709, 0.16495585441589355, 0.16619110107421875, 0.16752195358276367, 0.16670894622802734, 0.1661677360534668, 0.16790771484375, 0.16636323928833008, 0.1663060188293457, 0.16771912574768066]
