date 2025-01-26T23:42:30.059438
sample_ratio 0.08
rank 4
seed 0
l2_regularization_strength 0
input_shape (100, 100, 100)
input_size 1000000
num_train_samples 80000
num_test_samples 1000000
num_iterations 10
max_num_richardson_iterations None
num_richardson_iterations None
train_mses [1.0106718144367646, 1.0058422366445825, 1.0011362688398322, 0.9963112429521715, 0.9929694891527295, 0.9905751521098729, 0.9888467301106313, 0.9873791038105811, 0.9862996117624198, 0.9853469947191079, 0.9845673939078448, 0.9838871645458288, 0.9832789445526418, 0.9827694191970601, 0.982317474936661, 0.9819001425883819, 0.9815432050768607, 0.9812237281209436, 0.9809157051180224, 0.9806411801640535, 0.980396890753443, 0.9801497953688728, 0.9799192430209398, 0.979717600253341, 0.9795070788020719, 0.9793049778747812, 0.9791299650049042, 0.9789461920104954, 0.9787670291470875, 0.9786101449579281, 0.9784468012126912]
train_rres [1.0000060128468418, 0.9952274024584783, 0.9905710975790982, 0.9857969910581884, 0.9824905033881447, 0.9801214342151088, 0.9784112525643603, 0.9769591143888436, 0.975891014414587, 0.9749484505104149, 0.97417707696685, 0.9735040261877401, 0.9729022248496276, 0.9723980766068435, 0.9719509017955794, 0.9715379736306962, 0.9711848029449868, 0.970868697486895, 0.9705639251061711, 0.9702922972634591, 0.9700505858829735, 0.9698060981404766, 0.9695779788529733, 0.9693784640577989, 0.9691701642773013, 0.9689701961574767, 0.9687970302299198, 0.9686151966250021, 0.9684379244995431, 0.9682826959374727, 0.9681210759881831]
test_mses [1.0015785389318956, 1.0055418509171798, 1.009600165350189, 1.0140766585497714, 1.0170818977630578, 1.019144973334864, 1.0209113783930384, 1.022097024271863, 1.0229959853628068, 1.0239904766125705, 1.0246549384250296, 1.0251971707845406, 1.0257996593565912, 1.0262649033449132, 1.0266147682464073, 1.027040451434188, 1.0273719780375021, 1.0275964682323209, 1.0279468593589602, 1.0282044247756918, 1.028345736412508, 1.0286667599393797, 1.0288851451323775, 1.0289808733618893, 1.029282983613116, 1.0294729035666494, 1.0295477538936155, 1.029827157168077, 1.0299933843776294, 1.0300609239403613, 1.0303171297057356]
test_rres [1.000007769458994, 1.0039648658064264, 1.0080168156098284, 1.0124862883526116, 1.015486814467692, 1.0175466545307463, 1.0193102893467136, 1.0204940757843866, 1.021391627040171, 1.0223845586354139, 1.0230479783764923, 1.023589360356323, 1.0241909040492456, 1.0246554183982772, 1.0250047346087945, 1.0254297502002456, 1.0257607568724232, 1.0259848950006478, 1.0263347366110347, 1.0265918980895048, 1.0267329881081484, 1.027053508175794, 1.0272715508766346, 1.0273671289761517, 1.0276687654297267, 1.0278583875329628, 1.0279331204726208, 1.0282120855606425, 1.0283780520770827, 1.028445485717933, 1.0287012896773788]
step_times_seconds [0.22494101524353027, 0.18959426879882812, 0.18785405158996582, 0.19000697135925293, 0.18812322616577148, 0.1873159408569336, 0.18832826614379883, 0.1879100799560547, 0.18727421760559082, 0.1896991729736328, 0.18811511993408203, 0.18849706649780273, 0.18987584114074707, 0.18794012069702148, 0.18735194206237793, 0.1890249252319336, 0.18781113624572754, 0.18816518783569336, 0.19021010398864746, 0.1887040138244629, 0.19057202339172363, 0.19195318222045898, 0.18942689895629883, 0.18862628936767578, 0.19011783599853516, 0.18899083137512207, 0.18831706047058105, 0.19107985496520996, 0.1895301342010498, 0.18902111053466797, 0.19099187850952148]
