date 2025-01-26T23:42:30.059438
sample_ratio 0.09
rank 4
seed 0
l2_regularization_strength 0
input_shape (100, 100, 100)
input_size 1000000
num_train_samples 90000
num_test_samples 1000000
num_iterations 10
max_num_richardson_iterations None
num_richardson_iterations None
train_mses [1.009424882123597, 1.0049618992590783, 1.0009596532016847, 0.9965061650462842, 0.9934760548737795, 0.9911493230896552, 0.9895124853843844, 0.9881652905715875, 0.9870894701068533, 0.9862536083063358, 0.9855069033696013, 0.9848821753528344, 0.9843821086454694, 0.9839242650368408, 0.9835421005349705, 0.9832061625135862, 0.9828957795116919, 0.9826156840347072, 0.982355467987024, 0.9821071132681879, 0.9818676269299171, 0.9816463125331104, 0.9814285011749483, 0.9812143902761108, 0.9810194464865181, 0.9808266746456056, 0.9806367322547911, 0.980465395757391, 0.9802980406863016, 0.9801334339868649, 0.9799859572827564]
train_rres [1.0000034273277127, 0.9955820996591949, 0.9916172085164456, 0.9872052869382943, 0.9842034582620381, 0.9818984430005739, 0.9802768827000129, 0.9789422619135303, 0.9778764826059505, 0.9770484223113287, 0.9763086867359919, 0.9756897896105314, 0.9751943902696656, 0.9747408199387605, 0.974362222364596, 0.974029419816627, 0.9737219337706862, 0.9734444525614113, 0.9731866652370278, 0.9729406285339235, 0.9727033774384629, 0.9724841286768731, 0.9722683502583593, 0.9720562377609784, 0.9718631134768624, 0.9716721408695701, 0.9714839713037381, 0.9713142339734417, 0.9711484409088621, 0.9709853705640422, 0.9708392703319484]
test_mses [1.0015785389318956, 1.0052349710272568, 1.0086041680917552, 1.012773737035245, 1.0154558546288657, 1.0173505889216627, 1.0188694474413587, 1.0199221168318024, 1.0207720702852592, 1.0215376402487766, 1.0221224104519882, 1.0226921695488758, 1.0231538193141263, 1.023545725126182, 1.023931630734387, 1.0242461781224732, 1.0245346723792612, 1.024831645762059, 1.0250791630471905, 1.025318451602175, 1.0255732894706677, 1.0257887970212227, 1.0259916045341932, 1.02621076146952, 1.026404874446118, 1.0265683399069547, 1.026750531729341, 1.0269244166510312, 1.0270498699036221, 1.0271980592788301, 1.0273500019560282]
test_rres [1.000007769458994, 1.0036584671943505, 1.0070223803677796, 1.0111854102018965, 1.0138633214469632, 1.0157550842396026, 1.017271560742808, 1.0183225792383102, 1.0191711997149846, 1.0199355690398288, 1.0205194221515212, 1.0210882876987153, 1.0215492134614736, 1.0219405046500507, 1.0223258050448598, 1.0226398591302086, 1.0229279009432248, 1.02322440858449, 1.023471537689783, 1.023710450969996, 1.0239648891778241, 1.024180058749211, 1.024382548200404, 1.0246013614332548, 1.0247951699836635, 1.0249583790826216, 1.0251402851746916, 1.0253138973937266, 1.025439153898752, 1.0255871108694725, 1.025738815255903]
step_times_seconds [0.25218701362609863, 0.21299099922180176, 0.2118237018585205, 0.21351194381713867, 0.21210503578186035, 0.21207594871520996, 0.21380400657653809, 0.2122511863708496, 0.21216392517089844, 0.21341800689697266, 0.21187305450439453, 0.21125292778015137, 0.21231889724731445, 0.21158599853515625, 0.2113511562347412, 0.21300792694091797, 0.2121107578277588, 0.21367216110229492, 0.2149350643157959, 0.21313691139221191, 0.21216201782226562, 0.2145538330078125, 0.21207809448242188, 0.2118990421295166, 0.2133021354675293, 0.21268796920776367, 0.21252894401550293, 0.2140791416168213, 0.21286296844482422, 0.21256804466247559, 0.21438193321228027]
