date 2025-01-26T23:42:30.059438
sample_ratio 0.02
rank 8
seed 0
l2_regularization_strength 0
input_shape (100, 100, 100)
input_size 1000000
num_train_samples 20000
num_test_samples 1000000
num_iterations 10
max_num_richardson_iterations None
num_richardson_iterations None
train_mses [0.9945831182666303, 0.9549497859321829, 0.9188665821085519, 0.883056393423536, 0.8562317339297589, 0.8383566101295866, 0.8242134296168843, 0.813706540989181, 0.806237000343845, 0.7997317697018826, 0.7944224209825571, 0.7901246950129048, 0.7861783730353175, 0.7827845719373004, 0.779641695695018, 0.7769082729925584, 0.7743904598475514, 0.7720064980197784, 0.7698932701153947, 0.7678494829443016, 0.7659716964140282, 0.7642158042066024, 0.7624916418454897, 0.7609625357869558, 0.7594758830923541, 0.7580572495740149, 0.7568070202184448, 0.7555968073532208, 0.7544853068711802, 0.7534767636239453, 0.7525312891240578]
train_rres [0.9999919405970117, 0.9601430710701258, 0.9238636366499678, 0.8878587021014266, 0.8608881625754933, 0.8429158288317847, 0.8286957337312769, 0.8181317056923082, 0.810621543587088, 0.8040809356738706, 0.7987427132250544, 0.7944216150145431, 0.7904538318296989, 0.7870415742881461, 0.7838816062021668, 0.781133318379357, 0.778601812659328, 0.7762048861775889, 0.7740801659463513, 0.7720252640866149, 0.7701372656258049, 0.7683718243834047, 0.7666382855431333, 0.7651008637763966, 0.7636061262469085, 0.7621797778010667, 0.7609227493471284, 0.7597059550044494, 0.7585884098706175, 0.7575743818819501, 0.7566237656261913]
test_mses [1.0015821733934822, 1.0420597834103986, 1.0773367576049186, 1.1147036625950104, 1.1453745511930749, 1.167340842680052, 1.1876383615875399, 1.2016205154353243, 1.2131611398624254, 1.2240807722627585, 1.2324385030377127, 1.2402957912678818, 1.2484736416375661, 1.2544681604152916, 1.2616681776741452, 1.2682560754856247, 1.2731875440476892, 1.2799132380302567, 1.2857043737176663, 1.290327593650698, 1.2962722412419914, 1.3019846414458602, 1.3064264933886593, 1.3113455968737173, 1.3170946275498236, 1.321124921916194, 1.3249508995357544, 1.3303540843449884, 1.333767359754464, 1.3366234709160192, 1.341319294187853]
test_rres [1.0000113982206769, 1.0404255274503367, 1.0756471769828286, 1.1129554796852577, 1.1435782673170534, 1.1655101092039648, 1.185775795637177, 1.1997360213589325, 1.2112585466956043, 1.2221610539034908, 1.2305056773005871, 1.2383506429938687, 1.2465156680910303, 1.2525007857017632, 1.2596895112177577, 1.2662670772695492, 1.2711908118397475, 1.2779059579577379, 1.2836880114426066, 1.2883039808082037, 1.29423930544518, 1.2999427469268834, 1.3043776327405536, 1.3092890216258193, 1.3150290361324153, 1.319053009812877, 1.3228729871752283, 1.3282676982029016, 1.3316756205935099, 1.3345272525334673, 1.339215711374496]
step_times_seconds [0.0639948844909668, 0.05028867721557617, 0.05005288124084473, 0.0505528450012207, 0.05067801475524902, 0.05034899711608887, 0.050546884536743164, 0.05090188980102539, 0.050354957580566406, 0.05060100555419922, 0.05056500434875488, 0.050579071044921875, 0.050846099853515625, 0.0505220890045166, 0.05166196823120117, 0.05103492736816406, 0.05103111267089844, 0.050427913665771484, 0.050560712814331055, 0.0503079891204834, 0.05049896240234375, 0.05059313774108887, 0.05056476593017578, 0.05049300193786621, 0.05060887336730957, 0.0503230094909668, 0.05075192451477051, 0.05088496208190918, 0.050514936447143555, 0.05069398880004883, 0.05077195167541504]
