date 2025-01-26T23:42:30.059438
sample_ratio 0.07
rank 1
seed 0
l2_regularization_strength 0
input_shape (100, 100, 100)
input_size 1000000
num_train_samples 70000
num_test_samples 1000000
num_iterations 10
max_num_richardson_iterations None
num_richardson_iterations None
train_mses [1.0120033663447905, 1.0107035070207413, 1.0094807904665524, 1.0081696171935697, 1.0070336697220548, 1.0062390322006765, 1.00553203272685, 1.0050963449845842, 1.0046613912875855, 1.00433749376733, 1.0040725007318434, 1.0038506270968826, 1.003677404515573, 1.0035309718126826, 1.003410949444052, 1.0033095824225278, 1.003217739661813, 1.0031420237702167, 1.0030759220135732, 1.0030120342480766, 1.0029595871420691, 1.002912119272177, 1.0028632790364325, 1.0028221606347807, 1.0027827751013276, 1.0027401703252328, 1.0027023379754814, 1.0026645459178924, 1.0026225006453038, 1.0025833231837886, 1.0025438188417055]
train_rres [0.9999957489623457, 0.9987113127227775, 0.9975031039390548, 0.9962074879927646, 0.9950850187596213, 0.994299809767467, 0.9936011989803323, 0.9931706807581308, 0.992740887871606, 0.9924208334586202, 0.9921589846171995, 0.9919397435562047, 0.9917685762946179, 0.9916238810443163, 0.9915052827645057, 0.9914051184824685, 0.991314365454028, 0.9912395479462575, 0.9911742304998532, 0.9911111007751584, 0.9910592759642962, 0.9910123713099414, 0.9909641105731226, 0.9909234800493286, 0.9908845618329138, 0.9908424625707997, 0.9908050791092591, 0.9907677354618066, 0.9907261890645802, 0.9906874764512893, 0.9906484408359324]
test_mses [1.0015712181240313, 1.0028206951319731, 1.0039882968000295, 1.0050361490972886, 1.006061660626883, 1.0067262696356993, 1.0072677749953556, 1.00759195922047, 1.0080357101113164, 1.008284954491828, 1.0085174604930538, 1.008775555075301, 1.0089081834688447, 1.0090252113933185, 1.0091710167578967, 1.0092603787507028, 1.0093182973160235, 1.009409572256, 1.0094844055305285, 1.0095180640827273, 1.0095792852568872, 1.0096475749582392, 1.00967460674056, 1.0097188723631159, 1.009783980014673, 1.0098140737266104, 1.0098489239739212, 1.009912843391143, 1.0099508453594541, 1.0099805954158656, 1.010044385464795]
test_rres [1.0000004601323076, 1.0012479775931298, 1.0024137481186592, 1.0034599570755942, 1.0044838603017536, 1.005147427008342, 1.0056880831284676, 1.0060117589374524, 1.0064548138965013, 1.0067036673885812, 1.006935808752073, 1.0071934985661715, 1.00732591895942, 1.0074427633497183, 1.0075883400486385, 1.00767756189558, 1.0077353896275703, 1.0078265214216187, 1.0079012373355825, 1.0079348431012805, 1.007995968262649, 1.0080641508656814, 1.0080911402542239, 1.0081353364552759, 1.0082003419989027, 1.0082303885150563, 1.0082651841069383, 1.0083290032797307, 1.0083669456497883, 1.0083966490493688, 1.0084603390567561]
step_times_seconds [0.21118593215942383, 0.1665339469909668, 0.1639270782470703, 0.16544485092163086, 0.16403770446777344, 0.16367006301879883, 0.16500616073608398, 0.16388988494873047, 0.1648540496826172, 0.16473793983459473, 0.1630091667175293, 0.16325712203979492, 0.1641979217529297, 0.16342806816101074, 0.16344404220581055, 0.16491985321044922, 0.16352105140686035, 0.1692790985107422, 0.16655707359313965, 0.16282987594604492, 0.1628429889678955, 0.16394686698913574, 0.1628730297088623, 0.16413283348083496, 0.16518402099609375, 0.16469788551330566, 0.16417574882507324, 0.1651897430419922, 0.16378426551818848, 0.1644279956817627, 0.16542315483093262]
