date 2025-01-26T23:42:30.059438
sample_ratio 0.08
rank 16
seed 0
l2_regularization_strength 0
input_shape (100, 100, 100)
input_size 1000000
num_train_samples 80000
num_test_samples 1000000
num_iterations 10
max_num_richardson_iterations None
num_richardson_iterations None
train_mses [1.010678601505727, 0.9905906318395, 0.9713676916063027, 0.9527465423939142, 0.9399505236103212, 0.9306489527609135, 0.9235652487338335, 0.9179425739196966, 0.9132048962131699, 0.9092973971794565, 0.9060054205418142, 0.903183989731325, 0.9007977572105265, 0.8987548905052396, 0.8969334207157382, 0.8952946331543866, 0.8938616771931606, 0.892542509447801, 0.8912813154238098, 0.8901643799961304, 0.8891331855429883, 0.8881195916709563, 0.8872185411418244, 0.8863828861956892, 0.8855620065502632, 0.8848285190083508, 0.8841415200616577, 0.8834776199197937, 0.8828764319771443, 0.8823086411332787, 0.881771633137275]
train_rres [1.000012728290644, 0.9801367505843626, 0.9611166734997892, 0.9426920366270531, 0.9300310565331091, 0.9208276468352615, 0.9138186984119249, 0.9082553606972456, 0.9035676805563906, 0.8997014180633732, 0.8964441822477804, 0.8936525265045232, 0.891291476325065, 0.8892701683598577, 0.8874679208689299, 0.8858464277277132, 0.884428594008694, 0.8831233476780161, 0.8818754632615889, 0.8807703150545387, 0.8797500029820869, 0.8787471057486448, 0.877855564167946, 0.8770287280388845, 0.8762165112841241, 0.8754907643682776, 0.8748110154451363, 0.8741541215609788, 0.8735592780629087, 0.872997479218027, 0.8724661383640727]
test_mses [1.001584962930498, 1.018886365149554, 1.0353954656819504, 1.051453929080427, 1.0632105399252905, 1.0723284937501414, 1.0789372550398442, 1.0846928144127297, 1.0897905694718486, 1.0936628284389087, 1.0975803926597258, 1.1008260186072694, 1.1032851587427972, 1.105852989811016, 1.1079825940765844, 1.1096959178316337, 1.1115494633156142, 1.1130319844049146, 1.114373901921983, 1.11589986711722, 1.1169599073807381, 1.1180584992626965, 1.1193343026083464, 1.1200992165541501, 1.1210037631204708, 1.1220350661690928, 1.122600410449045, 1.1233441227836012, 1.1241639209104277, 1.1245988027283271, 1.125216457749194]
test_rres [1.0000141833828788, 1.0172884519190655, 1.0337716613304628, 1.049804940339391, 1.0615431133636521, 1.070646767557504, 1.0772451643674539, 1.082991697331914, 1.0880814576130742, 1.091947643740172, 1.0958590640690755, 1.0990995999213735, 1.101554883402526, 1.1041186873570472, 1.1062449517773216, 1.1079555885372456, 1.1098062271172244, 1.1112864231778032, 1.1126262361738688, 1.1141498082072598, 1.1152081860161411, 1.1163050549831965, 1.1175788574942929, 1.118342571830252, 1.1192456998017466, 1.1202753854641296, 1.1208398431181188, 1.1215823890931873, 1.122400901535645, 1.1228351013310596, 1.1234517876873495]
step_times_seconds [0.2245161533355713, 0.2072429656982422, 0.20796704292297363, 0.20865702629089355, 0.20803618431091309, 0.20737290382385254, 0.20824408531188965, 0.20824384689331055, 0.20691990852355957, 0.21184992790222168, 0.2082839012145996, 0.2061140537261963, 0.20912599563598633, 0.20778322219848633, 0.20674681663513184, 0.20862483978271484, 0.20745277404785156, 0.20751261711120605, 0.20958375930786133, 0.20732808113098145, 0.20788002014160156, 0.20858097076416016, 0.20867490768432617, 0.20800423622131348, 0.2089850902557373, 0.20848894119262695, 0.2081892490386963, 0.2108311653137207, 0.20896506309509277, 0.20791172981262207, 0.20903396606445312]
