date 2025-01-26T23:42:30.059438
sample_ratio 0.7
rank 16
seed 0
l2_regularization_strength 0
input_shape (100, 100, 100)
input_size 1000000
num_train_samples 700000
num_test_samples 1000000
num_iterations 10
max_num_richardson_iterations None
num_richardson_iterations None
train_mses [1.0020238777929333, 0.9997802283888623, 0.9976035655668907, 0.9952915843444258, 0.9937459883596161, 0.992647415392414, 0.991812849761827, 0.9912024036079033, 0.9906864200494817, 0.9902612883367721, 0.9899066183840641, 0.9895945590638824, 0.9893160151589377, 0.9890798429853562, 0.9888599999690214, 0.9886606021258282, 0.9884890332988001, 0.9883262940215176, 0.9881799198797729, 0.9880514043052504, 0.9879300767217885, 0.9878207003771778, 0.9877227752264566, 0.9876306467959151, 0.9875468865902841, 0.9874707832464151, 0.9873989618732973, 0.9873331181006764, 0.9872728124984901, 0.9872153222948322, 0.9871620810336945]
train_rres [1.0000088876015452, 0.997769749997684, 0.9955974642712422, 0.9932901322588302, 0.9917476443444151, 0.9906512805199316, 0.9898183931343415, 0.9892091745390018, 0.9886942285824101, 0.9882699517757062, 0.9879159950360182, 0.9876045632422689, 0.9873265794669268, 0.9870908822167715, 0.9868714812872286, 0.9866724844172129, 0.9865012606014278, 0.9863388485798673, 0.9861927687848606, 0.9860645116449203, 0.9859434280415629, 0.9858342716440678, 0.9857365434130234, 0.9856446002454161, 0.985561008474886, 0.9854850581687787, 0.9854133812227205, 0.9853476698566809, 0.9852874855242563, 0.9852301109288181, 0.985176976731615]
test_mses [1.001584962930498, 1.0005615393667695, 0.9996996609044813, 0.9988649609005609, 0.9982109221313126, 0.9977921490991374, 0.9974492777838129, 0.9972165180880981, 0.9970141389973928, 0.9968296995293597, 0.9967019289988559, 0.9965671760167181, 0.9964474106390522, 0.9963597968486267, 0.9962596237972896, 0.9961807184705408, 0.9961188192611237, 0.996043985619262, 0.9959896066458085, 0.9959456235615459, 0.9958891916750975, 0.9958491510117848, 0.995817888518035, 0.9957742834552926, 0.9957417286816466, 0.9957202377891557, 0.9956856427048245, 0.9956567636294044, 0.9956435366889985, 0.995615598183043, 0.9955890335067805]
test_rres [1.0000141833828788, 0.9989923648480415, 0.9981318380644537, 0.9972984471154244, 0.996645434071162, 0.996227317798162, 0.9958849842058161, 0.9956525895457029, 0.9954505278448829, 0.9952663776321351, 0.9951388074833698, 0.9950042658335064, 0.994884688283147, 0.9947972118968911, 0.9946971959463353, 0.994618414366326, 0.9945566122330589, 0.9944818959523383, 0.994427602261095, 0.9943836881552335, 0.994327344770566, 0.9942873669027797, 0.9942561534378069, 0.9942126167606167, 0.9941801130424223, 0.9941586558539662, 0.9941241150248934, 0.9940952812403498, 0.9940820750436735, 0.9940541803535053, 0.9940276573384614]
step_times_seconds [1.9033448696136475, 1.7574388980865479, 1.7784090042114258, 1.7922298908233643, 1.7893259525299072, 1.8059070110321045, 1.8157272338867188, 1.8149168491363525, 1.8337218761444092, 1.8283109664916992, 1.8253769874572754, 1.8195290565490723, 1.8189787864685059, 1.8112680912017822, 1.8076579570770264, 1.805492877960205, 1.8054988384246826, 1.7961699962615967, 1.7978692054748535, 1.802671194076538, 1.7943580150604248, 1.7994270324707031, 1.7971127033233643, 1.795159101486206, 1.8033888339996338, 1.8002619743347168, 1.7988402843475342, 1.8053181171417236, 1.8066623210906982, 1.7997817993164062, 1.8033218383789062]
