date 2025-01-26T23:42:30.059438
sample_ratio 0.01
rank 8
seed 0
l2_regularization_strength 0
input_shape (100, 100, 100)
input_size 1000000
num_train_samples 10000
num_test_samples 1000000
num_iterations 10
max_num_richardson_iterations None
num_richardson_iterations None
train_mses [0.9983540472709374, 0.9186430911183004, 0.849063322418703, 0.7840153306220781, 0.7398226409445181, 0.706862723269824, 0.682120139021113, 0.6640487034717069, 0.6491698782255892, 0.637685265223258, 0.6279226101485547, 0.6198194347348004, 0.6129928691598084, 0.6072197598290914, 0.6023541466015131, 0.598054166773747, 0.594224950354194, 0.5908629816862754, 0.5877945196085788, 0.584837125945335, 0.5822330487555764, 0.5797761661490575, 0.5773017075891179, 0.5751430184251393, 0.5730404397857853, 0.5709153152312226, 0.5690408871650616, 0.5671933986704011, 0.5653750927014002, 0.5637434387484556, 0.5621430882121353]
train_rres [1.0000183379190262, 0.9201745008518101, 0.8504787402767257, 0.7853223112330942, 0.7410559508168365, 0.7080410878219949, 0.6832572568315222, 0.6651556955754445, 0.6502520668142018, 0.6387483085656837, 0.6289693788080802, 0.6208526951212862, 0.614014749425909, 0.6082320161227186, 0.6033582917499869, 0.5990511437074638, 0.5952155438520005, 0.5918479706662974, 0.5887743933564306, 0.5858120696158962, 0.5832036513396004, 0.5807426730249942, 0.5782640894572464, 0.5761018016839391, 0.5739957179734375, 0.5718670507629082, 0.569989497960478, 0.5681389296387436, 0.5663175924909462, 0.5646832185145567, 0.5630802001386674]
test_mses [1.0015821733934822, 1.092246610980803, 1.1706994051860165, 1.2493683256539587, 1.3212821456229833, 1.383134835819041, 1.4319690386285875, 1.4734613149288733, 1.5120974690836884, 1.5448828519744136, 1.5754309725166251, 1.6012828640558818, 1.6282570238403853, 1.6523893219583825, 1.6718809281869293, 1.694351676995175, 1.7164039907662985, 1.733818151238601, 1.7530564365540773, 1.7751444388688788, 1.7915248545421176, 1.8085462709445197, 1.83110370664751, 1.847030290407614, 1.8623024635480125, 1.8851537118560173, 1.9016131202187379, 1.915570512797867, 1.9383245066120032, 1.955599435536227, 1.9688933088720952]
test_rres [1.0000113982206769, 1.09053364732721, 1.1688634044969726, 1.2474089489799736, 1.3192099869466924, 1.3809656739484917, 1.4297232903776147, 1.471150494595742, 1.5097260559072225, 1.542460021683263, 1.572960233795594, 1.5987715819720805, 1.6257034383474156, 1.6497978899304473, 1.6692589275926244, 1.6916944356634847, 1.7137121649263225, 1.7310990148776795, 1.7503071289084189, 1.7723604907448107, 1.788715217112725, 1.805709938932295, 1.8282319979473751, 1.8441336041439575, 1.8593818260289916, 1.8821972368645818, 1.898630832038228, 1.912566335324274, 1.9352846441896212, 1.9525324809488815, 1.9658055055848218]
step_times_seconds [0.03803205490112305, 0.026833057403564453, 0.026430130004882812, 0.026740074157714844, 0.02682805061340332, 0.02668905258178711, 0.026853084564208984, 0.02688288688659668, 0.026937007904052734, 0.026952028274536133, 0.027106046676635742, 0.027209043502807617, 0.027214765548706055, 0.02714705467224121, 0.027103900909423828, 0.027059316635131836, 0.027187347412109375, 0.02706313133239746, 0.027012109756469727, 0.026999235153198242, 0.026979684829711914, 0.026960134506225586, 0.027018070220947266, 0.02706599235534668, 0.027010202407836914, 0.027043819427490234, 0.02695298194885254, 0.027068138122558594, 0.0271151065826416, 0.027157068252563477, 0.027092933654785156]
