date 2025-01-26T23:42:30.059438
sample_ratio 0.06
rank 16
seed 0
l2_regularization_strength 0
input_shape (100, 100, 100)
input_size 1000000
num_train_samples 60000
num_test_samples 1000000
num_iterations 10
max_num_richardson_iterations None
num_richardson_iterations None
train_mses [1.0104040011978326, 0.9834119403477619, 0.9581896731377614, 0.9320733119791104, 0.9155090934745708, 0.9032818724568527, 0.8944840989031498, 0.8874927866592729, 0.8821028856677313, 0.8775453271236683, 0.8736304243463713, 0.8704135515012006, 0.8675223673877539, 0.8649371258923162, 0.8626325102267467, 0.860472770693986, 0.8585197539539503, 0.8566883518185753, 0.8549620178379341, 0.8534152460555182, 0.8519536704216293, 0.8505930149000381, 0.8493942852568278, 0.8482672589617092, 0.8472211902498358, 0.8463043413448261, 0.845434723780936, 0.844618543518267, 0.8438981147505172, 0.8432006391816982, 0.842537980072576]
train_rres [1.000015515507412, 0.9733009739838319, 0.9483380299373189, 0.9224901845840892, 0.906096271370011, 0.8939947647303295, 0.8852874456330241, 0.8783680146832797, 0.873033530049212, 0.8685228301197844, 0.8646481784810746, 0.8614643799680328, 0.8586029216125556, 0.8560442603209272, 0.8537633395999891, 0.8516258054654696, 0.8496928686998134, 0.8478802961562196, 0.8461717115073641, 0.8446408428849802, 0.8431942944654928, 0.8418476285464753, 0.8406612236622034, 0.8395457849068467, 0.838510471367985, 0.8376030490603746, 0.8367423724840577, 0.8359345837924529, 0.8352215621251657, 0.8345312576631094, 0.8338754116947354]
test_mses [1.001584962930498, 1.0262509774435025, 1.049191757443813, 1.0734062462601064, 1.089872912729792, 1.103323704147591, 1.1129807696083422, 1.1210768652980119, 1.1277327711417038, 1.1332522284163797, 1.137707109929058, 1.1415913921547582, 1.145140413827382, 1.1479480288560735, 1.150664103860855, 1.1532600790050314, 1.1554177841515632, 1.1577599675903167, 1.1597444619896566, 1.161640538762058, 1.163750001846337, 1.1652925574368616, 1.1669492836336945, 1.1687358132874932, 1.1699523894212278, 1.1713246726544921, 1.1727939655073965, 1.1737824838098985, 1.1748988878251674, 1.1761517069415273, 1.1769958235388478]
test_rres [1.0000141833828788, 1.0246415143367722, 1.0475463164526648, 1.071722829834825, 1.0881636717325915, 1.1015933683567982, 1.111235288701082, 1.1193186873335914, 1.125964154761016, 1.1314749559047377, 1.1359228508540926, 1.139801041383828, 1.1433444971475535, 1.1461477090108343, 1.1488595244118625, 1.1514514283041597, 1.1536057495349585, 1.155944259741806, 1.1579256418707642, 1.1598187450376056, 1.1619248998638816, 1.1634650362739447, 1.1651191642372556, 1.1669028920875677, 1.1681175602724214, 1.1694876913623167, 1.1709546799322614, 1.171941647947579, 1.1730563011132855, 1.1743071554411177, 1.1751499482155614]
step_times_seconds [0.17136693000793457, 0.23194122314453125, 0.15841388702392578, 0.15859699249267578, 0.15822911262512207, 0.15755295753479004, 0.15915775299072266, 0.15755295753479004, 0.15732097625732422, 0.16168498992919922, 0.15762996673583984, 0.1573319435119629, 0.15878605842590332, 0.15807104110717773, 0.15734195709228516, 0.15807008743286133, 0.1577458381652832, 0.1564171314239502, 0.15782785415649414, 0.15679597854614258, 0.15633511543273926, 0.1574709415435791, 0.15694475173950195, 0.15683579444885254, 0.1581270694732666, 0.15790605545043945, 0.15836811065673828, 0.15950226783752441, 0.15793704986572266, 0.1581859588623047, 0.15946221351623535]
