date 2025-01-26T23:42:30.059438
sample_ratio 0.09
rank 16
seed 0
l2_regularization_strength 0
input_shape (100, 100, 100)
input_size 1000000
num_train_samples 90000
num_test_samples 1000000
num_iterations 10
max_num_richardson_iterations None
num_richardson_iterations None
train_mses [1.0094330888125187, 0.9914859295252887, 0.9738915836851861, 0.9567139659968659, 0.9459872144852274, 0.9381473944401126, 0.9320913554563283, 0.9274247793370767, 0.9234940003666375, 0.9201876740454007, 0.9173362886712301, 0.9148115949116924, 0.9125938769143118, 0.9106131982668851, 0.9088074919951137, 0.9072065381750639, 0.9057517940992689, 0.9044325908789291, 0.9032432245987027, 0.902154974892419, 0.9011767492068744, 0.9002813323049825, 0.8994722450367196, 0.898746494205735, 0.8980798985691433, 0.8974806114171842, 0.8969385208245032, 0.8964344184003803, 0.8959757661611646, 0.8955531615777431, 0.8951527015199523]
train_rres [1.0000115574196038, 0.9822319077241558, 0.96480177849584, 0.947784487892197, 0.937157854384645, 0.9293912072040703, 0.9233916921860988, 0.918768671498002, 0.9148745804050249, 0.9115991136400836, 0.9087743416364412, 0.9062732120752408, 0.9040761931216745, 0.9021140011141875, 0.9003251483798267, 0.8987391370426828, 0.8972979708029332, 0.8959910803497217, 0.8948128150051302, 0.8937347224641752, 0.8927656270361065, 0.891878567496921, 0.8910770318347844, 0.8903580547903076, 0.88969768081594, 0.8891039871032868, 0.8885669561065249, 0.8880675587162142, 0.8876131873020656, 0.8871945270933568, 0.8867978047246192]
test_mses [1.001584962930498, 1.0167685698294768, 1.0316323056821834, 1.0455872857528776, 1.0548270685089485, 1.0624644193600865, 1.0680149792803724, 1.0722808087702114, 1.0762474396268717, 1.079368685875508, 1.0820630308814585, 1.0845047914571009, 1.0867751305416422, 1.0887459396442056, 1.090524939090993, 1.0923450297348278, 1.093964460735214, 1.0952638442773057, 1.0967809033942113, 1.098115058382375, 1.0990089849671614, 1.100244403903555, 1.1012591732153865, 1.1018546374379945, 1.1028000506329243, 1.103521777301807, 1.1039343461534803, 1.104638548135263, 1.1051597313499626, 1.105482664861282, 1.106021006725219]
test_rres [1.0000141833828788, 1.0151739779243856, 1.0300144030714178, 1.043947497632551, 1.0531727896940577, 1.0607981629347494, 1.0663400179459928, 1.0705991573616351, 1.0745595673754782, 1.077675918592787, 1.080366038074008, 1.082803969251532, 1.0850707477772272, 1.0870384660719759, 1.088814675524854, 1.0906319117317074, 1.092248802988399, 1.0935461487152598, 1.095060828637667, 1.0963928912787548, 1.097285415923967, 1.098518897360428, 1.0995320752157784, 1.1001266055755023, 1.1010705360847233, 1.1017911308741026, 1.102203052696579, 1.1029061502827173, 1.1034265161289816, 1.103748943185658, 1.1042864407713553]
step_times_seconds [0.25122523307800293, 0.2323751449584961, 0.23149895668029785, 0.23324227333068848, 0.23232197761535645, 0.2319629192352295, 0.23372912406921387, 0.2319629192352295, 0.23122191429138184, 0.2329709529876709, 0.2311408519744873, 0.23132610321044922, 0.23397326469421387, 0.23176980018615723, 0.23178505897521973, 0.2332007884979248, 0.23197484016418457, 0.23381614685058594, 0.23536300659179688, 0.23458480834960938, 0.23357105255126953, 0.23528218269348145, 0.2331998348236084, 0.23333382606506348, 0.23428606986999512, 0.23274707794189453, 0.23285698890686035, 0.23465228080749512, 0.23398494720458984, 0.23274612426757812, 0.23429393768310547]
