date 2025-01-26T23:42:30.059438
sample_ratio 0.04
rank 1
seed 0
l2_regularization_strength 0
input_shape (100, 100, 100)
input_size 1000000
num_train_samples 40000
num_test_samples 1000000
num_iterations 10
max_num_richardson_iterations None
num_richardson_iterations None
train_mses [1.0091091530879275, 1.0060029773089618, 1.0035543493421435, 1.0011644111252052, 0.9998974026186621, 0.9988881863409239, 0.9981104686063332, 0.9974482617954081, 0.9967739161281839, 0.9961625668037201, 0.9957091289789513, 0.9952204575150243, 0.994803288160573, 0.9945225058761389, 0.9942362741240053, 0.993987631445486, 0.9938095596823028, 0.9936368876716966, 0.9934704274395474, 0.9933402799514554, 0.9932157100522018, 0.9930827350800778, 0.9929753298287863, 0.9928665258431917, 0.9927495416091114, 0.9926518219787173, 0.9925476525258353, 0.9924381077329865, 0.9923442216888149, 0.992241348437398, 0.9921353026677135]
train_rres [0.9999777444506344, 0.9968996763944558, 0.9944732060133629, 0.9921048942997714, 0.9908493509279809, 0.9898492670282488, 0.989078586845956, 0.9884223723312799, 0.9877541288045738, 0.9871483115679764, 0.9866989768930571, 0.9862147274074788, 0.9858013330102111, 0.9855230915190792, 0.9852394498723724, 0.9849930571565011, 0.9848165967611581, 0.9846454872561383, 0.984480533319316, 0.9843515635332527, 0.9842281208645376, 0.9840963491802892, 0.9839899158369785, 0.9838820964164834, 0.9837661707704085, 0.9836693354030044, 0.9835661085774278, 0.9834575550532286, 0.9833645185820017, 0.9832625762285889, 0.9831574900649633]
test_mses [1.0015712181240313, 1.0046334292607089, 1.0069790804820251, 1.0093465594847606, 1.0105261141575952, 1.0115400567457904, 1.0123226548314839, 1.0128102918016106, 1.0135884931066128, 1.0140807821466775, 1.0144203260065587, 1.014993409145125, 1.015311656665928, 1.0155917409886173, 1.0158932714590316, 1.0160594404800187, 1.016287427957479, 1.0164208738039409, 1.0165057492953369, 1.0166972616166523, 1.0167627473480039, 1.016814382197286, 1.0169687119277107, 1.017020319161165, 1.0170568289763333, 1.017176165216385, 1.0172316716109358, 1.0172656712247297, 1.0173626980910515, 1.0174276514502438, 1.0174708606513958]
test_rres [1.0000004601323076, 1.0030578688220617, 1.00539984137297, 1.0077636074729217, 1.0089413122574051, 1.009953664685665, 1.010735035427586, 1.0112219076396467, 1.01199888849632, 1.0124904054825061, 1.0128294168378367, 1.0134016012136353, 1.0137193496288055, 1.0139989946969712, 1.0143000522790004, 1.0144659606981319, 1.0146935906242311, 1.0148268271883916, 1.0149115695700754, 1.0151027815437934, 1.0151681645742745, 1.0152197184449394, 1.0153738061409956, 1.0154253324391425, 1.0154617849961918, 1.015580934081951, 1.0156363534261639, 1.0156702997185725, 1.0157671744182555, 1.0158320259114935, 1.0158751673479205]
step_times_seconds [0.11846137046813965, 0.09627580642700195, 0.09513115882873535, 0.0962221622467041, 0.09517097473144531, 0.09509706497192383, 0.09545612335205078, 0.09545230865478516, 0.09534192085266113, 0.09614419937133789, 0.09496378898620605, 0.09500312805175781, 0.0954890251159668, 0.09519481658935547, 0.09526300430297852, 0.09542417526245117, 0.09489893913269043, 0.09466385841369629, 0.09532380104064941, 0.09483480453491211, 0.09481191635131836, 0.09556198120117188, 0.09468317031860352, 0.09434700012207031, 0.0951380729675293, 0.09505414962768555, 0.0949699878692627, 0.09554815292358398, 0.09496593475341797, 0.09501791000366211, 0.09562110900878906]
