date 2025-01-26T23:42:30.059438
sample_ratio 0.09
rank 2
seed 0
l2_regularization_strength 0
input_shape (100, 100, 100)
input_size 1000000
num_train_samples 90000
num_test_samples 1000000
num_iterations 10
max_num_richardson_iterations None
num_richardson_iterations None
train_mses [1.0094335750772172, 1.007067807097783, 1.0048821724273898, 1.0024560515480176, 1.0008708846505432, 0.9997207959917567, 0.9986659297175237, 0.9979480726566269, 0.9973733890635019, 0.996900040413995, 0.9966138580551336, 0.9963520912795468, 0.9961297716249259, 0.9959787546104747, 0.9958323787048181, 0.9957037083617639, 0.9956042268610947, 0.9955115465140446, 0.9954287217608554, 0.9953556901049907, 0.9952901767200991, 0.9952313083272544, 0.9951741639707218, 0.9951242097661895, 0.9950792506070943, 0.9950327665784489, 0.9949926530287773, 0.9949562438730785, 0.9949168454343019, 0.9948828161619044, 0.994851478072084]
train_rres [1.0000120391457568, 0.9976683520328341, 0.9955031169569151, 0.9930996402471084, 0.9915292684854909, 0.99038991416514, 0.9893448934723805, 0.988633736521585, 0.9880644167307503, 0.9875954860750763, 0.9873119747957624, 0.9870526512171751, 0.9868324065803326, 0.9866827990813393, 0.9865377893734085, 0.9864103199734281, 0.9863117669821292, 0.986219951665965, 0.9861378999565972, 0.9860655499407995, 0.9860006480242849, 0.985942329078865, 0.9858857180784855, 0.9858362301209105, 0.985791690587577, 0.9857456404170446, 0.9857059012666983, 0.9856698319354091, 0.9856308012214793, 0.9855970895608797, 0.9855660439647373]
test_mses [1.0015767175707986, 1.0035804274587299, 1.0055558408137766, 1.0076060301737753, 1.0088622239925988, 1.009886394742976, 1.0106636299131977, 1.0112411409644988, 1.0116686967982853, 1.0120729283023724, 1.0123369628449237, 1.012522334835247, 1.0127689048028963, 1.0129232872968117, 1.0130339550346972, 1.0131935707441317, 1.0133025888031448, 1.0133832736276749, 1.0134821681584654, 1.013564988048345, 1.0136312983743148, 1.013693485336978, 1.013760701147457, 1.0138183057493286, 1.013860028600261, 1.013917833178066, 1.0139706763997682, 1.0140017266369206, 1.0140539723741702, 1.0141061185400915, 1.0141323393585124]
test_rres [1.0000059509543262, 1.0020065184363431, 1.0039788337627542, 1.006025807823368, 1.0072800315611383, 1.008302596110816, 1.0090786123478928, 1.009655217692158, 1.0100821029927556, 1.0104857005430568, 1.010749321001856, 1.010934402274425, 1.0111805855479081, 1.0113347259247063, 1.0114452201030577, 1.0116045854881555, 1.0117134325748158, 1.0117939908618312, 1.011892730296936, 1.011975420300891, 1.0120416266327836, 1.012103716068015, 1.0121708264643512, 1.0122283407252797, 1.012269998142521, 1.0123277120657617, 1.0123804724137637, 1.0124114739550196, 1.0124636377556004, 1.0125157021410098, 1.0125418818374823]
step_times_seconds [0.2515430450439453, 0.21230268478393555, 0.21065902709960938, 0.21284890174865723, 0.21108412742614746, 0.2101898193359375, 0.21228790283203125, 0.21104812622070312, 0.21068477630615234, 0.2126317024230957, 0.21103286743164062, 0.21094393730163574, 0.21297597885131836, 0.21100807189941406, 0.21097207069396973, 0.21300888061523438, 0.21103835105895996, 0.21239614486694336, 0.21312475204467773, 0.21189618110656738, 0.21387195587158203, 0.2146909236907959, 0.21128392219543457, 0.2132120132446289, 0.21571111679077148, 0.21838617324829102, 0.21867704391479492, 0.22119903564453125, 0.21234512329101562, 0.2114088535308838, 0.21327614784240723]
