date 2025-01-26T23:42:30.059438
sample_ratio 0.01
rank 2
seed 0
l2_regularization_strength 0
input_shape (100, 100, 100)
input_size 1000000
num_train_samples 10000
num_test_samples 1000000
num_iterations 10
max_num_richardson_iterations None
num_richardson_iterations None
train_mses [0.9983200435395585, 0.9765768258149772, 0.956869322141205, 0.938565316007441, 0.9268873037175439, 0.9177000747387442, 0.9113469118852209, 0.9058601114993631, 0.901114135922043, 0.8973446518946264, 0.8935961624791949, 0.8906089812078535, 0.8882288698982626, 0.8861263855627615, 0.8842893298947463, 0.8829002426794279, 0.8815095854455801, 0.880276244942055, 0.8792908684053719, 0.8782753922096844, 0.8773969951103896, 0.8766551766660141, 0.875929495477465, 0.8752820823043419, 0.8747389150429479, 0.8742274213715998, 0.8737430231150632, 0.8733501160249559, 0.8729825635176008, 0.8726191894867572, 0.8723219430385505]
train_rres [0.9999842775022536, 0.9782048130834086, 0.9584644563209439, 0.9401299367773186, 0.9284324568379485, 0.9192299124314074, 0.9128661586361717, 0.9073702115647319, 0.9026163242823497, 0.8988405563949818, 0.8950858181183416, 0.8920936571127389, 0.8897095780754618, 0.8876035888260208, 0.8857634707228138, 0.8843720678511726, 0.8829790923437272, 0.8817436958190225, 0.8807566766256492, 0.8797395075961014, 0.8788596461785302, 0.8781165910972092, 0.8773897001730769, 0.8767412077398533, 0.8761971349998908, 0.875684788650942, 0.8751995828857961, 0.8748060208060111, 0.8744378555759427, 0.8740738757880503, 0.873776133819757]
test_mses [1.0015767175707986, 1.0270444795215738, 1.0513261437804744, 1.0716244862725637, 1.0861508509362618, 1.0980553518249125, 1.1090302660315847, 1.1155312471693244, 1.1225096186424026, 1.1282339922646143, 1.1329954814122054, 1.1377772071471, 1.140675650660795, 1.1436097126798277, 1.147175691587435, 1.148187712548879, 1.1508547532097866, 1.1541216358474455, 1.1551104449880132, 1.1578352890518722, 1.161117312373834, 1.1626165686853127, 1.165287207066956, 1.168526384682974, 1.1703580021544184, 1.172898876416397, 1.1760132367613803, 1.1779747062814263, 1.1803349966468115, 1.1831896759667375, 1.1852005896013609]
test_rres [1.0000059509543262, 1.0254337719704065, 1.0496773554443395, 1.0699438641705308, 1.0844474472257188, 1.0963332783587196, 1.1072909806748277, 1.113781766363765, 1.1207491936997094, 1.126464589821917, 1.1312186115553136, 1.135992838139098, 1.1388867360416268, 1.1418161965892104, 1.145376582993992, 1.146387016809176, 1.1490498747665907, 1.1523116339722679, 1.1532988923695318, 1.1560194630771758, 1.1592963392221136, 1.1607932442591244, 1.1634596942949915, 1.1666937919286429, 1.168522536885653, 1.1710594263101275, 1.1741689024229038, 1.1761272957823452, 1.1784838845188426, 1.181334086862719, 1.1833418467938361]
step_times_seconds [0.03666830062866211, 0.025937795639038086, 0.025004148483276367, 0.025500774383544922, 0.025531768798828125, 0.025516033172607422, 0.025482892990112305, 0.0256500244140625, 0.025569915771484375, 0.025768041610717773, 0.025454998016357422, 0.02555990219116211, 0.025377750396728516, 0.025610923767089844, 0.02539992332458496, 0.0255281925201416, 0.02537703514099121, 0.02549004554748535, 0.025365114212036133, 0.025578975677490234, 0.025376081466674805, 0.025552749633789062, 0.02535414695739746, 0.025441884994506836, 0.025221824645996094, 0.02548074722290039, 0.025285959243774414, 0.025483131408691406, 0.025392770767211914, 0.025536775588989258, 0.025406360626220703]
