date 2025-01-26T23:42:30.059438
sample_ratio 0.04
rank 16
seed 0
l2_regularization_strength 0
input_shape (100, 100, 100)
input_size 1000000
num_train_samples 40000
num_test_samples 1000000
num_iterations 10
max_num_richardson_iterations None
num_richardson_iterations None
train_mses [1.009195794348042, 0.9664450597507018, 0.9283460209372839, 0.891478449774984, 0.869528157985932, 0.8526605264734748, 0.8416050731520103, 0.8324017827948795, 0.8248797566657883, 0.81860210847918, 0.8129583519480584, 0.8079016455598924, 0.8034680292633315, 0.7995301281156988, 0.795914957860916, 0.7927157942468158, 0.7898902143560385, 0.7873212463839419, 0.7850371618104749, 0.7829952713534274, 0.7811463074374994, 0.7794867202740627, 0.7779682294178356, 0.776590894958753, 0.7753357485355246, 0.7741705744149413, 0.7730988770482908, 0.7720969092624489, 0.7711532285025203, 0.7702656240701304, 0.7694102098137502]
train_rres [1.000063601695711, 0.9576997176446751, 0.9199454362750171, 0.883411479030218, 0.8616598149945861, 0.8449448183438901, 0.8339894055994433, 0.8248693956335383, 0.8174154361691433, 0.8111945942960023, 0.8056019080053769, 0.8005909596526503, 0.796197463061694, 0.7922951959031518, 0.788712739252035, 0.785542524805791, 0.7827425135311945, 0.7801967920991353, 0.7779333761615029, 0.775909962730552, 0.7740777300522905, 0.7724331604600574, 0.7709284103973588, 0.7695635394103769, 0.7683197507821452, 0.7671651202989831, 0.7661031207004686, 0.7651102197011738, 0.7641750782896554, 0.7632955057721041, 0.7624478321423006]
test_mses [1.001584962930498, 1.0434563670390482, 1.0811658419833714, 1.1199516460697385, 1.1450750199553268, 1.1666387948768884, 1.1817072939041162, 1.1941952268734968, 1.2053513732244858, 1.2138518919138792, 1.221992549075247, 1.2300778721096646, 1.2361275650789774, 1.2423390904600065, 1.2485791481825192, 1.253341890853039, 1.2582145416879011, 1.2628306500143291, 1.2664065715559092, 1.2700734962678468, 1.2734078415204715, 1.2759810626053294, 1.278816549392842, 1.281313615754057, 1.2832189179926143, 1.28548464583465, 1.2874672150989932, 1.289019214798506, 1.290879567411268, 1.292555949029786, 1.2940049894251415]
test_rres [1.0000141833828788, 1.0418199208254566, 1.0794702562317613, 1.118195232779725, 1.1432792058323065, 1.1648091624180603, 1.1798540296107844, 1.1923223778315652, 1.203461028066731, 1.211948215444857, 1.2200761056635825, 1.2281487485355291, 1.2341889538085031, 1.2403907376924161, 1.2466210091707168, 1.2513762824611496, 1.2562412915476255, 1.2608501604597084, 1.264420473905491, 1.2680816478019177, 1.2714107638213556, 1.2739799493393857, 1.2768109892503794, 1.279304139477752, 1.2812064536425074, 1.28346862815748, 1.2854480881706187, 1.2869976538785324, 1.2888550889117143, 1.290528841471233, 1.2919756093454335]
step_times_seconds [0.11848306655883789, 0.1020057201385498, 0.10168337821960449, 0.10193896293640137, 0.10170388221740723, 0.10181403160095215, 0.1017007827758789, 0.10166382789611816, 0.10149288177490234, 0.10181784629821777, 0.10155916213989258, 0.10158634185791016, 0.10218381881713867, 0.10158324241638184, 0.10138487815856934, 0.10361909866333008, 0.10178995132446289, 0.10140609741210938, 0.10131144523620605, 0.1010138988494873, 0.10092020034790039, 0.10175108909606934, 0.10104179382324219, 0.10071802139282227, 0.10168099403381348, 0.10146021842956543, 0.10136294364929199, 0.10202598571777344, 0.10157895088195801, 0.10147595405578613, 0.10209107398986816]
