date 2025-01-26T23:42:30.059438
sample_ratio 0.1
rank 8
seed 0
l2_regularization_strength 0
input_shape (100, 100, 100)
input_size 1000000
num_train_samples 100000
num_test_samples 1000000
num_iterations 10
max_num_richardson_iterations None
num_richardson_iterations None
train_mses [1.0086157033867984, 1.0010154904421784, 0.9938048976056352, 0.9856897812045677, 0.98072746778345, 0.9766051303599487, 0.9735076229432622, 0.9712306990030124, 0.9692549173282611, 0.9676850208166987, 0.9664070978783837, 0.9652653947565724, 0.9643725421564581, 0.9635827567042404, 0.9628469614107508, 0.962248177480568, 0.9616950756764571, 0.9611676054499476, 0.960711319474256, 0.9602846479918422, 0.9598779608232522, 0.9595040787534279, 0.9591542297605983, 0.9588233322812197, 0.9585088835808196, 0.9582156837399621, 0.9579399681214051, 0.9576747474175132, 0.9574265663477025, 0.9571940667335053, 0.9569683492682373]
train_rres [1.000025946675515, 0.9924904600482912, 0.9853412753754341, 0.977295270406337, 0.9723752179423603, 0.9682879879194585, 0.9652168600594568, 0.9629593272734704, 0.9610003721103862, 0.959443845437357, 0.9581768057790654, 0.9570448258372718, 0.9561595771110495, 0.9553765177735115, 0.9546469887938808, 0.9540533043364363, 0.9535049129586234, 0.9529819348701036, 0.952529534800123, 0.95210649701508, 0.9517032733498085, 0.9513325754025472, 0.950985705857414, 0.9506576264274024, 0.9503458556922824, 0.950055152853298, 0.9497817853342966, 0.9495188233512571, 0.9492727558862641, 0.9490422363276171, 0.9488184411585274]
test_mses [1.0015821733934822, 1.0077658874937983, 1.0132753043004283, 1.0199302607166085, 1.0241355345788854, 1.0275816372886513, 1.0301793356701976, 1.0322339849375215, 1.0338453504065608, 1.0351867706458007, 1.036408286065583, 1.0373863575813074, 1.0382428468100564, 1.0390150799200435, 1.0397237342590122, 1.0403539297526083, 1.0408868923808297, 1.0414630178085686, 1.0419541892851285, 1.0423660858020554, 1.0428380014631062, 1.0432301443875243, 1.043579144550629, 1.043959736635627, 1.0442739336794287, 1.0445788332943184, 1.0448809974927937, 1.0451329210504599, 1.0454003048647762, 1.045641293017113, 1.0458478271040816]
test_rres [1.0000113982206769, 1.0061854144401372, 1.0116861908622174, 1.0183307103511117, 1.0225293891082108, 1.025970087316256, 1.0285637117433803, 1.030615138716874, 1.032223977091342, 1.033563293589457, 1.0347828933141066, 1.0357594309262783, 1.036614576928229, 1.037385598949771, 1.038093141910491, 1.038722349072364, 1.0392544758585678, 1.0398296977523358, 1.040320098927685, 1.0407313494698334, 1.0412025250284505, 1.041594052957528, 1.0419425057858198, 1.0423225009905877, 1.042636205281095, 1.0429406267237906, 1.0432423170400087, 1.0434938455075062, 1.043760809985428, 1.0440014201975254, 1.0442076303783536]
step_times_seconds [0.2788119316101074, 0.2388749122619629, 0.23797202110290527, 0.24051213264465332, 0.23922204971313477, 0.23819518089294434, 0.24055695533752441, 0.23817205429077148, 0.2379000186920166, 0.24027276039123535, 0.23791885375976562, 0.23743295669555664, 0.23974299430847168, 0.2379012107849121, 0.2398231029510498, 0.24127697944641113, 0.23926305770874023, 0.23886322975158691, 0.24143719673156738, 0.2386791706085205, 0.23813986778259277, 0.24823927879333496, 0.24069809913635254, 0.2395942211151123, 0.24267029762268066, 0.24052095413208008, 0.23972725868225098, 0.24219107627868652, 0.24016785621643066, 0.23964619636535645, 0.24195003509521484]
