date 2025-01-26T23:42:30.059438
sample_ratio 0.1
rank 1
seed 0
l2_regularization_strength 0
input_shape (100, 100, 100)
input_size 1000000
num_train_samples 100000
num_test_samples 1000000
num_iterations 10
max_num_richardson_iterations None
num_richardson_iterations None
train_mses [1.008584064506197, 1.0077901904267155, 1.006787373119251, 1.0058314347150195, 1.0051169690933688, 1.00450519364272, 1.00410570899663, 1.003805134514151, 1.0035939513672194, 1.0034175023914986, 1.003293832388709, 1.0031970769732164, 1.0031129075222387, 1.0030394520934116, 1.0029853510294429, 1.0029339489679254, 1.0028826042432644, 1.0028442624393783, 1.0028066888477143, 1.002768157973045, 1.002737688670489, 1.002708223533427, 1.0026780111960714, 1.0026526609119049, 1.002628357824776, 1.0026035023359843, 1.002581501672906, 1.0025602919163614, 1.002538752879581, 1.002518912902233, 1.0024996036337899]
train_rres [0.9999945772437095, 0.9992074640992198, 0.9982131871671114, 0.997265389899584, 0.9965570089401571, 0.9959504436029988, 0.9955543611207938, 0.9952563464454538, 0.9950469618148923, 0.9948720155460681, 0.9947493987642753, 0.9946534673548699, 0.994570014723097, 0.9944971848687685, 0.9944435445501318, 0.9943925802482106, 0.9943416727948429, 0.9943036575244086, 0.9942664039238077, 0.9942282011927894, 0.994197991378456, 0.9941687771777594, 0.9941388221402128, 0.9941136877487521, 0.9940895916359993, 0.994064947826047, 0.9940431345290219, 0.994022105402868, 0.9940007498007547, 0.9939810787882343, 0.9939619339648992]
test_mses [1.0015712181240313, 1.0022746258081265, 1.0030415389214349, 1.003827157064532, 1.0043310792138107, 1.0049563109492587, 1.0052785643628899, 1.0055623202476862, 1.0058305744884357, 1.005970741384295, 1.0061349009442453, 1.0062576449105038, 1.0063321679261907, 1.0064553328762134, 1.0065109320182275, 1.0065600274579343, 1.0066561068358202, 1.0066831634523576, 1.0067181688662905, 1.0067919234301042, 1.0068055090470045, 1.0068306914091778, 1.0068849913246585, 1.0068928774310295, 1.0069118795006693, 1.0069506100514742, 1.0069571837332683, 1.0069730139055686, 1.0070007319308594, 1.007007809148923, 1.0070220955476532]
test_rres [1.0000004601323076, 1.000702764666451, 1.0014684750346323, 1.0022528610976196, 1.0027559929488856, 1.003380244137242, 1.003701992162823, 1.0039853030350074, 1.0042531365742784, 1.0043930836472557, 1.004556985756776, 1.0046795372244257, 1.0047539433661248, 1.0048769151573125, 1.0049324271035336, 1.0049814455471635, 1.005077374244351, 1.005104388428163, 1.0051393389433203, 1.0052129778383043, 1.005226542148965, 1.0052516850177942, 1.0053058997750508, 1.0053137735136897, 1.0053327457825005, 1.0053714155924205, 1.0053779789647497, 1.0053937843106877, 1.0054214588659698, 1.0054285249848758, 1.0054427889783346]
step_times_seconds [0.29230380058288574, 0.23325800895690918, 0.23161792755126953, 0.23454523086547852, 0.23193717002868652, 0.23210811614990234, 0.2332313060760498, 0.23222088813781738, 0.23157715797424316, 0.23551201820373535, 0.2324681282043457, 0.2322368621826172, 0.23409724235534668, 0.23245596885681152, 0.23386192321777344, 0.2351980209350586, 0.23366808891296387, 0.2337639331817627, 0.2348921298980713, 0.23320817947387695, 0.23294687271118164, 0.23486781120300293, 0.2327122688293457, 0.23265385627746582, 0.2346630096435547, 0.23333501815795898, 0.23330092430114746, 0.2347888946533203, 0.23302698135375977, 0.232985258102417, 0.2348489761352539]
