date 2025-01-26T23:42:30.059438
sample_ratio 0.03
rank 1
seed 0
l2_regularization_strength 0
input_shape (100, 100, 100)
input_size 1000000
num_train_samples 30000
num_test_samples 1000000
num_iterations 10
max_num_richardson_iterations None
num_richardson_iterations None
train_mses [1.0058004744809446, 1.0028271177291401, 0.9996168519670862, 0.995789710073184, 0.9940049592636989, 0.9928042673682325, 0.9919157916163499, 0.9912516299865892, 0.9904639998397327, 0.9897215842555405, 0.9891255039714437, 0.9884090150227655, 0.9878169711186491, 0.9873538417083096, 0.9868405305797708, 0.9864514805462841, 0.986125122646933, 0.9857936482599228, 0.9855516841625327, 0.9853420969806864, 0.9851436134633074, 0.9849997664467401, 0.9848775768215225, 0.9847599921923538, 0.9846755745795944, 0.9846014838480163, 0.9845293864697173, 0.9844758826564112, 0.9844250001852374, 0.9843766210302675, 0.9843378906280382]
train_rres [0.9999796596753503, 0.9970235104706116, 0.9938318233063528, 0.9900268300241926, 0.988252408006749, 0.987058664810691, 0.9861753308865787, 0.9855150129235749, 0.9847319409861609, 0.983993821943613, 0.9834011913227755, 0.982688848871923, 0.9821002312715418, 0.9816397821050449, 0.9811294416342983, 0.9807426431290743, 0.9804181739431815, 0.9800886178800025, 0.979848054088375, 0.9796396798391154, 0.9794423449946849, 0.9792993304561936, 0.9791778479723998, 0.9790609438344097, 0.9789770147671448, 0.978903352816859, 0.9788316726838266, 0.9787784785102518, 0.9787278905084574, 0.97867979133556, 0.9786412850756975]
test_mses [1.0015712181240313, 1.0044744216820312, 1.0076062084300876, 1.0115453255114004, 1.0135793204888044, 1.014839394932638, 1.0158723817481126, 1.016664764136256, 1.0175943283684568, 1.018529339666643, 1.0192504399039954, 1.0200935858368687, 1.0209290255505317, 1.0214684697215575, 1.0220409850827914, 1.0226675305367516, 1.0230139562047018, 1.0234236523344458, 1.0238705385596487, 1.0240749494933143, 1.024387756459162, 1.02469149803349, 1.024794519878084, 1.025028415554401, 1.0252154660188557, 1.025273722701536, 1.0254439900800683, 1.0255496035712865, 1.0256006868374055, 1.0257257503846668, 1.0257843135907567]
test_rres [1.0000004601323076, 1.0028991106139933, 1.006025985800122, 1.0099589251883023, 1.011989730263872, 1.0132478285406923, 1.0142791953292865, 1.015070335028996, 1.015998441431319, 1.0169319863570272, 1.017651955697305, 1.0184937793295885, 1.019327908828278, 1.019866506992323, 1.0204381244812308, 1.021063687327803, 1.021409569698505, 1.0218186233043243, 1.022264808680604, 1.0224688990378574, 1.0227812154304612, 1.0230844806487431, 1.0231873409248107, 1.0234208697839746, 1.0236076268983347, 1.0236657922174173, 1.023835792566665, 1.0239412404248935, 1.0239922435774398, 1.024117110988308, 1.0241755823500813]
step_times_seconds [0.08993196487426758, 0.07176828384399414, 0.07125711441040039, 0.07221817970275879, 0.07182598114013672, 0.07146096229553223, 0.07221603393554688, 0.07179021835327148, 0.07158088684082031, 0.07200908660888672, 0.07164406776428223, 0.07148194313049316, 0.07172799110412598, 0.07168269157409668, 0.07133293151855469, 0.07160401344299316, 0.07124185562133789, 0.07119917869567871, 0.07140398025512695, 0.07120418548583984, 0.07076311111450195, 0.07124900817871094, 0.07089614868164062, 0.07097387313842773, 0.07140398025512695, 0.07120704650878906, 0.07123303413391113, 0.0712881088256836, 0.07122611999511719, 0.07111501693725586, 0.07140707969665527]
