date 2025-01-26T23:42:30.059438
sample_ratio 0.1
rank 2
seed 0
l2_regularization_strength 0
input_shape (100, 100, 100)
input_size 1000000
num_train_samples 100000
num_test_samples 1000000
num_iterations 10
max_num_richardson_iterations None
num_richardson_iterations None
train_mses [1.0085957202239098, 1.006553097801998, 1.0044765018349744, 1.002048890103613, 1.000407555578609, 0.9992497880643602, 0.9983373368633545, 0.9977954593446176, 0.9974024509922839, 0.9971006686090511, 0.9968641739843853, 0.9966678797879905, 0.9965082807306138, 0.9963642962566951, 0.9962355097147252, 0.9961317758657997, 0.9960350520976426, 0.9959473024877945, 0.9958779501649604, 0.9958122394668962, 0.9957515529170021, 0.9957035863189782, 0.9956567532699762, 0.9956119511080417, 0.9955759617028198, 0.9955392703003774, 0.9955026889162808, 0.9954726215233974, 0.995440589524478, 0.9954076394242091, 0.9953799383611084]
train_rres [1.0000061336968769, 0.9979809070279743, 0.9959219961456507, 0.9935150588833581, 0.9918877025903052, 0.9907397950665784, 0.9898351146486382, 0.9892978519658965, 0.9889081906228555, 0.9886089783337062, 0.9883744977876261, 0.9881798753076098, 0.9880216354567867, 0.9878788772096628, 0.9877511874630923, 0.9876483370512599, 0.9875524370196695, 0.987465434719027, 0.9873966730270729, 0.9873315219464209, 0.9872713522263733, 0.9872237941302258, 0.9871773599293634, 0.9871329393197583, 0.9870972564140625, 0.9870608774896227, 0.9870246076465704, 0.9869947963190933, 0.9869630371169157, 0.9869303676322906, 0.9869029024820275]
test_mses [1.0015767175707986, 1.0032996981100875, 1.0050300064451647, 1.0069041231438005, 1.008154289649937, 1.009167180332765, 1.009804614065127, 1.0103047216282437, 1.0106537431735254, 1.0108693258068546, 1.011109310863074, 1.0112888263326363, 1.0113995036939383, 1.0115528223509063, 1.011677584276209, 1.0117476713271287, 1.0118600872497965, 1.0119478371411235, 1.0119951783291279, 1.0120774749459274, 1.012139760783359, 1.0121764318754831, 1.0122371328561215, 1.012285677835986, 1.0123188948343107, 1.0123661394330274, 1.0124092110128395, 1.0124417154777954, 1.012481481727743, 1.012523876737343, 1.012556017598703]
test_rres [1.0000059509543262, 1.0017262293538147, 1.0034538240569542, 1.0053250015898785, 1.0065732074675593, 1.0075845096401488, 1.008220943689102, 1.0087202669365984, 1.0090687411135335, 1.0092839856499425, 1.0095235943390717, 1.0097028282756253, 1.009813332062301, 1.0099664102705608, 1.0100909765325021, 1.01016095366633, 1.0102731932877966, 1.0103608055615079, 1.0104080725046178, 1.0104902400561384, 1.0105524282110738, 1.0105890417921493, 1.0106496475758124, 1.010698116422883, 1.0107312813271934, 1.0107784518324958, 1.0108214558634139, 1.010853909351817, 1.0108936132365989, 1.0109359417583654, 1.01096803221341]
step_times_seconds [0.27957820892333984, 0.2354109287261963, 0.2342209815979004, 0.23653793334960938, 0.23411893844604492, 0.23389792442321777, 0.2359459400177002, 0.23421502113342285, 0.23407387733459473, 0.2365870475769043, 0.23475098609924316, 0.23446893692016602, 0.2364351749420166, 0.23374104499816895, 0.2353801727294922, 0.23727202415466309, 0.23506426811218262, 0.23523664474487305, 0.2376241683959961, 0.23509979248046875, 0.23477625846862793, 0.23723888397216797, 0.23542118072509766, 0.2366011142730713, 0.23790597915649414, 0.23477888107299805, 0.23487091064453125, 0.23719000816345215, 0.2356557846069336, 0.2346968650817871, 0.23719406127929688]
