date 2025-01-26T23:42:30.059438
sample_ratio 0.9
rank 16
seed 0
l2_regularization_strength 0
input_shape (100, 100, 100)
input_size 1000000
num_train_samples 900000
num_test_samples 1000000
num_iterations 10
max_num_richardson_iterations None
num_richardson_iterations None
train_mses [1.0019947720367766, 1.0001769723212215, 0.9984877121572816, 0.9967618970483381, 0.9956281712074778, 0.9947852216167702, 0.9941499359861194, 0.9936425880306947, 0.9932133661541593, 0.9928558430506715, 0.9925392560832267, 0.9922663816318502, 0.9920304269227047, 0.9918185428098159, 0.9916329546472215, 0.9914706937710098, 0.991324446819294, 0.9911936195875065, 0.99107738184413, 0.9909718379405721, 0.9908749566194065, 0.9907877033493293, 0.9907078688847935, 0.9906331188599515, 0.9905655971481359, 0.9905033513571038, 0.9904444584166908, 0.990391386078788, 0.9903424147835209, 0.9902958405082326, 0.990253946313964]
train_rres [1.0000117939198525, 0.9981975916852001, 0.9965116746184821, 0.9947892749501082, 0.9936577927871549, 0.992816511419315, 0.9921824830382416, 0.9916761391398453, 0.9912477667064529, 0.9908909511520565, 0.9905749907198452, 0.990302656295304, 0.9900671685477015, 0.9898557037599138, 0.9896704828819355, 0.9895085431249312, 0.9893625856003789, 0.9892320172796607, 0.9891160095743121, 0.9890106745453482, 0.9889139849552626, 0.9888269043620596, 0.9887472278923563, 0.9886726258000861, 0.9886052377157909, 0.9885431151110716, 0.9884843387215783, 0.9884313714154457, 0.9883824970358609, 0.9883360149324792, 0.9882942036480948]
test_mses [1.001584962930498, 1.0000651143822181, 0.9987063401482396, 0.9973428015271831, 0.9964288694519478, 0.9957483235609017, 0.9952555424426619, 0.9948582781510046, 0.9945082482672715, 0.9942146261028217, 0.9939705071724544, 0.9937516036881455, 0.993554795640116, 0.993395905667898, 0.9932509867824701, 0.9931173004086179, 0.993008056006066, 0.9929092878319231, 0.9928153322598682, 0.9927355732734633, 0.992664880882473, 0.9925950103038754, 0.992534779206149, 0.9924813043975487, 0.9924270847818196, 0.9923809015341538, 0.9923389477686744, 0.9922961635054963, 0.9922606217664297, 0.9922273633172232, 0.9921936908637264]
test_rres [1.0000141833828788, 0.9984967184037454, 0.9971400751270549, 0.9957786749352459, 0.9948661761740725, 0.9941866975789687, 0.9936946892863311, 0.9932980480218231, 0.9929485670878074, 0.9926554054091955, 0.9924116693290477, 0.9921931091497291, 0.991996609754553, 0.9918379689685028, 0.9916932773584731, 0.9915598006441403, 0.9914507275689141, 0.9913521142922922, 0.9912583060701841, 0.9911786721693079, 0.9911080906447602, 0.9910383296437622, 0.9909781930060964, 0.9909248020617101, 0.9908706674782715, 0.9908245566595094, 0.9907826686898628, 0.9907399515249821, 0.9907044655258066, 0.9906712592356216, 0.990637639590427]
step_times_seconds [2.433781385421753, 2.2437450885772705, 2.2866029739379883, 2.3037328720092773, 2.315746784210205, 2.3302907943725586, 2.407547950744629, 2.394806146621704, 2.3840699195861816, 2.3884172439575195, 2.388679027557373, 2.3644089698791504, 2.383881092071533, 2.3444058895111084, 2.3888278007507324, 2.4447338581085205, 2.4308888912200928, 2.334444046020508, 2.392843008041382, 2.323066234588623, 2.325300931930542, 2.3285529613494873, 2.3265879154205322, 2.3276920318603516, 2.339235782623291, 2.335937738418579, 2.3495309352874756, 2.3689448833465576, 2.3518171310424805, 2.3309707641601562, 2.3380138874053955]
