date 2025-01-26T23:42:30.059438
sample_ratio 0.04
rank 8
seed 0
l2_regularization_strength 0
input_shape (100, 100, 100)
input_size 1000000
num_train_samples 40000
num_test_samples 1000000
num_iterations 10
max_num_richardson_iterations None
num_richardson_iterations None
train_mses [1.0091162570944838, 0.9900755237843712, 0.9710593609291409, 0.95341842338394, 0.9405021284954279, 0.9308570555785285, 0.9233553627222684, 0.9175548920860963, 0.9128036153990498, 0.9088188925991987, 0.9055108409749925, 0.9027649032538111, 0.9003405605779248, 0.8982547662789395, 0.8964700563839668, 0.8948801914884278, 0.8934427560364475, 0.8921988455830576, 0.8910890983836202, 0.8900410466433734, 0.8891130737742373, 0.8882818767111111, 0.8874652545373397, 0.8867178365014406, 0.886036388028516, 0.8853491496282572, 0.8847109997859212, 0.884109492115695, 0.8834966424390616, 0.8829287923073694, 0.882370496119439]
train_rres [0.9999847841731767, 0.981116350079731, 0.9622722641036103, 0.9447909590510662, 0.931991543457867, 0.9224337486137819, 0.9149999384268369, 0.9092519561339778, 0.9045436736550855, 0.9005950085325237, 0.8973168914016094, 0.8945958016162019, 0.8921933967689267, 0.8901264767810296, 0.8883579166903671, 0.8867824384506174, 0.8853580103234261, 0.8841253559909656, 0.8830256508718434, 0.8819870829309299, 0.8810675072698128, 0.8802438316923638, 0.8794345991163858, 0.8786939444514141, 0.878018662392155, 0.8773376427984987, 0.876705267561382, 0.876109202922089, 0.8755018989099791, 0.874939187242824, 0.8743859430659838]
test_mses [1.0015821733934822, 1.0197486796221686, 1.0386336048386842, 1.05524501946134, 1.0690439260110491, 1.0799127862984486, 1.0883165118491225, 1.0953499519494705, 1.1012400540532088, 1.106413447888057, 1.110817914959052, 1.1145879699816366, 1.1181247763768933, 1.1212212471489966, 1.1240340053713727, 1.1266468456067367, 1.129069010101487, 1.1312865651954256, 1.1332849846342528, 1.1352440776361168, 1.1370112150740426, 1.1385408261467913, 1.1401749987738716, 1.1416220400313537, 1.1428221830668817, 1.1442440089300911, 1.145448487280938, 1.14644676468428, 1.147721524961578, 1.1487236441018136, 1.1496343869692507]
test_rres [1.0000113982206769, 1.0181494140291873, 1.0370047221334395, 1.053590085176537, 1.0673673509858297, 1.078219165706375, 1.086609711745867, 1.093632121345291, 1.0995129860380655, 1.104678266471127, 1.1090758260434583, 1.112839968511899, 1.1163712281554021, 1.119462842751406, 1.122271189742332, 1.1248799322763978, 1.1272982981054434, 1.1295123754213439, 1.1315076607512353, 1.1334636813195735, 1.1352280473667056, 1.1367552595598007, 1.138386869323984, 1.1398316411955467, 1.141029902054121, 1.1424494980765592, 1.143652087451404, 1.1446487992624237, 1.1459215603410058, 1.1469221078639469, 1.1478314224189368]
step_times_seconds [0.11795401573181152, 0.09955811500549316, 0.0985410213470459, 0.09949707984924316, 0.09869694709777832, 0.09867310523986816, 0.09880399703979492, 0.09847497940063477, 0.0981597900390625, 0.09878134727478027, 0.09822797775268555, 0.0982050895690918, 0.09856986999511719, 0.09805178642272949, 0.09806609153747559, 0.09876298904418945, 0.09818625450134277, 0.09777188301086426, 0.09839391708374023, 0.09806013107299805, 0.09756302833557129, 0.09844493865966797, 0.09781193733215332, 0.09756612777709961, 0.09830188751220703, 0.09819483757019043, 0.0979008674621582, 0.09868502616882324, 0.09821796417236328, 0.0982520580291748, 0.09864091873168945]
