date 2025-01-26T23:42:30.059438
sample_ratio 0.5
rank 16
seed 0
l2_regularization_strength 0
input_shape (100, 100, 100)
input_size 1000000
num_train_samples 500000
num_test_samples 1000000
num_iterations 10
max_num_richardson_iterations None
num_richardson_iterations None
train_mses [1.003481270231157, 1.000295756998352, 0.997249702216414, 0.9940349155515797, 0.9919496610685501, 0.990274065017886, 0.9890730787541363, 0.9881283612968573, 0.9873718980249259, 0.9867568660286696, 0.9862367785675499, 0.9858158459426267, 0.9854382143079036, 0.9851082054954164, 0.9848182200874535, 0.9845485072398569, 0.9843044112816696, 0.9840808713725444, 0.9838731080476547, 0.9836836924043179, 0.9835096885849413, 0.9833497784253905, 0.9832036697932084, 0.9830679823675924, 0.9829438388763427, 0.9828287612488963, 0.9827193980836204, 0.9826195149781201, 0.9825253613624779, 0.9824343174217779, 0.9823515476124576]
train_rres [1.000007075154489, 0.9968325906221871, 0.9937970817157333, 0.9905934251001934, 0.9885153900651729, 0.9868455951666801, 0.985648766888424, 0.9847073201775319, 0.9839534758891858, 0.9833405732212955, 0.9828222863770388, 0.9824028110808137, 0.9820264868605935, 0.9816976205856162, 0.9814086391484362, 0.9811398600851314, 0.9808966092219162, 0.9806738432397939, 0.9804667992211253, 0.9802780393617229, 0.9801046379683511, 0.9799452814405477, 0.9797996786572595, 0.979664461000836, 0.979540747312034, 0.9794260680997234, 0.9793170835653016, 0.9792175462693382, 0.979123718626923, 0.9790329898933126, 0.9789505066448604]
test_mses [1.001584962930498, 1.0014258688827467, 1.0014296745985907, 1.0014665260223614, 1.0013758542850422, 1.0013898476879788, 1.0013550602428916, 1.0013188275634366, 1.0013788559776406, 1.0014072684689928, 1.0014025726250682, 1.001463592036079, 1.0014955001767207, 1.0015014274892458, 1.0015474053730644, 1.0015753857167007, 1.0015860176722697, 1.0016126765896385, 1.0016372871012524, 1.0016456187364462, 1.0016559791386308, 1.0016775188720117, 1.0016800715917713, 1.0016796749861123, 1.0016983670801658, 1.0016956448782213, 1.0016891046290828, 1.0017053987392728, 1.0016999145975551, 1.00169030542303, 1.001704641922248]
test_rres [1.0000141833828788, 0.9998553388413456, 0.9998591385887089, 0.999895932218618, 0.9998054026812276, 0.9998193741383965, 0.9997846412502458, 0.9997484653942795, 0.9998083996662902, 0.9998367675985064, 0.999832079119045, 0.9998930028336883, 0.999924860932989, 0.9999307789497461, 0.9999766847267318, 1.000004621188967, 1.0000152364705055, 1.000041853578858, 1.0000664254939575, 1.000074744062699, 1.0000850882167285, 1.0001065941694778, 1.0001091428858224, 1.0001087469021577, 1.000127409681515, 1.0001246917487832, 1.000118161756677, 1.000134430312914, 1.0001289547719423, 1.0001193606674266, 1.000133674682801]
step_times_seconds [1.370021104812622, 1.2477161884307861, 1.2515690326690674, 1.2663428783416748, 1.272230863571167, 1.2575480937957764, 1.2811529636383057, 1.2586419582366943, 1.2680530548095703, 1.2791578769683838, 1.2571372985839844, 1.2621660232543945, 1.270071029663086, 1.2516729831695557, 1.2730908393859863, 1.2615001201629639, 1.268522024154663, 1.2553789615631104, 1.2771730422973633, 1.2762482166290283, 1.2710247039794922, 1.27593994140625, 1.2738871574401855, 1.2744519710540771, 1.256915807723999, 1.278777837753296, 1.2718687057495117, 1.2744450569152832, 1.2706530094146729, 1.2717680931091309, 1.2678380012512207]
