date 2025-01-26T23:42:30.059438
sample_ratio 0.07
rank 16
seed 0
l2_regularization_strength 0
input_shape (100, 100, 100)
input_size 1000000
num_train_samples 70000
num_test_samples 1000000
num_iterations 10
max_num_richardson_iterations None
num_richardson_iterations None
train_mses [1.0120283735907762, 0.9887877033232021, 0.9671957871107821, 0.9450185181154909, 0.9305262842870738, 0.9201131625103903, 0.9122571624362135, 0.9058902668866162, 0.9008264069734622, 0.8966530648218668, 0.8930562514631265, 0.8900148165262024, 0.8873627695685665, 0.8850786032548982, 0.883010403978272, 0.881174002315553, 0.8795534018484029, 0.8780649049258571, 0.8767437215943464, 0.8755424163079222, 0.8744301944353939, 0.8734187205671268, 0.8724773860933005, 0.8715851500403182, 0.870755048551169, 0.8699777905218931, 0.8692300555291281, 0.8685276794888086, 0.8678688535297542, 0.8672336971638379, 0.8666296467876861]
train_rres [1.000020459492479, 0.9770555443118593, 0.9557198203978592, 0.9338056890259583, 0.9194854083793346, 0.9091958403241203, 0.9014330532235206, 0.8951417021317938, 0.890137925904463, 0.8860141012717108, 0.8824599648052063, 0.8794546170871894, 0.8768340371841175, 0.8745769729493992, 0.8725333132606937, 0.8707187008619827, 0.8691173291355528, 0.8676464935193972, 0.8663409862858763, 0.8651539347210488, 0.8640549095780313, 0.8630554370445487, 0.8621252716879078, 0.8612436221897685, 0.8604233700167399, 0.8596553343056235, 0.8589164713344299, 0.8582224291228616, 0.8575714202623477, 0.8569438001506312, 0.856346916950042]
test_mses [1.001584962930498, 1.0223053134590228, 1.041320970443595, 1.0613453138039357, 1.0752962722648431, 1.085722323338769, 1.093864307349732, 1.10075891638022, 1.106322281902815, 1.1107763547938885, 1.115142839329956, 1.118494474570698, 1.1214476759670844, 1.1242842279683478, 1.1266326468385612, 1.128872272303888, 1.1308621923048325, 1.1326230791678777, 1.1342939391459246, 1.1357470638169995, 1.1371148177818158, 1.1383590982050371, 1.1394963295780136, 1.140650394262468, 1.1416552285088233, 1.1426183172683841, 1.1436446621068719, 1.1445202115241286, 1.1453839214405552, 1.1462921590700186, 1.1470884075909513]
test_rres [1.0000141833828788, 1.0207020383128929, 1.0396878731593726, 1.059680812464971, 1.0736098917233832, 1.0840195916854258, 1.0921488066728566, 1.099032602930335, 1.10458724346094, 1.1090343310568465, 1.1133939676620264, 1.1167403465537993, 1.1196889164625685, 1.1225210199167448, 1.1248657557760633, 1.127101868850524, 1.1290886680721495, 1.1308467933471393, 1.1325150329257414, 1.133965878670317, 1.1353314875949883, 1.1365738166208619, 1.1377092644808586, 1.1388615192527545, 1.139864777623731, 1.1408263559771035, 1.1418510912052826, 1.1427252675037645, 1.143587622869232, 1.1444944361151979, 1.145289435884464]
step_times_seconds [0.19747018814086914, 0.18157529830932617, 0.18129301071166992, 0.1823279857635498, 0.18218588829040527, 0.18216991424560547, 0.1836838722229004, 0.18222808837890625, 0.18102121353149414, 0.18352985382080078, 0.18254494667053223, 0.18173813819885254, 0.1825721263885498, 0.18171906471252441, 0.18198204040527344, 0.18298697471618652, 0.1824350357055664, 0.18189716339111328, 0.18251800537109375, 0.18151092529296875, 0.1811378002166748, 0.18291568756103516, 0.18215703964233398, 0.18355989456176758, 0.18450689315795898, 0.18276405334472656, 0.1826610565185547, 0.1844501495361328, 0.1828007698059082, 0.18236303329467773, 0.18338894844055176]
