date 2025-01-26T23:42:30.059438
sample_ratio 0.06
rank 8
seed 0
l2_regularization_strength 0
input_shape (100, 100, 100)
input_size 1000000
num_train_samples 60000
num_test_samples 1000000
num_iterations 10
max_num_richardson_iterations None
num_richardson_iterations None
train_mses [1.0104194438120073, 0.9980043966105993, 0.9858527952678852, 0.9724976749911355, 0.9642222939968154, 0.9578734867558014, 0.9528907889132174, 0.9491319611819709, 0.9460493458893049, 0.9433939915558055, 0.9410597944079652, 0.9390993586736064, 0.9373493525133304, 0.935726328361455, 0.9343638440543234, 0.9331193861950867, 0.9320132491378941, 0.9310537123034721, 0.9301748539706969, 0.9294049897992206, 0.9287130031589829, 0.928069925842582, 0.9275128515461379, 0.9269984257901922, 0.9265205695440069, 0.9261096095809042, 0.9257201995592889, 0.9253592130372982, 0.9250441110896298, 0.9247391621185648, 0.9244524209169678]
train_rres [1.00003079934809, 0.9877433976627772, 0.9757167332131425, 0.9624989238295844, 0.954308626303798, 0.94802509443095, 0.943093626279832, 0.939373444998968, 0.9363225236671524, 0.9336944704037833, 0.9313842723430805, 0.9294439928616159, 0.9277119794190376, 0.92610564241721, 0.9247571665153413, 0.9235255035704634, 0.9224307392799825, 0.9214810679396224, 0.9206112456035407, 0.9198492968034598, 0.9191644248354736, 0.9185279593292905, 0.9179766126015717, 0.9174674759226665, 0.9169945327634936, 0.9165877980921464, 0.9162023917962017, 0.9158451167631935, 0.9155332545414866, 0.9152314409083838, 0.9149476478412619]
test_mses [1.0015821733934822, 1.0128604191002482, 1.0237606561585146, 1.0361716106585257, 1.0441978580255737, 1.0508470312916383, 1.0556202617047132, 1.0596242091326535, 1.0632723107715578, 1.066226077335203, 1.0689489420974536, 1.0714015129509573, 1.0735920512651258, 1.0755188522319052, 1.0772249812652985, 1.0788290389272996, 1.080151938059447, 1.0813571855403525, 1.0824875150472208, 1.0834007705256996, 1.0842404697938874, 1.0850978712260955, 1.0857352785571703, 1.086295585143233, 1.0869714708966864, 1.0874142861200058, 1.0877745075200569, 1.0883074249474405, 1.0886193625183986, 1.0888553474763478, 1.0892821076859627]
test_rres [1.0000113982206769, 1.0112719563239494, 1.0221550986073649, 1.034546589083637, 1.0425602489362207, 1.049198994344678, 1.053964738929804, 1.0579624069915772, 1.0616047873350805, 1.0645539215247601, 1.0672725160349226, 1.0697212405366154, 1.071908343442996, 1.0738321226196497, 1.0755355759413556, 1.0771371179695743, 1.0784579424071354, 1.0796612997058168, 1.0807898565238596, 1.081701679749379, 1.0825400621223602, 1.0833961188971666, 1.0840325265862378, 1.0845919544469218, 1.0852667802128981, 1.0857089009718217, 1.0860685574388627, 1.086600639095117, 1.086912087456298, 1.0871477023204867, 1.0875737932446852]
step_times_seconds [0.17129802703857422, 0.14559412002563477, 0.14458322525024414, 0.1457369327545166, 0.14480113983154297, 0.14456987380981445, 0.14571285247802734, 0.14454412460327148, 0.14513087272644043, 0.14629602432250977, 0.14513206481933594, 0.14475798606872559, 0.1460859775543213, 0.14538812637329102, 0.1448969841003418, 0.14653706550598145, 0.14533305168151855, 0.1444249153137207, 0.1457080841064453, 0.1446378231048584, 0.14419293403625488, 0.1457059383392334, 0.14475131034851074, 0.1441960334777832, 0.14559698104858398, 0.14504289627075195, 0.14751625061035156, 0.14740586280822754, 0.14581084251403809, 0.14564132690429688, 0.14676403999328613]
