date 2025-01-26T23:42:30.059438
sample_ratio 0.07
rank 2
seed 0
l2_regularization_strength 0
input_shape (100, 100, 100)
input_size 1000000
num_train_samples 70000
num_test_samples 1000000
num_iterations 10
max_num_richardson_iterations None
num_richardson_iterations None
train_mses [1.0120159163545646, 1.0093345906140903, 1.0063180739875515, 1.0034596271763938, 1.0016310497595033, 1.0003389376172036, 0.9993418583402481, 0.9985413199250244, 0.9978878157215164, 0.9973784749073157, 0.996974935244031, 0.9966287824304239, 0.9963488284725495, 0.9961093126660743, 0.9958879086143504, 0.9956868985154737, 0.9954957342631147, 0.9953131461269035, 0.9951382620911032, 0.9949765112131613, 0.994824080307409, 0.9946768822732567, 0.9945500256213282, 0.9944312726968534, 0.9943135794804349, 0.9942137295751943, 0.9941206805226542, 0.9940224684559703, 0.9939357584752597, 0.9938562004639303, 0.9937671994226133]
train_rres [1.0000081500638054, 0.9973586387763654, 0.9943779137081198, 0.9915533829260563, 0.9897465019369707, 0.9884697209573292, 0.9874844722205237, 0.9866934323497808, 0.9860476821011455, 0.9855443847150771, 0.9851456331286275, 0.9848035874856877, 0.9845269552361422, 0.9842902813314403, 0.9840715042819856, 0.9838728792071489, 0.9836839831559401, 0.9835035614635879, 0.9833307524609921, 0.9831709207887744, 0.9830202985054579, 0.982874847004699, 0.9827494955316953, 0.9826321516338379, 0.982515854870394, 0.9824171897037597, 0.9823252446963818, 0.9822281979350301, 0.9821425167851577, 0.9820639027451544, 0.9819759577185566]
test_mses [1.0015767175707986, 1.0038839188761408, 1.006791950047572, 1.0095969717256044, 1.0112241464593614, 1.0124148433465052, 1.0133427053112276, 1.0138243011785122, 1.0144190893575185, 1.0148590795904147, 1.0150953694892875, 1.0154011011535395, 1.015644696269605, 1.0158455481947908, 1.0160515351335708, 1.0162526582333729, 1.0164620068017607, 1.0166528802567465, 1.0168476090369463, 1.0170364320533605, 1.017209103798085, 1.0173765576935832, 1.0175136361208283, 1.0176476722196253, 1.017775786634512, 1.0178719350013135, 1.0179688951284969, 1.018071157155334, 1.0181529660712438, 1.0182243447566357, 1.0183178008234164]
test_rres [1.0000059509543262, 1.0023095338900276, 1.005213004414028, 1.0080136269937856, 1.0096382498393988, 1.0108270793639254, 1.0117534861684254, 1.0122343267518683, 1.0128281821282255, 1.013267482327141, 1.013503401654016, 1.0138086538411764, 1.014051866928517, 1.0142524038588616, 1.0144580677495905, 1.01465887542927, 1.0148678956775834, 1.0150584697869018, 1.015252893175151, 1.0154414200615882, 1.0156138210062757, 1.0157810122848576, 1.015917875732847, 1.016051701623653, 1.0161796151174898, 1.0162756126953978, 1.016372420760609, 1.0164745224105374, 1.0165562030260267, 1.0166274697686646, 1.0167207792688695]
step_times_seconds [0.19826626777648926, 0.16669487953186035, 0.16575098037719727, 0.16746211051940918, 0.16556310653686523, 0.1654059886932373, 0.1668701171875, 0.16552400588989258, 0.166489839553833, 0.1676628589630127, 0.1650850772857666, 0.165086030960083, 0.16647720336914062, 0.165297269821167, 0.1655418872833252, 0.16660690307617188, 0.16539812088012695, 0.16475892066955566, 0.16602492332458496, 0.16480207443237305, 0.16494107246398926, 0.16623330116271973, 0.16475796699523926, 0.16659212112426758, 0.16729497909545898, 0.16625690460205078, 0.1667027473449707, 0.16809868812561035, 0.16626691818237305, 0.1663832664489746, 0.16747307777404785]
