date 2025-01-26T23:42:30.059438
sample_ratio 0.06
rank 4
seed 0
l2_regularization_strength 0
input_shape (100, 100, 100)
input_size 1000000
num_train_samples 60000
num_test_samples 1000000
num_iterations 10
max_num_richardson_iterations None
num_richardson_iterations None
train_mses [1.0104048564921706, 1.003816541366972, 0.9979546209081105, 0.9910251303269163, 0.9867480880842424, 0.9829838342379796, 0.9803123685772618, 0.978419886979041, 0.9768426554384434, 0.9754845966456043, 0.9744392986708917, 0.9735199992659687, 0.9726440224379023, 0.9719457024047563, 0.9713107142123425, 0.9707102258792253, 0.9702045376370193, 0.9697503202563788, 0.9693037536901018, 0.9689140491818788, 0.9685603233708869, 0.9681973557681514, 0.9678873769341431, 0.9675981813727986, 0.9673027008212991, 0.967062673415101, 0.9668320853601029, 0.9666030847007956, 0.9664229273704995, 0.9662450440112345, 0.9660727437150124]
train_rres [1.000016362008027, 0.9934957847553239, 0.9876941337300088, 0.980835888822485, 0.9766028210613874, 0.9728772694542, 0.9702332705124934, 0.968360246495576, 0.9667992312875251, 0.9654551353989496, 0.9644205846729015, 0.9635107370602336, 0.9626437666026217, 0.9619526263586128, 0.9613241668079529, 0.9607298524057072, 0.9602293634056477, 0.9597798160686268, 0.9593378408839934, 0.9589521431292101, 0.9586020541560785, 0.9582428184108401, 0.9579360266294143, 0.9576498044370859, 0.9573573618738341, 0.9571198023134398, 0.9568915850533979, 0.9566649388682114, 0.9564866338285293, 0.9563105793800071, 0.9561400505921713]
test_mses [1.0015785389318956, 1.0072839154480626, 1.0126123419237296, 1.0189688148888256, 1.0227889030760127, 1.0266794005468132, 1.0293905877673328, 1.0311831819739146, 1.033095614500909, 1.0346151304992288, 1.0356930054291154, 1.0368090945217234, 1.0378155218678584, 1.038575997837496, 1.0393117546713462, 1.0399978664112148, 1.0405920617292028, 1.041115263133909, 1.041652108328743, 1.042168579554361, 1.0426139608016054, 1.0431049590779233, 1.043560232693482, 1.0439811534808845, 1.0444345317074466, 1.0447977936920307, 1.04518476761485, 1.0455671210990731, 1.045823547081336, 1.0461556775646597, 1.0464551393527228]
test_rres [1.000007769458994, 1.0057041982682018, 1.0110242682053436, 1.017370772352917, 1.0211848695192558, 1.0250692655467606, 1.0277762008290088, 1.029565983721103, 1.0314754169919076, 1.0329925499426171, 1.0340687344478694, 1.0351830731848062, 1.036187922157114, 1.0369472054769575, 1.037681808427883, 1.0383668441429226, 1.0389601075880417, 1.039482488459197, 1.0400184917230086, 1.0405341529699745, 1.0409788357285434, 1.0414690639752795, 1.0419236235880225, 1.0423438842479382, 1.0427965514442115, 1.0431592437272554, 1.0435456107612477, 1.043927364602849, 1.0441833884338185, 1.0445149980389445, 1.044813990182924]
step_times_seconds [0.17088103294372559, 0.14359378814697266, 0.1426541805267334, 0.1439061164855957, 0.1435079574584961, 0.1428380012512207, 0.14393877983093262, 0.14294195175170898, 0.1422111988067627, 0.14345288276672363, 0.1425797939300537, 0.14124202728271484, 0.14295291900634766, 0.1425011157989502, 0.14246201515197754, 0.1437079906463623, 0.14275908470153809, 0.14159703254699707, 0.14314794540405273, 0.14209508895874023, 0.14133501052856445, 0.1432781219482422, 0.14202594757080078, 0.14097213745117188, 0.14303994178771973, 0.14267587661743164, 0.14339399337768555, 0.14510297775268555, 0.14365887641906738, 0.14351367950439453, 0.14481472969055176]
