date 2025-01-26T23:42:30.059438
sample_ratio 0.1
rank 4
seed 0
l2_regularization_strength 0
input_shape (100, 100, 100)
input_size 1000000
num_train_samples 100000
num_test_samples 1000000
num_iterations 10
max_num_richardson_iterations None
num_richardson_iterations None
train_mses [1.0085962894365503, 1.004728552351713, 1.0010679889337095, 0.9975448063395997, 0.9947306575224594, 0.9927642512966027, 0.9912103595813828, 0.9899200216064385, 0.988927361471021, 0.9880961558134163, 0.9874186984972005, 0.986827537595398, 0.9863346544430504, 0.9859239766374719, 0.9855435617031103, 0.985214334809377, 0.984937791968602, 0.9846689673728973, 0.9844284548513724, 0.9842248270980475, 0.9840202901277613, 0.9838357024730014, 0.9836758574430924, 0.9835129457262544, 0.983366246155539, 0.9832350321958852, 0.9831006864029197, 0.9829786940522273, 0.9828659581858821, 0.982750463676309, 0.9826432783795909]
train_rres [1.000006698061885, 0.996171900103883, 0.9925425114426092, 0.9890493336176412, 0.9862591511670837, 0.9843094916079892, 0.9827688334283414, 0.981489484464616, 0.9805052782021966, 0.9796811514095668, 0.9790094635787051, 0.9784233372290185, 0.9779346516579217, 0.9775274713414511, 0.977150296166023, 0.9768238730943108, 0.9765496853980318, 0.9762831502152992, 0.9760446859903048, 0.9758427924087313, 0.9756399973534353, 0.9754569817176724, 0.9752984979891132, 0.9751369736907025, 0.9749915234695837, 0.9748614269781457, 0.9747282253252852, 0.9746072719080633, 0.974495496143431, 0.9743809852292308, 0.9742747127634538]
test_mses [1.0015785389318956, 1.0045894018333392, 1.0074377719094132, 1.0105953238981218, 1.012998679679798, 1.014684397918153, 1.0160353056255007, 1.0171938589691347, 1.018106286605984, 1.0188180911257005, 1.0194595090804273, 1.0199787048875606, 1.0203833350664437, 1.0208061436313018, 1.021134517428286, 1.0213853343135373, 1.0216798971695897, 1.0219120153856673, 1.0220733532713313, 1.0222754945031687, 1.0224416695507519, 1.022548372334065, 1.022687751248774, 1.0228077198410106, 1.0228838541537488, 1.022983910644173, 1.0230758705676721, 1.0231399811628514, 1.0232162944817227, 1.023294482460546, 1.0233591834087687]
test_rres [1.000007769458994, 1.0030139104426359, 1.0058578134374088, 1.0090104134567208, 1.0114100000702813, 1.0130930746070734, 1.0144418636941581, 1.015598600085697, 1.0165095967678857, 1.0172202849689445, 1.0178606969918311, 1.018379078547368, 1.018783074147226, 1.0192052196240078, 1.0195330784343823, 1.0197835019650527, 1.0200776028599865, 1.0203093570464912, 1.0204704419069397, 1.020672266121924, 1.0208381805582005, 1.0209447160001939, 1.0210838763278067, 1.0212036567740366, 1.0212796716857995, 1.0213795712582443, 1.0214713869615601, 1.0215353970124863, 1.0216115906496483, 1.0216896560067448, 1.0217542554848675]
step_times_seconds [0.27834272384643555, 0.23745012283325195, 0.23667669296264648, 0.2386939525604248, 0.23647594451904297, 0.23562073707580566, 0.2380809783935547, 0.23566579818725586, 0.23515009880065918, 0.23686003684997559, 0.23562288284301758, 0.23486971855163574, 0.23764491081237793, 0.23650312423706055, 0.23957085609436035, 0.23884797096252441, 0.23719501495361328, 0.23627376556396484, 0.23880600929260254, 0.23647308349609375, 0.23578786849975586, 0.23861026763916016, 0.23685026168823242, 0.23651790618896484, 0.23846817016601562, 0.23678326606750488, 0.2359299659729004, 0.2391500473022461, 0.23657894134521484, 0.23621892929077148, 0.23892903327941895]
