date 2025-01-26T23:42:30.059438
sample_ratio 0.6
rank 16
seed 0
l2_regularization_strength 0
input_shape (100, 100, 100)
input_size 1000000
num_train_samples 600000
num_test_samples 1000000
num_iterations 10
max_num_richardson_iterations None
num_richardson_iterations None
train_mses [1.0036977488243108, 1.0010762921116205, 0.9985444607244677, 0.9957284445669364, 0.9939545561277556, 0.992589869350133, 0.9916466257770677, 0.990900727473308, 0.9902973068362411, 0.9898270243292175, 0.9894175701355534, 0.989064212875214, 0.9887721231592914, 0.9885066275220787, 0.9882677431871317, 0.9880619424227456, 0.9878704577988566, 0.9876954380507669, 0.9875407599913963, 0.9873960922901567, 0.9872619627800802, 0.9871419102100987, 0.9870291973498875, 0.9869229092330317, 0.9868264775443696, 0.9867354410458498, 0.9866480932106609, 0.9865674545325287, 0.9864909609253454, 0.9864165774556184, 0.9863469145364441]
train_rres [1.0000049644963076, 0.997393152593797, 0.9948706362691502, 0.992064980740948, 0.9902976187560065, 0.988937952906199, 0.9879981796956888, 0.9872550256857862, 0.9866538251416449, 0.986185272888449, 0.9857773251503201, 0.9854252679548205, 0.9851342528894356, 0.9848697340583674, 0.9846317286218031, 0.9844266850354005, 0.9842359049178423, 0.9840615290988473, 0.9839074201278444, 0.9837632846850666, 0.9836296486615533, 0.9835100377865439, 0.9833977396171938, 0.9832918425534141, 0.9831957656542581, 0.9831050640953707, 0.9830180376285591, 0.9829376956346101, 0.9828614834611494, 0.9827873736615702, 0.9827179670447902]
test_mses [1.001584962930498, 1.0009648685816663, 1.0004499260103303, 0.9999918850648546, 0.9995788264559129, 0.9993541189438031, 0.9991557283979008, 0.9990127637247646, 0.998945584882445, 0.9988813718747501, 0.9988080530599044, 0.9987729602863449, 0.9987660305460524, 0.9987100956804368, 0.9986888994659924, 0.9987022466325435, 0.9986592102212691, 0.9986449726067552, 0.9986622189241, 0.9986273883954284, 0.9986147180652304, 0.9986291842840272, 0.9985985276512955, 0.9985840835501245, 0.9985934477403624, 0.9985653453932866, 0.9985480164654797, 0.9985513447427601, 0.9985259204336774, 0.998506157489505, 0.9985030427895514]
test_rres [1.0000141833828788, 0.999395061524207, 0.9988809265341438, 0.9984236039314706, 0.9980111931198091, 0.9977868380151108, 0.9975887586038835, 0.9974460181413664, 0.9973789446552128, 0.9973148323523836, 0.9972416285229849, 0.9972065907852068, 0.9971996719127835, 0.9971438247694742, 0.9971226617969227, 0.9971359880311944, 0.9970930191136597, 0.9970788038279091, 0.9970960230979604, 0.997061247193793, 0.997048596734396, 0.9970630402659107, 0.9970324317117879, 0.9970180102632121, 0.9970273597676479, 0.9969993014933105, 0.9969819997423547, 0.9969853227999182, 0.9969599383636234, 0.996940206413555, 0.9969370965983663]
step_times_seconds [1.6259639263153076, 1.4955148696899414, 1.5098700523376465, 1.5134851932525635, 1.502795934677124, 1.5200369358062744, 1.533390760421753, 1.5163657665252686, 1.5193159580230713, 1.5225517749786377, 1.5309760570526123, 1.5303139686584473, 1.5303068161010742, 1.5329720973968506, 1.4998767375946045, 1.534808874130249, 1.5276880264282227, 1.5270977020263672, 1.5314488410949707, 1.5215427875518799, 1.534724235534668, 1.5310940742492676, 1.532261848449707, 1.549433946609497, 1.555846929550171, 1.5469050407409668, 1.5682899951934814, 1.624258041381836, 1.5554490089416504, 1.5504271984100342, 1.5524978637695312]
