date 2025-01-26T23:42:30.059438
sample_ratio 0.02
rank 16
seed 0
l2_regularization_strength 0
input_shape (100, 100, 100)
input_size 1000000
num_train_samples 20000
num_test_samples 1000000
num_iterations 10
max_num_richardson_iterations None
num_richardson_iterations None
train_mses [0.9946510606182905, 0.9157828594204253, 0.8430041704586025, 0.7756580671586009, 0.733557492546251, 0.7027649131167398, 0.6798569309216292, 0.6634743540620482, 0.6498073685673197, 0.6385592432905588, 0.6298187428097588, 0.6214504933985427, 0.6143336290443071, 0.6083561809475762, 0.602651064801032, 0.597651493132731, 0.5932666096164976, 0.5891757115245735, 0.585537158651853, 0.5822492460843272, 0.5792928834719628, 0.5765529538993722, 0.5740947246965725, 0.5719104992491039, 0.5698089661611372, 0.5679474162668626, 0.5662740533263946, 0.5646454467271956, 0.5631981643208396, 0.5618718739209739, 0.5605786266002036]
train_rres [1.000060252438262, 0.9207631438117856, 0.8475886638991585, 0.7798763135749484, 0.7375467842137163, 0.7065867460890297, 0.68355418385293, 0.6670825139392644, 0.6533412035389796, 0.642031907797876, 0.6332438740206516, 0.624830115718876, 0.6176745478574779, 0.6116645927192031, 0.605928450548746, 0.60090168980556, 0.5964929600612506, 0.5923798145165551, 0.5887214741714083, 0.5854156810119149, 0.5824432408693565, 0.5796884107902284, 0.5772168130466188, 0.5750207091677171, 0.5729077473525928, 0.5710360738271684, 0.5693536106690583, 0.5677161472497713, 0.5662609941152136, 0.5649274909756586, 0.5636272106127436]
test_mses [1.001584962930498, 1.0857807829563724, 1.1676957738906695, 1.2424911584091518, 1.2992940451425166, 1.348119246971921, 1.3861791663967276, 1.41538962717361, 1.4440565085990587, 1.4657998660118223, 1.4839932704976884, 1.505651682517118, 1.520404770163248, 1.535568498735025, 1.5521133623409584, 1.5633453871241165, 1.5767517278883614, 1.5894165575046135, 1.5992539067736444, 1.6110807094870443, 1.6216087082810702, 1.630946130004569, 1.6411211349662256, 1.6504989106013497, 1.658993078235708, 1.667621755508126, 1.675904996448651, 1.6832630347563335, 1.690503893125955, 1.6975467652536984, 1.70388863822794]
test_rres [1.0000141833828788, 1.08407795962117, 1.165864483778144, 1.2405425671543304, 1.2972563702692017, 1.3460049998343646, 1.3840052301212256, 1.4131698803118244, 1.4417918036431485, 1.4635010610819863, 1.4816659329633048, 1.5032903782281473, 1.5180203286975058, 1.5331602760868694, 1.5496791924847952, 1.5608936021524509, 1.57427891783479, 1.5869238852765173, 1.5967458066910911, 1.6085540615024123, 1.6190655493005717, 1.6283883272029132, 1.6385473747667632, 1.6479104432939384, 1.6563912895773503, 1.6650064345481819, 1.673276684932799, 1.680623183674182, 1.6878526862500816, 1.6948845130847103, 1.7012164401385053]
step_times_seconds [0.06358480453491211, 0.05249595642089844, 0.05231475830078125, 0.052706003189086914, 0.05254387855529785, 0.052468061447143555, 0.05501389503479004, 0.05349397659301758, 0.052767038345336914, 0.05283713340759277, 0.05308198928833008, 0.05304598808288574, 0.052954673767089844, 0.05296683311462402, 0.05267977714538574, 0.05308103561401367, 0.05302786827087402, 0.05276894569396973, 0.05272388458251953, 0.052771806716918945, 0.0526280403137207, 0.05255413055419922, 0.052722930908203125, 0.05263400077819824, 0.05308389663696289, 0.05299973487854004, 0.0527796745300293, 0.05289411544799805, 0.05310201644897461, 0.052928924560546875, 0.052906036376953125]
