date 2025-01-26T23:42:30.059438
sample_ratio 0.1
rank 16
seed 0
l2_regularization_strength 0
input_shape (100, 100, 100)
input_size 1000000
num_train_samples 100000
num_test_samples 1000000
num_iterations 10
max_num_richardson_iterations None
num_richardson_iterations None
train_mses [1.0086074595701853, 0.9923063276479068, 0.9767870777258846, 0.9610510345021479, 0.9512870257053003, 0.9437032877065545, 0.9383279476649619, 0.9341674587235507, 0.9306368217192336, 0.9276837271247704, 0.9252586441395516, 0.9230132681037517, 0.9211204914056873, 0.9194789526660215, 0.917962997636175, 0.9166757383732658, 0.9155144848416042, 0.9144562685732219, 0.9135072181854144, 0.912632372083614, 0.9118319752239727, 0.9110668615667845, 0.9103616269582174, 0.9097129077822979, 0.9090723478500387, 0.9084937165534944, 0.9079617575199895, 0.9074308088948501, 0.9069612452908623, 0.9065265261651596, 0.906087606437859]
train_rres [1.000017773066394, 0.9838554678120534, 0.9684683857521059, 0.9528663566850359, 0.9431855019178254, 0.9356663499295418, 0.930336788337603, 0.9262117317096952, 0.9227111629591254, 0.9197832180465744, 0.9173787879946559, 0.915152534439111, 0.913275877350617, 0.9116483185820725, 0.9101452740044903, 0.908868977533312, 0.9077176136804287, 0.9066684095861209, 0.905727441674038, 0.9048600460959099, 0.9040664657217482, 0.9033078680648063, 0.9026086395036285, 0.9019654450680796, 0.9013303403889547, 0.9007566369376206, 0.9002292082705008, 0.8997027814067229, 0.8992372167858018, 0.8988061998942751, 0.8983710181750788]
test_mses [1.001584962930498, 1.0150994947823675, 1.027851529526998, 1.0407764710648617, 1.0488731443934647, 1.055936763284503, 1.060669924455455, 1.0642795858496654, 1.0676146300008478, 1.0703281602215045, 1.0725665357583463, 1.0748211241587087, 1.0766837293771452, 1.0782800631578509, 1.0799404913168784, 1.0812584376626913, 1.0824286756764934, 1.083676121465114, 1.0846771802704658, 1.0855944390375267, 1.0865839039280496, 1.0874206842511283, 1.0881916531939093, 1.0890125460274651, 1.0897476355233613, 1.0903946920092251, 1.0910662940103208, 1.0917075673287726, 1.0922263418046076, 1.0927636710746655, 1.093319273146411]
test_rres [1.0000141833828788, 1.0135075204774244, 1.0262395562842628, 1.0391442277156717, 1.0472282030812072, 1.0542807441421094, 1.0590064823254586, 1.0626104827098677, 1.0659402965317852, 1.068649571139658, 1.070884436245889, 1.0731354887891063, 1.0749951728952152, 1.076589003155454, 1.0782468272751948, 1.0795627066938458, 1.080731109430556, 1.0819765988576058, 1.0829760877085797, 1.083891907944348, 1.0848798210631585, 1.0857152890687942, 1.086485048905716, 1.0873046543380813, 1.0880385909976347, 1.0886846327087845, 1.0893551814405857, 1.0899954490540293, 1.0905134099390392, 1.0910498965189024, 1.09160462724333]
step_times_seconds [0.2792649269104004, 0.2575817108154297, 0.2578151226043701, 0.26047682762145996, 0.258220911026001, 0.25818395614624023, 0.2607240676879883, 0.25768399238586426, 0.25840091705322266, 0.2601017951965332, 0.2578887939453125, 0.25739502906799316, 0.26000213623046875, 0.25784873962402344, 0.2632930278778076, 0.260955810546875, 0.25859594345092773, 0.2587740421295166, 0.2601020336151123, 0.2595028877258301, 0.25850772857666016, 0.2608010768890381, 0.25902700424194336, 0.25975608825683594, 0.26096034049987793, 0.2584977149963379, 0.2598598003387451, 0.26122498512268066, 0.25879335403442383, 0.25869202613830566, 0.2603909969329834]
