date 2025-01-26T23:42:30.059438
sample_ratio 0.01
rank 4
seed 0
l2_regularization_strength 0
input_shape (100, 100, 100)
input_size 1000000
num_train_samples 10000
num_test_samples 1000000
num_iterations 10
max_num_richardson_iterations None
num_richardson_iterations None
train_mses [0.998336270094871, 0.9589028757286296, 0.9240457943233998, 0.8878925196410166, 0.8655107713110277, 0.8463431185136638, 0.8317618528635837, 0.8205555298618132, 0.8121928656881228, 0.8052344780381829, 0.8002529369621234, 0.7963365174752384, 0.7930537795060866, 0.7907367020102176, 0.7884675976120828, 0.786579248483671, 0.7850397898645384, 0.7834128742237186, 0.7820177379937875, 0.7807140955731274, 0.779375166711139, 0.7781643870389993, 0.7769772637868586, 0.7758051384721522, 0.7746814550466132, 0.7735618282531077, 0.7724847063269472, 0.7713965860681066, 0.7702931119836403, 0.769238455256475, 0.7681545301252838]
train_rres [1.0000005311077937, 0.9605013999123728, 0.9255862105495893, 0.8893726671107303, 0.8669536076339239, 0.8477540016979078, 0.8331484285748175, 0.8219234242458943, 0.8135468192224468, 0.8065768317001737, 0.801586986223237, 0.7976640379299191, 0.7943758275232918, 0.7920548873792793, 0.7897820003058105, 0.7878905032342383, 0.7863484782844637, 0.7847188505191289, 0.783321388548959, 0.7820155729113976, 0.7806744120087924, 0.7794616139251573, 0.77827251169759, 0.7770984324095362, 0.7759728757649508, 0.7748513825149442, 0.7737724649893634, 0.7726825307965024, 0.7715772171826585, 0.7705208023063349, 0.7694350702345457]
test_mses [1.0015785389318956, 1.0441922029032433, 1.0842565643194126, 1.123712238813477, 1.14995736348607, 1.1808634244161347, 1.203263702053539, 1.2197535566677002, 1.2361217839466117, 1.2503158533261889, 1.2591247295727688, 1.2710836519630928, 1.2809322874740232, 1.286213877921068, 1.297362041419559, 1.3045233758002832, 1.3086793829726122, 1.3193364430837926, 1.3256112676530802, 1.3297882027931502, 1.3394920646287947, 1.3458867056200423, 1.3507604745270008, 1.3594292433016535, 1.3662003558205567, 1.3721005656381073, 1.3802397183051838, 1.3874096596989103, 1.394504545965002, 1.40305714765045, 1.4106042807269574]
test_rres [1.000007769458994, 1.0425546026827839, 1.0825561314069398, 1.1219499278089538, 1.1481538924136678, 1.1790114835581396, 1.2013766309776632, 1.217840624654081, 1.234183181742652, 1.248354990650373, 1.257150051990422, 1.2690902192761893, 1.2789234092325186, 1.2841967165936943, 1.2953273964958205, 1.302477499799806, 1.3066269891316047, 1.3172673358408473, 1.3235323196412903, 1.3277027041196265, 1.3373913474483359, 1.3437759597633803, 1.3486420851684868, 1.3572972587662968, 1.364057752191011, 1.3699487087457323, 1.3780750968296556, 1.385233793648318, 1.3923175530478413, 1.4008567417405788, 1.4083920386946218]
step_times_seconds [0.037532806396484375, 0.02610492706298828, 0.025696754455566406, 0.025949954986572266, 0.025570154190063477, 0.025895118713378906, 0.025722980499267578, 0.026002883911132812, 0.025655031204223633, 0.02589702606201172, 0.025660037994384766, 0.02589106559753418, 0.025674104690551758, 0.025981903076171875, 0.025736093521118164, 0.025999069213867188, 0.025734901428222656, 0.025980234146118164, 0.025779008865356445, 0.02592301368713379, 0.0256960391998291, 0.025937795639038086, 0.025668859481811523, 0.02596879005432129, 0.025742053985595703, 0.02588200569152832, 0.0256807804107666, 0.026028156280517578, 0.02573394775390625, 0.026037931442260742, 0.02573704719543457]
