date 2025-01-26T23:42:30.059438
sample_ratio 0.01
rank 1
seed 0
l2_regularization_strength 0
input_shape (100, 100, 100)
input_size 1000000
num_train_samples 10000
num_test_samples 1000000
num_iterations 10
max_num_richardson_iterations None
num_richardson_iterations None
train_mses [0.9983139622842893, 0.9869828248263482, 0.9775956702449589, 0.9662608296769869, 0.9595347131566938, 0.9537406226787493, 0.9496082493108515, 0.9461851082584424, 0.9436201205772566, 0.9414307192471664, 0.9395184787534908, 0.938077561915166, 0.936718009227404, 0.935573714718882, 0.9346009089590652, 0.9337790527542569, 0.9330490518259632, 0.9324021838276785, 0.9318809320259434, 0.9313949305156957, 0.9309654200973586, 0.9306039463538184, 0.9302856413194291, 0.9299957044382654, 0.9297487937330571, 0.9295372268467518, 0.9293336151131516, 0.9291608264924595, 0.9290051877717845, 0.9288508924710593, 0.9287210936668558]
train_rres [0.999978186109322, 0.9886281592542226, 0.9792253559622133, 0.9678716198238709, 0.961134290635233, 0.9553305412085188, 0.9511912790316165, 0.947762431484947, 0.9451931678807839, 0.9430001167431243, 0.9410846884785581, 0.9396413695821404, 0.9382795504731324, 0.9371333483861772, 0.9361589209255892, 0.9353356946581268, 0.9346044767930947, 0.9339565304435347, 0.9334344096970586, 0.9329475980055224, 0.9325173715784963, 0.9321552952457518, 0.9318364595858862, 0.9315460393699364, 0.931298717056062, 0.9310867974804565, 0.9308828463190703, 0.9307097696537847, 0.9305538714779917, 0.9303993189616757, 0.9302693037783865]
test_mses [1.0015712181240313, 1.013950390785067, 1.0248121357395101, 1.0355879186729577, 1.0430434429640623, 1.0503228599993908, 1.055799587754603, 1.0607685072799995, 1.0649365794266235, 1.0682929188733152, 1.0731155852532737, 1.0756438529571426, 1.0784917349437342, 1.0823991290259376, 1.084936660591558, 1.0875786668263614, 1.0908152460126832, 1.0933624876263992, 1.095490024815943, 1.0982453817426514, 1.100480359803742, 1.1021049710369573, 1.1044239288622424, 1.1062814040055617, 1.1074884674883214, 1.109410693727311, 1.11093792251674, 1.1118600335949498, 1.113472345494785, 1.114774581912546, 1.1155189133612888]
test_rres [1.0000004601323076, 1.0123602186128675, 1.0232049291593897, 1.0339638124986263, 1.0414076443367621, 1.0486756451070498, 1.0541437837437506, 1.0591049105431647, 1.0632664459278331, 1.0666175216479785, 1.0714326246698644, 1.073956927307017, 1.0768003429777753, 1.080701609117831, 1.0832351610882776, 1.0858730238809247, 1.0891045271599813, 1.0916477739503145, 1.093771974536347, 1.0965230102537054, 1.0987544832124256, 1.100376546577819, 1.102691867595785, 1.104546429672242, 1.1057516001247532, 1.1076708117481344, 1.1091956453940301, 1.110116310331098, 1.1117260936520803, 1.113026287780463, 1.1137694518987649]
step_times_seconds [0.03764986991882324, 0.02521491050720215, 0.024976730346679688, 0.025389671325683594, 0.025045156478881836, 0.025263071060180664, 0.02509784698486328, 0.025262832641601562, 0.025161027908325195, 0.025284767150878906, 0.025072097778320312, 0.025330781936645508, 0.025178194046020508, 0.025262117385864258, 0.025124073028564453, 0.025248050689697266, 0.025063037872314453, 0.025182247161865234, 0.025023937225341797, 0.024686813354492188, 0.024415016174316406, 0.024566650390625, 0.02472400665283203, 0.024576902389526367, 0.024482011795043945, 0.02469778060913086, 0.024560213088989258, 0.02469778060913086, 0.024951934814453125, 0.025381088256835938, 0.024776220321655273]
