date 2025-01-26T23:42:30.059438
sample_ratio 0.06
rank 1
seed 0
l2_regularization_strength 0
input_shape (100, 100, 100)
input_size 1000000
num_train_samples 60000
num_test_samples 1000000
num_iterations 10
max_num_richardson_iterations None
num_richardson_iterations None
train_mses [1.0103771694270778, 1.0086539504098926, 1.0070081171347578, 1.0055215479310287, 1.00443301267656, 1.0036844564898968, 1.0029904775706964, 1.002487332137372, 1.002119925361601, 1.0017994086724702, 1.0015797979696515, 1.0013868304230784, 1.001238529054535, 1.0011220646442132, 1.0010168500458272, 1.0009300484266541, 1.0008518473316603, 1.0007826875947032, 1.0007171982483336, 1.000658742634021, 1.0006064755069564, 1.0005523822845621, 1.000507225205882, 1.0004645653906827, 1.0004188010000699, 1.0003827034215218, 1.000346438292282, 1.0003075345277577, 1.0002777883118346, 1.0002466225180668, 1.0002136988361527]
train_rres [0.9999889596079583, 0.9982834578960097, 0.9966545462833064, 0.9951832612657863, 0.9941059178047993, 0.9933650579111283, 0.9926782141478288, 0.9921802418127188, 0.9918166125358772, 0.991499391244463, 0.9912820384727699, 0.9910910549252644, 0.9909442783197298, 0.9908290113401966, 0.9907248785074692, 0.9906389693406, 0.9905615722714766, 0.9904931236015151, 0.9904283075849591, 0.9903704529830257, 0.990318723241305, 0.9902651861792844, 0.9902204933838663, 0.9901782721762726, 0.9901329783130096, 0.990097251872321, 0.9900613596036161, 0.9900228558287995, 0.9899934154490942, 0.9899625700869582, 0.989929984910432]
test_mses [1.0015712181240313, 1.003232287607518, 1.0047887358790326, 1.0060803907577838, 1.0070046303120173, 1.0076917964683152, 1.0083567094529593, 1.0088255225461848, 1.0091596258813278, 1.0094939941969499, 1.0097014525825976, 1.0098886463363552, 1.010064114878528, 1.0101780215753633, 1.010285737771788, 1.0103999454135846, 1.0104848605219283, 1.010564520190383, 1.0106606561698626, 1.0107287861289027, 1.0107960901952313, 1.0108852575696, 1.0109393355387706, 1.0109980717024158, 1.011083718338797, 1.0111267976983631, 1.01117938478612, 1.011262779011723, 1.011297109732126, 1.0113456524420315, 1.0114254422951172]
test_rres [1.0000004601323076, 1.0016589245707224, 1.0032129318739695, 1.004502561058305, 1.0054253511333204, 1.0061114396111548, 1.0067753098168475, 1.0072433876733775, 1.0075769670363115, 1.007910810964157, 1.0081179439940922, 1.0083048441730353, 1.0084800375289709, 1.0085937655866328, 1.008701312852408, 1.0088153413830612, 1.008900123319562, 1.0089796580582477, 1.0090756432682608, 1.0091436663795048, 1.0092108648932792, 1.0092998924270022, 1.0093538855860258, 1.0094125296341063, 1.0094980419513935, 1.0095410537498646, 1.0095935583656144, 1.0096768218045655, 1.0097110986843103, 1.0097595652649822, 1.009839229984131]
step_times_seconds [0.17154932022094727, 0.14203691482543945, 0.14079594612121582, 0.14214301109313965, 0.14046382904052734, 0.14034008979797363, 0.14134883880615234, 0.14052820205688477, 0.14082908630371094, 0.1414957046508789, 0.14059805870056152, 0.1403820514678955, 0.14149093627929688, 0.14040803909301758, 0.14057087898254395, 0.1414172649383545, 0.14050579071044922, 0.14007973670959473, 0.14122891426086426, 0.1400299072265625, 0.14005804061889648, 0.1412191390991211, 0.13996291160583496, 0.13986587524414062, 0.14115214347839355, 0.1406710147857666, 0.1415538787841797, 0.14292407035827637, 0.1414189338684082, 0.1414661407470703, 0.14355707168579102]
