date 2025-01-26T23:42:30.059438
sample_ratio 0.05
rank 2
seed 0
l2_regularization_strength 0
input_shape (100, 100, 100)
input_size 1000000
num_train_samples 50000
num_test_samples 1000000
num_iterations 10
max_num_richardson_iterations None
num_richardson_iterations None
train_mses [1.0081927182161023, 1.0050132266035898, 1.0011334483406082, 0.9970936786658369, 0.9943288724103765, 0.9928493256972871, 0.9914221990611173, 0.9903091029470583, 0.9892827463385396, 0.988381813447889, 0.9875441528884471, 0.9867902618977307, 0.9861405397282037, 0.9854906782719347, 0.9849724584818036, 0.9845306333382106, 0.9840971709303321, 0.9837716671443998, 0.9835035872801652, 0.9832581056794889, 0.9830732022941294, 0.9829107100033457, 0.9827664326735313, 0.9826506276718012, 0.9825342773740611, 0.9824315379681028, 0.9823429983354817, 0.9822451774057036, 0.9821590105831283, 0.9820814930293322, 0.9819936557104018]
train_rres [1.000009306936037, 0.9968556229762247, 0.9930073365308567, 0.9890003573098629, 0.9862579927426723, 0.9847904553796234, 0.9833749126043578, 0.982270851393181, 0.9812528256306363, 0.9803592055327154, 0.9795283441900772, 0.978780572465971, 0.97813612403393, 0.977491537445725, 0.9769775239998766, 0.9765392851119652, 0.9761093410801809, 0.9757864793797402, 0.9755205754960947, 0.9752770864478975, 0.9750936839069917, 0.9749325105517859, 0.9747894043083192, 0.9746745392855637, 0.9745591333929177, 0.9744572279136466, 0.9743694069494063, 0.9742723800234786, 0.9741869126093945, 0.9741100242587385, 0.9740228999075706]
test_mses [1.0015767175707986, 1.004457671799962, 1.0083204163366495, 1.0120954102667206, 1.014725101403776, 1.0162147920054485, 1.0176876308261305, 1.018738144400006, 1.0197532162133771, 1.0207354926666279, 1.0215269376014828, 1.0223195258501792, 1.0230972490111268, 1.0237631167548675, 1.0243484417668678, 1.0249264985041031, 1.0254548774241177, 1.0258632362973303, 1.02625245767778, 1.0266143184496266, 1.0268643931696395, 1.0271179724513018, 1.0273523716787558, 1.0275104122423102, 1.0276920433535062, 1.027852360223558, 1.0279678190532358, 1.0281109090582925, 1.0282313698541217, 1.0283232601910512, 1.0284390043441456]
test_rres [1.0000059509543262, 1.0028823870006611, 1.006739073618809, 1.0105081472490782, 1.0131337142576697, 1.0146210685867183, 1.0160915975633211, 1.017140463623209, 1.0181539435056877, 1.019134679460808, 1.019924883177431, 1.0207162284148434, 1.021492731877333, 1.0221575553447797, 1.0227419623951575, 1.023319112569561, 1.0238466628361598, 1.0242543812826588, 1.0246429922496074, 1.0250042855174273, 1.0252539680467923, 1.0255071496416241, 1.025741181262209, 1.025898973971718, 1.0260803202319573, 1.0262403856780462, 1.0263556634343505, 1.0264985290322308, 1.0266188009101334, 1.0267105471360116, 1.0268261097682614]
step_times_seconds [0.1448991298675537, 0.11972403526306152, 0.11853289604187012, 0.11972212791442871, 0.11871480941772461, 0.11828875541687012, 0.11933612823486328, 0.11877918243408203, 0.11854290962219238, 0.11969995498657227, 0.11875009536743164, 0.11870408058166504, 0.11993074417114258, 0.11867594718933105, 0.1189119815826416, 0.11991214752197266, 0.11919093132019043, 0.1185452938079834, 0.11956095695495605, 0.11891722679138184, 0.11857199668884277, 0.1196589469909668, 0.11861205101013184, 0.1185598373413086, 0.1196589469909668, 0.11865878105163574, 0.11865067481994629, 0.1197807788848877, 0.11881208419799805, 0.11928606033325195, 0.12032508850097656]
