date 2025-01-26T23:42:30.059438
sample_ratio 0.08
rank 8
seed 0
l2_regularization_strength 0
input_shape (100, 100, 100)
input_size 1000000
num_train_samples 80000
num_test_samples 1000000
num_iterations 10
max_num_richardson_iterations None
num_richardson_iterations None
train_mses [1.0106906893473961, 1.0015750869530247, 0.99234886279611, 0.9825563742195443, 0.9764380739920101, 0.9716126576008705, 0.9680840562005838, 0.9654758646188915, 0.963245794610518, 0.961261230676106, 0.959606668136314, 0.9580547335391478, 0.9566881457787173, 0.9554683364326978, 0.954342010309957, 0.9533629905177733, 0.9524673326260544, 0.951644841113365, 0.95090845675204, 0.9502266956758555, 0.949583704462671, 0.9489966947343631, 0.9484571484851242, 0.9479385550452338, 0.9474726679137578, 0.9470523404951964, 0.9466441700184914, 0.9462845465815897, 0.9459632133783087, 0.9456486208113521, 0.9453725160657205]
train_rres [1.0000246885671438, 0.9910052847657501, 0.9818764266131863, 0.972187279931326, 0.9661335472274551, 0.9613590543241197, 0.9578676908895979, 0.9552870240231707, 0.9530804883450329, 0.9511168678710644, 0.9494797662275944, 0.9479442094755977, 0.9465920435618039, 0.9453851070833923, 0.9442706672829759, 0.9433019792628937, 0.9424157734101345, 0.941601961798436, 0.9408733486338335, 0.9401987823050105, 0.9395625766938445, 0.9389817617848677, 0.9384479094643212, 0.9379347888343545, 0.937473818293642, 0.9370579266659922, 0.9366540636858032, 0.9362982354197673, 0.935980293303624, 0.9356690206886568, 0.9353958297261076]
test_mses [1.0015821733934822, 1.009389782030962, 1.0172084415123024, 1.0258270347345357, 1.0313586986115713, 1.0359001671682508, 1.038919694062614, 1.0414323243111374, 1.0434792697980158, 1.0452509900766518, 1.0468451648258805, 1.048279800529416, 1.0495294370088026, 1.0507054692829794, 1.0518675625316867, 1.0527970110481444, 1.0536612802552323, 1.0546002719540586, 1.0553083709730464, 1.0559738749886014, 1.0567691317390875, 1.0573379076128349, 1.0578848831605214, 1.0585578285185975, 1.0590130424573183, 1.0594533014515928, 1.0599857160543147, 1.0603404407563803, 1.06068041416783, 1.0610763776416439, 1.0613575531233583]
test_rres [1.0000113982206769, 1.0078067622334692, 1.0156131597591518, 1.024218236494553, 1.0297412250970945, 1.0342755712965213, 1.037290362685396, 1.0397990523913283, 1.0418427876661678, 1.0436117293667693, 1.045203403981527, 1.0466357897546972, 1.047883466436866, 1.0490576543468482, 1.0502179250918486, 1.051145915959905, 1.0520088297389019, 1.0529463488228126, 1.0536533373344565, 1.05431779764415, 1.0551118071983572, 1.0556796910643942, 1.0562258087936878, 1.0568976987756906, 1.0573521988051864, 1.0577917673439832, 1.0583233469641529, 1.058677515353646, 1.0590169555868822, 1.0594122980736111, 1.0596930325895442]
step_times_seconds [0.2242109775543213, 0.1909809112548828, 0.19041204452514648, 0.19214105606079102, 0.19030976295471191, 0.19044899940490723, 0.1921238899230957, 0.1904599666595459, 0.1908411979675293, 0.1922450065612793, 0.19050908088684082, 0.19040393829345703, 0.1921861171722412, 0.19071292877197266, 0.190521240234375, 0.1918630599975586, 0.19168472290039062, 0.19095396995544434, 0.19268178939819336, 0.19097495079040527, 0.1920161247253418, 0.19331884384155273, 0.19214105606079102, 0.19233083724975586, 0.20106220245361328, 0.19399690628051758, 0.19155597686767578, 0.1934061050415039, 0.19174575805664062, 0.19144177436828613, 0.19335675239562988]
