date 2025-01-26T23:42:30.059438
sample_ratio 0.09
rank 1
seed 0
l2_regularization_strength 0
input_shape (100, 100, 100)
input_size 1000000
num_train_samples 90000
num_test_samples 1000000
num_iterations 10
max_num_richardson_iterations None
num_richardson_iterations None
train_mses [1.0094184509037523, 1.0085647428331401, 1.0075086178769908, 1.0065488158557367, 1.0056638367823414, 1.0050436438348316, 1.0045695291642631, 1.004205561711083, 1.0039369888107474, 1.003707697916336, 1.0035212445727812, 1.0033567705525102, 1.0032353923652213, 1.0031268821798138, 1.0030318756642398, 1.0029599158039544, 1.0028933854130893, 1.002834290869253, 1.0027867126618704, 1.0027430345444306, 1.0027029698096535, 1.0026688050285333, 1.0026384124960666, 1.0026086038023114, 1.0025820127807272, 1.002558447551873, 1.002533043352241, 1.0025096197438443, 1.002487966535648, 1.002462838843548, 1.0024389790119124]
train_rres [0.9999970561335797, 0.9991513161368072, 0.9981050485100236, 0.9971542047892004, 0.9962774856571666, 0.9956630812729497, 0.9951933917458624, 0.9948328213784565, 0.9945667552000027, 0.9943396043893509, 0.9941548913057985, 0.9939919524017847, 0.993871707096323, 0.9937642096894043, 0.9936700899159819, 0.9935988016921725, 0.9935328922618972, 0.9934743492762632, 0.9934272151394976, 0.993383944691233, 0.993344253900168, 0.9933104079956148, 0.9932802991314783, 0.9932507686568017, 0.9932244258221924, 0.9932010805391136, 0.9931759134492684, 0.9931527084648342, 0.993131257356592, 0.9931063641934988, 0.9930827270573102]
test_mses [1.0015712181240313, 1.002348119373163, 1.0031771827619633, 1.0039173411704716, 1.0046166837395563, 1.0052454410502831, 1.0056222764757572, 1.005932055240278, 1.0062301321146672, 1.0064256155216604, 1.0065820807527583, 1.0067489774234148, 1.006874864038097, 1.006949337319964, 1.007027348649884, 1.0071088446079957, 1.0071396536085748, 1.007180505039438, 1.0072394779713898, 1.007247228022424, 1.0072729201330608, 1.0073211079035862, 1.0073156374102894, 1.0073343341129246, 1.007376241578675, 1.0073634130500133, 1.0073791971335917, 1.007417960850985, 1.0074017425957529, 1.00741695938722, 1.0074556091763924]
test_rres [1.0000004601323076, 1.0007761429719804, 1.0016039061457587, 1.0023429037683793, 1.003041149562807, 1.003668920797304, 1.004045165234094, 1.0043544581744805, 1.0046520675767379, 1.004847244408304, 1.005003464255941, 1.0051700991835735, 1.0052957883710507, 1.0053701448569272, 1.0054480338421574, 1.0055294019906584, 1.0055601626736712, 1.005600950037486, 1.0056598304825508, 1.0056675683792275, 1.005693220197085, 1.0057413323950257, 1.00573587048107, 1.0057545378617812, 1.0057963796043103, 1.0057835711945515, 1.0057993305240485, 1.0058380334485417, 1.0058218406282997, 1.0058370335553661, 1.0058756227303116]
step_times_seconds [0.2660400867462158, 0.21160292625427246, 0.20996809005737305, 0.21161913871765137, 0.20921683311462402, 0.20923495292663574, 0.2107398509979248, 0.20936203002929688, 0.20941495895385742, 0.21146798133850098, 0.20981383323669434, 0.20975804328918457, 0.21135306358337402, 0.2100369930267334, 0.20991277694702148, 0.21816587448120117, 0.20982885360717773, 0.21068596839904785, 0.2119910717010498, 0.21037006378173828, 0.2106189727783203, 0.2123730182647705, 0.21016716957092285, 0.21027016639709473, 0.21386098861694336, 0.2099759578704834, 0.21187996864318848, 0.21315717697143555, 0.2100050449371338, 0.21027493476867676, 0.21170401573181152]
