date 2025-01-26T23:42:30.059438
sample_ratio 0.03
rank 16
seed 0
l2_regularization_strength 0
input_shape (100, 100, 100)
input_size 1000000
num_train_samples 30000
num_test_samples 1000000
num_iterations 10
max_num_richardson_iterations None
num_richardson_iterations None
train_mses [1.0058881071798602, 0.9520429758101144, 0.900757518583899, 0.8517852986680023, 0.8216221563222141, 0.8003012763117562, 0.7842851129904838, 0.772782726568361, 0.7630761318399614, 0.7548416666416035, 0.7482340327378112, 0.7425494199817154, 0.7375213765306736, 0.7332045970595616, 0.7292514311275007, 0.7256281192954366, 0.7224698256883566, 0.7193898543113468, 0.7165602142991465, 0.7140969613214181, 0.7117366279323742, 0.7095678948591221, 0.7076657902759453, 0.7058906148657915, 0.7042519753260849, 0.7027743728718429, 0.7013983649814656, 0.7001156040677584, 0.6989118354850845, 0.6977758956636554, 0.6966962867515741]
train_rres [1.0000667852222769, 0.9465332688754291, 0.8955446132080795, 0.8468558075776021, 0.8168672267576873, 0.7956697359254827, 0.77974626208185, 0.7683104427999149, 0.7586600225233479, 0.7504732122010402, 0.743903818300343, 0.7382521037968672, 0.7332531588703396, 0.7289613616640956, 0.7250310736758915, 0.7214287308408526, 0.7182887150559203, 0.7152265682310427, 0.7124133040417769, 0.7099643065150714, 0.707617632956069, 0.7054614508746909, 0.7035703542387169, 0.7018054522054128, 0.7001762958758813, 0.6987072446705804, 0.6973392000764076, 0.6960638628157092, 0.6948670607379897, 0.6937376948797854, 0.6926643339300974]
test_mses [1.001584962930498, 1.0558812547617438, 1.1110360663930814, 1.1629609944004595, 1.2025939125890337, 1.2318099479460587, 1.2554168429115002, 1.2742822307292143, 1.2898675119298932, 1.304212887633837, 1.3167362406203738, 1.3261415871432336, 1.336112020495635, 1.345066761354344, 1.3517103819584362, 1.359834027745351, 1.366123812775351, 1.3715219534699328, 1.378748009761376, 1.383202895785791, 1.3875057067867365, 1.3937005420289763, 1.3970381248126944, 1.4003806680326785, 1.4053396347239682, 1.4080888653099135, 1.4108706809236646, 1.414704071820143, 1.4171518116184374, 1.4196941097465574, 1.4227420471519883]
test_rres [1.0000141833828788, 1.0542253226730256, 1.109293635351933, 1.161137129813537, 1.2007078919398624, 1.2298781079680239, 1.2534479803850378, 1.2722837817308712, 1.2878446206307368, 1.302167498570045, 1.3146712112589864, 1.3240618074346433, 1.334016604217637, 1.3429573014112395, 1.34959050286593, 1.3577014083890366, 1.3639813291877936, 1.3693710040114686, 1.376585727723198, 1.3810336271772137, 1.3853296901060859, 1.3915148100262518, 1.394847158499383, 1.3981844596293584, 1.4031356492036342, 1.405880568188132, 1.4086580210975364, 1.4124854001106089, 1.4149293011336066, 1.4174676121911822, 1.4205107695350945]
step_times_seconds [0.09147310256958008, 0.07707691192626953, 0.07674694061279297, 0.07779407501220703, 0.0775449275970459, 0.07730484008789062, 0.0776979923248291, 0.07740497589111328, 0.07697319984436035, 0.07724905014038086, 0.07744312286376953, 0.07717299461364746, 0.07715892791748047, 0.07679009437561035, 0.07614493370056152, 0.07682371139526367, 0.07680511474609375, 0.07640433311462402, 0.0782020092010498, 0.07665276527404785, 0.0764470100402832, 0.07685303688049316, 0.07661795616149902, 0.07627391815185547, 0.07674813270568848, 0.07657504081726074, 0.07611393928527832, 0.0765528678894043, 0.07680010795593262, 0.07706904411315918, 0.07691192626953125]
