date 2025-01-26T23:42:30.059438
sample_ratio 0.09
rank 8
seed 0
l2_regularization_strength 0
input_shape (100, 100, 100)
input_size 1000000
num_train_samples 90000
num_test_samples 1000000
num_iterations 10
max_num_richardson_iterations None
num_richardson_iterations None
train_mses [1.0094403941215278, 1.001303758283145, 0.9932500385251867, 0.9841561710866301, 0.9789199016381097, 0.9746764595757914, 0.9714773460700612, 0.9691467588927225, 0.9671459873759577, 0.9653373159552588, 0.9639341426336855, 0.9626147552652149, 0.9614000031942692, 0.9603673671270327, 0.9594021373308679, 0.9585044365668052, 0.9577023645156324, 0.9569672544810197, 0.9562834339817101, 0.9556789022289445, 0.9551317465273005, 0.95463369047735, 0.9541965168716294, 0.953790140355216, 0.9534269180235165, 0.9531033597250012, 0.9527873378972379, 0.9525072995479826, 0.9522545481727821, 0.9519968233987537, 0.9517687990589827]
train_rres [1.0000187945446004, 0.9919581018973351, 0.9839795514342715, 0.9749705614962694, 0.9697831647046272, 0.9655793287569164, 0.962410074137979, 0.9601012394675658, 0.958119142127291, 0.9563273519191839, 0.9549372750986521, 0.953630202216054, 0.9524267880187107, 0.9514037900475827, 0.9504475692119192, 0.9495582471269624, 0.948763661205473, 0.9480354123113807, 0.9473579742423409, 0.9467590848792986, 0.9462170360487063, 0.9457236285988087, 0.9452905353475921, 0.9448879517414263, 0.9445281195409189, 0.9442075811698268, 0.9438945089279293, 0.9436170843131829, 0.9433666919898526, 0.9431113726868516, 0.9428854766094681]
test_mses [1.0015821733934822, 1.0084165844062127, 1.0148773263127446, 1.0227733199942262, 1.0272762208982882, 1.0309963010593624, 1.0339407076756926, 1.036108763855658, 1.0377710891306418, 1.0394964874161723, 1.040735860569264, 1.0417866865622165, 1.0429429279365323, 1.043831054616089, 1.0446389366493418, 1.0455427341163914, 1.046303210471885, 1.0469755849106803, 1.04772571876154, 1.0483744626471645, 1.0489122982411405, 1.0494827565035714, 1.0500071926637433, 1.0504330383215432, 1.0508564863198275, 1.0512902250499523, 1.0516426547271303, 1.051983216340104, 1.052355102449565, 1.052658338208106, 1.0529540257773404]
test_rres [1.0000113982206769, 1.0068350908685795, 1.0132857004332483, 1.0211693108763207, 1.0256651499085427, 1.0293793958907416, 1.0323191848122542, 1.0344838408430244, 1.0361435591034862, 1.0378662514574795, 1.039103680909265, 1.0401528588982647, 1.0413072869463327, 1.0421940207822709, 1.0430006358190913, 1.0439030158661227, 1.0446622995712174, 1.0453336195293086, 1.0460825769498558, 1.046730303414428, 1.0472672955241442, 1.0478368591403846, 1.0483604728305467, 1.0487856506372162, 1.0492084345446047, 1.049641493044942, 1.0499933700088213, 1.0503333975211082, 1.0507047004038672, 1.0510074605996302, 1.051302684443865]
step_times_seconds [0.251284122467041, 0.21496224403381348, 0.21391010284423828, 0.21620988845825195, 0.21428728103637695, 0.21421003341674805, 0.2178499698638916, 0.2143690586090088, 0.2142629623413086, 0.21615123748779297, 0.21414685249328613, 0.21389293670654297, 0.21581697463989258, 0.21431899070739746, 0.21408891677856445, 0.21549391746520996, 0.2143268585205078, 0.21570611000061035, 0.21694421768188477, 0.2158210277557373, 0.21546387672424316, 0.21724700927734375, 0.2152092456817627, 0.21488022804260254, 0.21709203720092773, 0.21581411361694336, 0.21575403213500977, 0.21766304969787598, 0.2158830165863037, 0.21637511253356934, 0.21797490119934082]
