date 2025-01-26T23:42:30.059438
sample_ratio 0.08
rank 2
seed 0
l2_regularization_strength 0
input_shape (100, 100, 100)
input_size 1000000
num_train_samples 80000
num_test_samples 1000000
num_iterations 10
max_num_richardson_iterations None
num_richardson_iterations None
train_mses [1.010674493864112, 1.008162729502337, 1.0057352173067629, 1.0030958850414997, 1.0014186666827227, 1.0001944486427312, 0.9992448893309087, 0.9984170420925006, 0.9978101583771594, 0.9972579912159043, 0.9967970052313105, 0.9964418946174987, 0.9961308818252593, 0.9958688525639323, 0.9956537437443287, 0.9954783655100986, 0.9953244201774529, 0.9951934021344945, 0.9950893720207665, 0.9949911340258155, 0.9949042230141125, 0.9948335490688333, 0.9947633983608246, 0.9946993384043122, 0.9946449623386295, 0.9945910099484295, 0.9945404732467091, 0.9944959983651243, 0.9944530666544291, 0.9944119365333943, 0.9943749198838612]
train_rres [1.0000086639977102, 0.9975234067373906, 0.9951215125149956, 0.9925100335982369, 0.990850515226718, 0.9896392165800754, 0.9886996781386017, 0.9878805673211223, 0.9872800881588748, 0.9867337481170687, 0.986277627000553, 0.9859262639329726, 0.9856185333147155, 0.9853592692953514, 0.9851464305578431, 0.9849729031216888, 0.9848205824018504, 0.9846909470158841, 0.9845880147506728, 0.9844908134789665, 0.984404819654815, 0.9843348915444023, 0.9842654811494432, 0.9842020972291834, 0.9841482950039102, 0.984094911982996, 0.984044908604186, 0.9840009030740324, 0.9839584244294085, 0.9839177283619448, 0.9838811023557776]
test_mses [1.0015767175707986, 1.003739558131469, 1.0059532789124157, 1.008362456191075, 1.0097587158992827, 1.0108585431432038, 1.0116931906617799, 1.0122923869734572, 1.0128864621866187, 1.0134405097016865, 1.0138324035531354, 1.014216345710101, 1.0145565754060066, 1.0148165199564791, 1.0150657233028069, 1.015252507819407, 1.0154183036898665, 1.015572744917501, 1.0156813436794994, 1.0157893405867444, 1.0158868297555343, 1.0159673746540407, 1.0160464556963826, 1.0161106866685725, 1.0161802455818385, 1.0162435600012152, 1.01628549438766, 1.0163452725120459, 1.0163975924450632, 1.01642261491526, 1.0164707854158757]
test_rres [1.0000059509543262, 1.0021653995454254, 1.0043756485616635, 1.0067810475423888, 1.0081751175050695, 1.0092732198966767, 1.0101065584426745, 1.0107048150384552, 1.0112979585671076, 1.0118511371728591, 1.0122424164195871, 1.0126257564424253, 1.012965452558188, 1.013224989439218, 1.0134738019614677, 1.0136602935450574, 1.0138258293988713, 1.0139800284172766, 1.0140884568645034, 1.014196284400862, 1.0142936206779871, 1.0143740392584237, 1.0144529962784525, 1.0145171265176032, 1.0145865763420525, 1.014649791465814, 1.014691660086818, 1.0147513444615384, 1.014803582341526, 1.0148285655691363, 1.0148766605242519]
step_times_seconds [0.22451400756835938, 0.18906807899475098, 0.18778109550476074, 0.18955779075622559, 0.18747997283935547, 0.18673205375671387, 0.18845009803771973, 0.1870558261871338, 0.18695807456970215, 0.1888902187347412, 0.1872408390045166, 0.1869521141052246, 0.1876838207244873, 0.186568021774292, 0.18712902069091797, 0.18892383575439453, 0.18708086013793945, 0.18751215934753418, 0.18897104263305664, 0.18685483932495117, 0.18898987770080566, 0.19037389755249023, 0.18865585327148438, 0.18826627731323242, 0.19163298606872559, 0.18862080574035645, 0.18837189674377441, 0.18961501121520996, 0.18851590156555176, 0.18831419944763184, 0.19024109840393066]
