date 2025-01-26T23:42:30.059438
sample_ratio 0.03
rank 4
seed 0
l2_regularization_strength 0
input_shape (100, 100, 100)
input_size 1000000
num_train_samples 30000
num_test_samples 1000000
num_iterations 10
max_num_richardson_iterations None
num_richardson_iterations None
train_mses [4.336713983298254, 4.276226097833784, 4.1860314445912525, 3.2633865974506993, 1.6065650487975875, 0.1403878195866793, 0.09008975962768671, 0.08436394905171514, 0.08298183432658293, 0.08199698179865925, 0.08117464578490884, 0.08029669073604279, 0.07952334054044612, 0.07893797361631737, 0.07828029161185114, 0.077727413368783, 0.07733439892831659, 0.07680352695578359, 0.07633846208381719, 0.07590571733401494, 0.07535944977478859, 0.07482133386698442, 0.07431151102880143, 0.07373289334565455, 0.07326615109921368, 0.07285261588096457, 0.07241641391558969, 0.07211182207338707, 0.07171594865812311, 0.07124270227371222, 0.0708616186944569]
train_rres [1.0000054318582952, 0.986057494719935, 0.9652594565014888, 0.7525062377349365, 0.370458780915362, 0.03237211001096509, 0.020773850738013723, 0.019453532704632952, 0.019134830056059298, 0.018907732331538845, 0.018718109385748524, 0.018515661213889666, 0.01833733393676147, 0.01820235383292863, 0.018050698552125103, 0.017923210032394797, 0.017832584601070813, 0.017710170520225534, 0.017602930937462184, 0.01750314407070615, 0.017377179912456808, 0.017253095448310465, 0.017135535099753497, 0.017002111307374165, 0.016894484937842725, 0.0167991276082825, 0.016698543540151174, 0.016628307527844294, 0.016537022843837727, 0.01642789668130066, 0.016340022394290957]
test_mses [4.3135209949157085, 4.3660232491742725, 4.404381482317874, 3.4817041568008023, 1.72173716471965, 0.1453074360715912, 0.09489672383393778, 0.09053377897235554, 0.09039885737060491, 0.09005952262314137, 0.0896411237679802, 0.08918625586554303, 0.08859900375377022, 0.08812465766936817, 0.08767652216251264, 0.08718611319918063, 0.08678941802818055, 0.08624412301876314, 0.08563382356743736, 0.08507449947434921, 0.08427017809074668, 0.08343485929818491, 0.08280878820490727, 0.08192691742848643, 0.08125956015442899, 0.08082208861554885, 0.08021017199707825, 0.07972576402879984, 0.0792722636335252, 0.07855210272717772, 0.07783029827064337]
test_rres [1.0000031007504118, 1.012174692616276, 1.0210672776131082, 0.8071630940941872, 0.3991501386978916, 0.033686607021260806, 0.021999897113482738, 0.02098843608312543, 0.020957157222939546, 0.020878489285526963, 0.02078149192466915, 0.020676039948567686, 0.02053989735568655, 0.020429929754789286, 0.020326038549219612, 0.020212347092855812, 0.020120381294724685, 0.019993965612296365, 0.019852479957205918, 0.019722811913843705, 0.019536346175401616, 0.01934269431102877, 0.01919755231790858, 0.018993108312206172, 0.0188383949483087, 0.01873697596926911, 0.018595115406496242, 0.01848281516015976, 0.01837768021309431, 0.01821072538889488, 0.01804338954063528]
step_times_seconds [0.09045720100402832, 0.07230591773986816, 0.07209897041320801, 0.07243013381958008, 0.07235002517700195, 0.07206892967224121, 0.07245302200317383, 0.07230401039123535, 0.07204508781433105, 0.07239508628845215, 0.07229900360107422, 0.07205486297607422, 0.07241678237915039, 0.07234716415405273, 0.07225918769836426, 0.07263517379760742, 0.07237482070922852, 0.07190608978271484, 0.07237124443054199, 0.07401299476623535, 0.07201004028320312, 0.07263374328613281, 0.07239913940429688, 0.07213091850280762, 0.07260894775390625, 0.07258009910583496, 0.07305669784545898, 0.07338690757751465, 0.07289505004882812, 0.07259488105773926, 0.07306194305419922]
