date 2025-01-26T23:42:30.059438
sample_ratio 0.1
rank 8
seed 0
l2_regularization_strength 0
input_shape (100, 100, 100)
input_size 1000000
num_train_samples 100000
num_test_samples 1000000
num_iterations 10
max_num_richardson_iterations None
num_richardson_iterations None
train_mses [4.32954960021777, 4.286547170419851, 4.102683615856773, 1.1030646039327892, 0.17174957119555515, 0.0808468894440101, 0.07113632270253925, 0.06422999200776189, 0.060540552291448224, 0.05794917671035762, 0.05614210447763677, 0.054068189499792516, 0.05204916855901455, 0.05009085723023739, 0.04773100909747277, 0.04557584629077225, 0.04421762456530212, 0.04313033883039703, 0.04251809392140393, 0.04192296538112717, 0.04147099004559779, 0.04109809271669417, 0.04074450649539865, 0.04045085007048782, 0.0401877658987074, 0.03993276347095539, 0.03971065950742535, 0.03950433635428628, 0.03930132278166915, 0.039117228290665336, 0.03894405781321175]
train_rres [0.9999951590036129, 0.9900628968530306, 0.9475959703923599, 0.2547745991743678, 0.03966896227447372, 0.018673189021889004, 0.016430341467454264, 0.014835187721921925, 0.013983038607943933, 0.013384509135935935, 0.012967130043062209, 0.012488118337566325, 0.01202178549624645, 0.011569474741219969, 0.011024421115173131, 0.01052664361576378, 0.010212935429984976, 0.009961805272865611, 0.00982039519522453, 0.009682938481659747, 0.00957854583363565, 0.00949241781614158, 0.009410750081103248, 0.00934292431850975, 0.009282159822780757, 0.009223261965767327, 0.009171962660104128, 0.009124308244892196, 0.009077418242796148, 0.009034897976994414, 0.008994900828300883]
test_mses [4.313515546607295, 4.3275793659052, 4.200864042264963, 1.1222989246331159, 0.17445767023265238, 0.0830048562336328, 0.07353417403726394, 0.06690179432153243, 0.06327569846066028, 0.06081836402665097, 0.05905904579637023, 0.056629859681233435, 0.054622246565836044, 0.05259403135854169, 0.04992737794981992, 0.0476867826821627, 0.04632131822655036, 0.04511766425572558, 0.044458318688560636, 0.04390340979896912, 0.04339368857489858, 0.04297843306644428, 0.04265122032792937, 0.04232242649892848, 0.042021071016337376, 0.04178113293667166, 0.041535388503799134, 0.041294357710796536, 0.04109859644084609, 0.04089786667488728, 0.040693467857604526]
test_rres [1.0000018376696678, 1.0032622513602178, 0.9738858517316576, 0.2601824370218232, 0.040444502620475664, 0.019243006747576282, 0.017047419529210222, 0.015509835664682108, 0.014669198257616181, 0.014099514684385289, 0.013691652131366265, 0.01312849417982276, 0.01266306945072768, 0.01219286854092009, 0.011574658572661775, 0.011055221616675031, 0.010738666141186152, 0.010459623172698445, 0.010306767161934119, 0.01017812269471591, 0.010059954079056074, 0.00996368543992172, 0.00988782774651867, 0.009811603509081078, 0.009741740300492446, 0.009686115481710614, 0.009629144576699526, 0.009573266434304247, 0.009527883120489841, 0.009481347960788913, 0.009433962205320608]
step_times_seconds [0.2760188579559326, 0.238358736038208, 0.23689913749694824, 0.2392559051513672, 0.2391519546508789, 0.2371978759765625, 0.2415921688079834, 0.23807096481323242, 0.23783183097839355, 0.24051189422607422, 0.2377610206604004, 0.2371060848236084, 0.2398059368133545, 0.23774194717407227, 0.2373487949371338, 0.24030423164367676, 0.2379751205444336, 0.23746204376220703, 0.2402329444885254, 0.23851704597473145, 0.2372899055480957, 0.24001002311706543, 0.2380218505859375, 0.23847508430480957, 0.24026966094970703, 0.23822474479675293, 0.2374563217163086, 0.24030017852783203, 0.2382521629333496, 0.23764514923095703, 0.2400968074798584]
