date 2025-01-26T23:42:30.059438
sample_ratio 0.03
rank 16
seed 0
l2_regularization_strength 0
input_shape (100, 100, 100)
input_size 1000000
num_train_samples 30000
num_test_samples 1000000
num_iterations 10
max_num_richardson_iterations None
num_richardson_iterations None
train_mses [4.336712388168355, 4.111914138146714, 3.842943005245475, 2.981964635757676, 1.3639854258317305, 0.14347158686736736, 0.08854646374530227, 0.06703667761858102, 0.05729363742218599, 0.04955432743123298, 0.044524550033875746, 0.04112067045478095, 0.03819236844801088, 0.03587539337556599, 0.033961373911165285, 0.03221465163563723, 0.030584944078473605, 0.029192695505802755, 0.027946581481725737, 0.026804406247113225, 0.025792174644068962, 0.024897135034184937, 0.02406433613359366, 0.023301534279494624, 0.022659777758229718, 0.022048391172070993, 0.021469464649006252, 0.020974957145904943, 0.02046423362691301, 0.01995502600082841, 0.019480213389722206]
train_rres [1.0000050640363523, 0.9481687031512126, 0.886146491183765, 0.6876129818224942, 0.3145222027692743, 0.03308319772464677, 0.02041798123144893, 0.015458026978604187, 0.013211373600785916, 0.011426761551295376, 0.010266942218554889, 0.009482039621428224, 0.008806800736832819, 0.008272528090112643, 0.007831173214403844, 0.007428395496020055, 0.007052600270468965, 0.00673156085202225, 0.006444218685213248, 0.00618084382508981, 0.005947432743510239, 0.005741045032662951, 0.005549009443633048, 0.00537311451478407, 0.005225131500532505, 0.005084151507505841, 0.004950656499547932, 0.004836627723128626, 0.0047188596860534004, 0.004601441199616582, 0.0044919538799432866]
test_mses [4.313541718804291, 4.543471919841065, 4.724631044509064, 3.987853211583842, 1.7922442897866213, 0.17488734809016987, 0.1101487158715429, 0.08704540016681285, 0.07909403062755109, 0.07156687120213907, 0.06599634235930302, 0.061941301996917594, 0.058383015161530986, 0.05557932505926562, 0.053117080701090495, 0.050796425525795406, 0.04864631139684571, 0.04669843348753065, 0.04489607784632007, 0.04322888629761434, 0.0416893964968619, 0.04030936316025753, 0.039014038172768974, 0.03776610042635529, 0.03669346660087239, 0.035715150123328356, 0.0347170915950372, 0.03384085289753608, 0.03298901737129771, 0.0321002627276931, 0.031242559576006235]
test_rres [1.0000079051672364, 1.053312598540459, 1.0953106986101606, 0.9245035741385692, 0.4154957977951985, 0.04054411479121686, 0.025535764760401133, 0.020179725605943, 0.018336360474801566, 0.0165913399279845, 0.015299924835251303, 0.014359845271286474, 0.013534928023186813, 0.012884948853243445, 0.01231412701282988, 0.011776129777206613, 0.011277669053716152, 0.010826092730917626, 0.010408252819627059, 0.010021747985127418, 0.009664848232897014, 0.009344915255320241, 0.009044620205059715, 0.008755310933717788, 0.008506642351203183, 0.008279839349151637, 0.008048459549633343, 0.007845321228171262, 0.0076478402912355725, 0.0074418003993564075, 0.007242959171454368]
step_times_seconds [0.09050607681274414, 0.07580280303955078, 0.07559418678283691, 0.0761258602142334, 0.07580995559692383, 0.07533001899719238, 0.07608389854431152, 0.07591867446899414, 0.07543110847473145, 0.07605385780334473, 0.07590103149414062, 0.07550907135009766, 0.0760648250579834, 0.07564902305603027, 0.07571911811828613, 0.07612204551696777, 0.07582998275756836, 0.0758810043334961, 0.07770180702209473, 0.07727599143981934, 0.07680606842041016, 0.08146786689758301, 0.08026385307312012, 0.08162307739257812, 0.0817880630493164, 0.07720327377319336, 0.07750511169433594, 0.0778040885925293, 0.07764792442321777, 0.07733297348022461, 0.07776784896850586]
