date 2025-01-26T23:42:30.059438
sample_ratio 0.1
rank 4
seed 0
l2_regularization_strength 0
input_shape (100, 100, 100)
input_size 1000000
num_train_samples 100000
num_test_samples 1000000
num_iterations 10
max_num_richardson_iterations None
num_richardson_iterations None
train_mses [4.329587400073596, 4.307854558781194, 4.23691244155763, 1.7358301465592822, 0.4418938747913972, 0.08840519299778438, 0.08253649084251453, 0.07898268731994966, 0.07694075443868309, 0.07487823253014081, 0.07266679699616677, 0.07056740090098845, 0.06927586040324486, 0.06805511436849769, 0.06717806708095823, 0.06655735889943463, 0.06595893052453713, 0.0654736174788352, 0.06512532334971213, 0.06476822832557945, 0.06447161176480837, 0.06424412558441389, 0.06400497499850778, 0.06380348488859627, 0.06364171348523417, 0.0634681033338686, 0.06332102165477677, 0.0632001964377721, 0.06306787636061599, 0.06295545338532137, 0.06286214813670604]
train_rres [1.000003889628349, 0.994984259853764, 0.9785987739848733, 0.40092432324242333, 0.10206413516143095, 0.020418928801304838, 0.01906343590093277, 0.018242614650048818, 0.017770989842661424, 0.0172946095919819, 0.016783834792609843, 0.01629893771881173, 0.016000630882152377, 0.015718675427696185, 0.01551610400047138, 0.015372739162556989, 0.015234520286885071, 0.015122427634966077, 0.015041982213341866, 0.014959504050851476, 0.014890994586301986, 0.014838452151143546, 0.014783215590701561, 0.014736677462465663, 0.014699313155513464, 0.01465921445542911, 0.014625243030996748, 0.014597336056080894, 0.014566774115737622, 0.014540807804819332, 0.014519257111204399]
test_mses [4.3135209949157085, 4.32185366184987, 4.281476781813787, 1.745626270025633, 0.4444741401550726, 0.08937085339464994, 0.08367752436348497, 0.0804902065269922, 0.0784686353434249, 0.07643502372057773, 0.07432553596299644, 0.07214072287503992, 0.07086123240076839, 0.06962075889680602, 0.06872299282372872, 0.06809303752818081, 0.06749829440046448, 0.06699968807501092, 0.06662596067820854, 0.06628058809269792, 0.06597287573779437, 0.06571611028378097, 0.06548928388297914, 0.06527871879146697, 0.06509010205988776, 0.06492640113435923, 0.0647720197320097, 0.06462897302317125, 0.06450346982843642, 0.06438520819640664, 0.0642743023886102]
test_rres [1.0000031007504118, 1.0019348620149342, 0.9925742943296711, 0.4046883473697154, 0.10304239132772118, 0.020718835173562617, 0.01939895132659213, 0.01866003578095627, 0.018191375154443086, 0.01771992319420776, 0.01723088087795087, 0.01672437589858672, 0.01642775176179446, 0.016140172924964127, 0.015932043914375325, 0.015786001447067394, 0.0156481222127789, 0.01553253036285049, 0.015445889181301065, 0.015365821492554006, 0.015294484570952034, 0.015234958663814538, 0.015182373524110516, 0.015133558241961628, 0.015089831245696872, 0.015051880478025357, 0.01501609025439374, 0.014982927751519822, 0.014953832359602907, 0.014926415778376346, 0.014900704497077751]
step_times_seconds [0.2779383659362793, 0.23543500900268555, 0.23459982872009277, 0.2370450496673584, 0.2368776798248291, 0.23519182205200195, 0.23908305168151855, 0.23622584342956543, 0.2362980842590332, 0.2386481761932373, 0.23612189292907715, 0.23897027969360352, 0.23803400993347168, 0.23562192916870117, 0.235029935836792, 0.23750710487365723, 0.23561692237854004, 0.23517608642578125, 0.23766112327575684, 0.23594331741333008, 0.23495888710021973, 0.2374100685119629, 0.23575210571289062, 0.2358088493347168, 0.23842191696166992, 0.23635005950927734, 0.23607397079467773, 0.23848223686218262, 0.23705506324768066, 0.2359480857849121, 0.23826313018798828]
