date 2025-01-26T23:42:30.059438
sample_ratio 0.05
rank 2
seed 0
l2_regularization_strength 0
input_shape (100, 100, 100)
input_size 1000000
num_train_samples 50000
num_test_samples 1000000
num_iterations 10
max_num_richardson_iterations None
num_richardson_iterations None
train_mses [4.333562773680712, 4.316825715921462, 4.289004324576904, 3.92085578312808, 2.2942297700787684, 0.21212241115734043, 0.09261974137357704, 0.08692014903903704, 0.08597572862995165, 0.08493483290997876, 0.08419410253250893, 0.08332630132813648, 0.08225476709425225, 0.08165523990060386, 0.08109878986156199, 0.08048395730243944, 0.08013551070104095, 0.07982412231681041, 0.0795171841165025, 0.07932368460342502, 0.07915015861151105, 0.07898345643902192, 0.0788693681983093, 0.07876685243485097, 0.0786670590352979, 0.07859611125264884, 0.0785320517836932, 0.07846821408566605, 0.07842134901004465, 0.07837873840186453, 0.07833537024554656]
train_rres [1.0000028375619543, 0.9961406331528389, 0.9897206337799328, 0.9047675350665545, 0.5294111104220302, 0.04894887282033238, 0.0213727154825923, 0.020057490849848512, 0.01983955859912109, 0.01959936393068321, 0.019428434716541695, 0.01922818293477852, 0.018980918194335197, 0.01884257269753402, 0.01871416758445181, 0.018572290257213783, 0.01849188353223138, 0.018420028275003875, 0.018349199931838246, 0.018304548435540663, 0.01826450598239827, 0.018226038177909708, 0.018199711441595195, 0.018176055143138928, 0.01815302705102749, 0.018136655306190037, 0.018121873092553392, 0.018107142054258923, 0.01809632757872194, 0.018086494854168102, 0.018076487319572968]
test_mses [4.313504392026129, 4.328342921951056, 4.3355315499467935, 3.964978568631857, 2.305812788573521, 0.21523797104903322, 0.09356665453679494, 0.0878494491295771, 0.08698728050416793, 0.08606356534837373, 0.0851838567431248, 0.08435343458987465, 0.08322136190492756, 0.08252227585164337, 0.08210013627826943, 0.08146592256316205, 0.08111115917841231, 0.08090614507269427, 0.08057619513460891, 0.08038525158276766, 0.08026713390140316, 0.08007492254051925, 0.07996004217644831, 0.07988578284879617, 0.07976333768259886, 0.079687587887749, 0.07963912322772602, 0.07955692109003888, 0.07950210274647339, 0.07946916478087998, 0.07941166736266068]
test_rres [0.9999992517043353, 1.0034392664748661, 1.0051058053173458, 0.9192005481633844, 0.5345563267319934, 0.04989859530113788, 0.02169154729371288, 0.020366128189091927, 0.020166251730904954, 0.019952106947306328, 0.01974816419751036, 0.019555647520493883, 0.019293199233686817, 0.019131130190369407, 0.019033265619217213, 0.01888623592296829, 0.018803991166260116, 0.018756462768541114, 0.01867997051046084, 0.01863570408770908, 0.018608320878549515, 0.01856376053976597, 0.01853712783752071, 0.01851991230570823, 0.018491525856212897, 0.01847396478955289, 0.018462729232717322, 0.018443672320122638, 0.018430963789525915, 0.018423327784562765, 0.018409998164381894]
step_times_seconds [0.14349913597106934, 0.11819028854370117, 0.11825203895568848, 0.11818695068359375, 0.11824297904968262, 0.11831498146057129, 0.11862707138061523, 0.11857485771179199, 0.11851310729980469, 0.11860203742980957, 0.11840271949768066, 0.11827707290649414, 0.11814403533935547, 0.11809492111206055, 0.11812472343444824, 0.11836791038513184, 0.11790180206298828, 0.1181340217590332, 0.11861777305603027, 0.11832404136657715, 0.11960315704345703, 0.11903214454650879, 0.11916399002075195, 0.11859512329101562, 0.11856794357299805, 0.11823296546936035, 0.11814570426940918, 0.11812996864318848, 0.11795973777770996, 0.11802196502685547, 0.11838412284851074]
