date 2025-01-26T23:42:30.059438
sample_ratio 0.7
rank 16
seed 0
l2_regularization_strength 0
input_shape (100, 100, 100)
input_size 1000000
num_train_samples 700000
num_test_samples 1000000
num_iterations 10
max_num_richardson_iterations None
num_richardson_iterations None
train_mses [4.315757786526374, 4.304486914714775, 3.7462631454758553, 0.18108563134996886, 0.06970538588839964, 0.04099506940764083, 0.03269468431565126, 0.028656545452550808, 0.026212615390466272, 0.024202832674502763, 0.022101040968749243, 0.020424535700117763, 0.01904727773970926, 0.017665442191035493, 0.01679076170009841, 0.01605557566595881, 0.015244730145007672, 0.014624477118834368, 0.014072739948817792, 0.013407182492939306, 0.012861276121309056, 0.012379724068046707, 0.01179165569489593, 0.011309595774374626, 0.010883519790643946, 0.010361367679961151, 0.0099502645884367, 0.009573870463164706, 0.009130169653772054, 0.008795800276869518, 0.008483454056598477]
train_rres [1.000004789926255, 0.9973932147740463, 0.8680471136484527, 0.041959374852345466, 0.01615144389930226, 0.009498972787348197, 0.007575689493708398, 0.006640011820115412, 0.0060737284721575635, 0.005608041461420075, 0.005121035035864282, 0.004732571785168867, 0.0044134471666204544, 0.004093261874508326, 0.0038905895458334265, 0.0037202394956240012, 0.0035323583760271536, 0.0033886394678261478, 0.003260796377437841, 0.003106579974022553, 0.0029800879386757554, 0.002868507450687165, 0.0027322460525635605, 0.0026205478865872966, 0.002521821765781023, 0.0024008338332832707, 0.0023055770832493844, 0.0022183627522349815, 0.0021155527808153552, 0.0020380760096325315, 0.0019657022268958035]
test_mses [4.313541718804291, 4.308214763480721, 3.754427416751568, 0.18104016968923511, 0.06984553045286042, 0.04114086304791414, 0.03281093479780571, 0.02878780899128295, 0.02633657076795383, 0.024321388819191752, 0.022219212955937387, 0.020537957365724, 0.019152613829265936, 0.01776429824333887, 0.016884371933858975, 0.01614393395404333, 0.015326755803297967, 0.014701911370912674, 0.014146133397689362, 0.01347453393540052, 0.012924800977378062, 0.012440887151661938, 0.011847943253662837, 0.011362387809949354, 0.01093495099316751, 0.010409239205865915, 0.009995084604868256, 0.009617078537750219, 0.009171016434592848, 0.008834216866101419, 0.008519793800001585]
test_rres [1.0000079051672364, 0.9987729576968504, 0.8703884976378312, 0.04197052274997761, 0.016192281690234962, 0.009537681783386362, 0.007606555427688712, 0.006673874611721017, 0.006105604322345748, 0.0056384249114390635, 0.005151077710844734, 0.004761312411139683, 0.004440148370511273, 0.004118295319979334, 0.003914302099835298, 0.0037426464439101813, 0.0035532001225467174, 0.0034083425060871192, 0.00327949655930555, 0.003123799729374095, 0.0029963551978057735, 0.0028841695084854935, 0.0027467073894256733, 0.002634141123984507, 0.0025350484934720916, 0.0024131727872862894, 0.0023171593714072735, 0.0022295262661862583, 0.002126115737569291, 0.002048035530420696, 0.0019751428653756228]
step_times_seconds [1.892807960510254, 1.745884895324707, 1.814621925354004, 1.8303308486938477, 1.786156177520752, 1.8181469440460205, 1.847400188446045, 1.8734610080718994, 1.8635482788085938, 1.8793799877166748, 1.883727788925171, 1.864185094833374, 1.8650727272033691, 1.9413659572601318, 2.045456886291504, 1.851335048675537, 1.8430061340332031, 1.8308050632476807, 1.8246541023254395, 1.8304698467254639, 1.8122498989105225, 1.8236401081085205, 1.8189139366149902, 1.818882703781128, 1.824512004852295, 1.8262901306152344, 1.813896894454956, 1.8327109813690186, 1.8290901184082031, 1.829092025756836, 1.8412432670593262]
