date 2025-01-26T23:42:30.059438
sample_ratio 0.02
rank 16
seed 0
l2_regularization_strength 0
input_shape (100, 100, 100)
input_size 1000000
num_train_samples 20000
num_test_samples 1000000
num_iterations 10
max_num_richardson_iterations None
num_richardson_iterations None
train_mses [4.321661580279909, 3.989499065876119, 3.6066734029582848, 3.1050965864802325, 2.170240123824761, 0.7944631228166265, 0.143223586991811, 0.08151409141452556, 0.06390850632881086, 0.05527465488923795, 0.04887965310909822, 0.04474034396520518, 0.041726393950177, 0.03928254943478552, 0.037431903569909455, 0.03582835665291794, 0.0344625558643756, 0.03327717818499411, 0.03224858766377933, 0.031334941683568145, 0.03049774205824392, 0.02976439651977218, 0.029083578364552425, 0.028463296989944303, 0.027898443490093537, 0.027361105488027723, 0.02687279014102135, 0.026401269890364943, 0.02594558195605827, 0.025513796090354993, 0.02508814044850628]
train_rres [1.0000371292849872, 0.9231743668520865, 0.8345880974625761, 0.7185226836515005, 0.5021958945587405, 0.1838396195319086, 0.03314209179051742, 0.01886244826444194, 0.014788496974771453, 0.012790614482606408, 0.011310804205197065, 0.010352963625460189, 0.009655532356294958, 0.009090024111794087, 0.008661782671863032, 0.008290720193750592, 0.00797467242499851, 0.007700374757403172, 0.007462357806529671, 0.007250939145845466, 0.007057210253752654, 0.006887513308852185, 0.006729971256828072, 0.006586437480827992, 0.006455729774552491, 0.006331389184004255, 0.006218392488466049, 0.006109282196253943, 0.0060038355190422735, 0.0059039198061659835, 0.005805422633670867]
test_mses [4.313541718804291, 4.67789709101461, 5.040206961911462, 5.039313408074705, 3.592956985594566, 1.2039890665628676, 0.21342323236235206, 0.11874392176682633, 0.10100369691808296, 0.09602947610998767, 0.09071167804671602, 0.08565660494971813, 0.08291945279478513, 0.08064963077642291, 0.07826592396716535, 0.07680692822592608, 0.07525037594275583, 0.07382626477817321, 0.07286235347631159, 0.07144247942340091, 0.07039513325189853, 0.06950759928511428, 0.06813702529615345, 0.06707867779451464, 0.06615429230583866, 0.06492590713174815, 0.06378516474310983, 0.06290210410013437, 0.061810436428141366, 0.06066691334686991, 0.05981929027078775]
test_rres [1.0000079051672364, 1.0844763712799206, 1.1684706290466929, 1.1682634765583897, 0.8329548252326587, 0.2791206536960391, 0.04947788462976943, 0.027528390403582827, 0.02341567601604116, 0.02226250294982088, 0.02102967840608869, 0.019857761362569892, 0.019223207677683478, 0.018696995087275504, 0.01814438059824274, 0.017806141775030655, 0.017445286429366387, 0.017115134893747462, 0.016891671441999774, 0.016562502195516606, 0.01631969604706017, 0.01611393914455484, 0.015796199126508294, 0.015550842540888855, 0.015336542354091523, 0.01505176595345403, 0.014787307770187892, 0.01458258791785219, 0.01432950672078169, 0.014064403889846363, 0.013867899524769934]
step_times_seconds [0.06553077697753906, 0.05246376991271973, 0.05237388610839844, 0.052343130111694336, 0.052359819412231445, 0.0520787239074707, 0.05206489562988281, 0.052206993103027344, 0.0532679557800293, 0.05249595642089844, 0.05199432373046875, 0.051760196685791016, 0.05187106132507324, 0.05200791358947754, 0.05169200897216797, 0.05195426940917969, 0.05213212966918945, 0.0532841682434082, 0.052011966705322266, 0.05253314971923828, 0.0517420768737793, 0.051963090896606445, 0.05186104774475098, 0.05172872543334961, 0.05194592475891113, 0.05190396308898926, 0.051751136779785156, 0.051902055740356445, 0.05193686485290527, 0.05193805694580078, 0.052050113677978516]
