date 2025-01-26T23:42:30.059438
sample_ratio 0.5
rank 16
seed 0
l2_regularization_strength 0
input_shape (100, 100, 100)
input_size 1000000
num_train_samples 500000
num_test_samples 1000000
num_iterations 10
max_num_richardson_iterations None
num_richardson_iterations None
train_mses [4.315148045733087, 4.300300974287229, 3.879622122141153, 0.32311151143977795, 0.0781103409447497, 0.04468087246613223, 0.029394625860058792, 0.024293988557211297, 0.02178719135015946, 0.02022351342320348, 0.018562072004917798, 0.017410511526501526, 0.01650348240413552, 0.01544711125930334, 0.014667870376493497, 0.01400325439478378, 0.013238762272938463, 0.01263063391388572, 0.012097056377534382, 0.011517817697025834, 0.011023118108575057, 0.010585775880693978, 0.010140294617401503, 0.009732983380087597, 0.009364309645155269, 0.009002419354641139, 0.008647777886160175, 0.008313362496708455, 0.007976417914797295, 0.007629210214250714, 0.007292773909812746]
train_rres [1.0000006866070115, 0.9965599977864638, 0.8990710735297163, 0.07487848154130126, 0.018101440263004354, 0.010354431104284823, 0.00681196698956391, 0.005629935515574401, 0.005049005521593046, 0.004686635798928627, 0.004301610177226985, 0.004034745342722764, 0.0038245486737960863, 0.0035797431980746732, 0.0033991604209408443, 0.0032451410382925714, 0.0030679761673197397, 0.0029270473347158925, 0.0028033950527885016, 0.0026691611697145126, 0.002554518538019836, 0.0024531680111020463, 0.0023499313285035117, 0.00225554024095336, 0.0021701030823300647, 0.0020862379321300883, 0.0020040526378547366, 0.0019265545739367792, 0.0018484703901060875, 0.0017680078114733224, 0.001690041416839384]
test_mses [4.313541718804291, 4.312040178480794, 3.9014184930517977, 0.3231961510568987, 0.07816609658108871, 0.04490526349592433, 0.029643962656732643, 0.02455133245424783, 0.022019815025326205, 0.020460760712877068, 0.0187824770817122, 0.017628221417648308, 0.016724357726820138, 0.01564722963323797, 0.014866308626835717, 0.014201631695021281, 0.013418075746636804, 0.012805217843131619, 0.012270731911304575, 0.011677286246150253, 0.011175305109021367, 0.010737240729653715, 0.010282391342200763, 0.009866453268749157, 0.009497353674974791, 0.009129692221868295, 0.00876599219664473, 0.008431294449336529, 0.008090532666883178, 0.007734219841252208, 0.007396817385423883]
test_rres [1.0000079051672364, 0.9996598032381702, 0.9044654227892625, 0.07492652837170503, 0.018121237626240495, 0.010410382327770753, 0.006872356622398065, 0.0056917327192195135, 0.005104851310386865, 0.0047434159195483645, 0.004354339608784673, 0.00408674864435373, 0.003877206023708263, 0.0036274955355114634, 0.0034464547039578784, 0.0032923627235096195, 0.0031107110336443156, 0.002968632252864773, 0.0028447224377127177, 0.0027071439940281497, 0.0025907697618779446, 0.0024892133446929353, 0.0023837656609182406, 0.0022873387828151732, 0.0022017704643358758, 0.0021165355498504105, 0.0020322190127580316, 0.0019546260705845995, 0.0018756273038063134, 0.0017930233403880076, 0.0017148033659340008]
step_times_seconds [1.4064610004425049, 1.2668452262878418, 1.2992026805877686, 1.2860050201416016, 1.312230110168457, 1.2903189659118652, 1.3718221187591553, 1.3373291492462158, 1.3453118801116943, 1.3576109409332275, 1.3306312561035156, 1.3053441047668457, 1.2845299243927002, 1.287952184677124, 1.3021049499511719, 1.3020331859588623, 1.320713996887207, 1.3338959217071533, 1.3386201858520508, 1.3475558757781982, 1.338791847229004, 1.3442678451538086, 1.3372669219970703, 1.3328220844268799, 1.3286118507385254, 1.3153939247131348, 1.3285720348358154, 1.347306728363037, 1.3291809558868408, 1.3334178924560547, 1.3119349479675293]
