date 2025-01-26T23:42:30.059438
sample_ratio 0.05
rank 1
seed 0
l2_regularization_strength 0
input_shape (100, 100, 100)
input_size 1000000
num_train_samples 50000
num_test_samples 1000000
num_iterations 10
max_num_richardson_iterations None
num_richardson_iterations None
train_mses [4.3335441524251035, 4.326230815525239, 4.317217991379515, 4.30547369211494, 4.298647522878406, 4.294142760522016, 4.291047404905306, 4.288607330773937, 4.286332832587267, 4.28444780296652, 4.281531993548498, 4.274956801774196, 4.249779517563783, 4.023750699229508, 2.5525402551192613, 0.5008796576440745, 0.10438928380575344, 0.08896166120865004, 0.08739938274753681, 0.08733495172913584, 0.08732968895309555, 0.08732935072488696, 0.08732932677150983, 0.08732932504073948, 0.08732932492304622, 0.0873293249143795, 0.0873293249137407, 0.0873293249136944, 0.0873293249136914, 0.08732932491369116, 0.08732932491369115]
train_rres [0.9999985405644446, 0.9983109319998871, 0.9962311537225516, 0.9935210666179919, 0.9919458757270995, 0.9909063672731568, 0.9901920902310027, 0.9896290244159534, 0.9891041665196948, 0.9886691814812676, 0.987996336101129, 0.9864790601840129, 0.9806692088059673, 0.9285113259023644, 0.5890182354373442, 0.11558182148950652, 0.02408862764162761, 0.020528585436254215, 0.02016807770260294, 0.02015320975108294, 0.020151995325159378, 0.020151917276406882, 0.020151911748981448, 0.02015191134959292, 0.0201519113224343, 0.02015191132043439, 0.020151911320286976, 0.020151911320276293, 0.020151911320275603, 0.020151911320275547, 0.020151911320275544]
test_mses [4.313511077090323, 4.320777630155305, 4.3298294280616005, 4.341945898143, 4.3493099509843605, 4.354752301182942, 4.358462734842933, 4.362833681664827, 4.365409852426223, 4.367135658579601, 4.369044943107803, 4.3629369142685395, 4.333192329882837, 4.087805241518383, 2.5567796582174096, 0.5132512887575467, 0.10535817286949366, 0.0891694027110502, 0.0875198880669553, 0.08745281828555992, 0.0874453260458701, 0.08744451386479728, 0.08744424471549989, 0.08744422945914729, 0.08744420426393812, 0.08744419797651262, 0.08744419839555403, 0.08744419779006848, 0.08744419766032355, 0.08744419767217586, 0.08744419766079954]
test_rres [1.0000008015020367, 1.0016854057048017, 1.0037838830239871, 1.006592842958535, 1.0083000505238002, 1.0095617499754468, 1.0104219394052636, 1.0114352555292054, 1.0120324889152243, 1.0124325823671183, 1.0128752115905921, 1.01145918793244, 1.0045635041856134, 0.9476754423127712, 0.5927379486889341, 0.11898699017036342, 0.024425173699879118, 0.020672132883603794, 0.020289726083967865, 0.020274177303878215, 0.02027244037876988, 0.020272252090920546, 0.02027218969406835, 0.020272186157189797, 0.02027218031618721, 0.020272178858574044, 0.02027217895572037, 0.02027217881535072, 0.020272178785271967, 0.020272178788019683, 0.020272178785382317]
step_times_seconds [0.14301323890686035, 0.11787700653076172, 0.11674118041992188, 0.11798405647277832, 0.1170799732208252, 0.1168358325958252, 0.11721992492675781, 0.11687707901000977, 0.1165008544921875, 0.11690497398376465, 0.11684799194335938, 0.11671686172485352, 0.11734294891357422, 0.11680889129638672, 0.11664724349975586, 0.11714577674865723, 0.11674118041992188, 0.11678528785705566, 0.11719417572021484, 0.11668610572814941, 0.11805582046508789, 0.11789608001708984, 0.11745977401733398, 0.11705708503723145, 0.1178731918334961, 0.1168522834777832, 0.1186370849609375, 0.11840701103210449, 0.11714005470275879, 0.11669802665710449, 0.11729621887207031]
