date 2025-01-26T23:42:30.059438
sample_ratio 0.2
rank 16
seed 0
l2_regularization_strength 0
input_shape (100, 100, 100)
input_size 1000000
num_train_samples 200000
num_test_samples 1000000
num_iterations 10
max_num_richardson_iterations None
num_richardson_iterations None
train_mses [4.322701599531434, 4.287819170330516, 4.056952520251497, 0.8331040968373066, 0.11205286656969514, 0.06383383057234186, 0.04441499504426516, 0.03536008834506267, 0.029475360605155414, 0.025937618065241173, 0.02323257512569299, 0.020757794067256294, 0.019313498233746586, 0.01773452063121206, 0.016142634313287947, 0.014717259591901162, 0.013320479670111438, 0.012075034899195805, 0.011129036082356512, 0.01034757752687173, 0.009586864134939801, 0.008975628008059273, 0.008418364509863106, 0.007896812151433119, 0.007446785398415934, 0.007031468252306544, 0.006654699535249467, 0.00630914662564057, 0.00599322751223815, 0.005705922657878743, 0.005432719164574789]
train_rres [1.0000030669854074, 0.9919334523285455, 0.9385253340886255, 0.19272823551959276, 0.02592203224167682, 0.014767160045627049, 0.010274854796644136, 0.008180115138590772, 0.0068187568183867495, 0.006000344233418481, 0.005374566308759369, 0.004802056596587161, 0.004467936780567356, 0.004102660018135512, 0.0037343969855012974, 0.0034046543326323687, 0.003081526729782159, 0.0027934086253977217, 0.0025745636053513686, 0.0023937829212783627, 0.0022178013718900684, 0.002076399522269205, 0.001947483566706695, 0.001826828937647869, 0.0017227208647493254, 0.0016266424262269819, 0.0015394816856748063, 0.0014595423325970721, 0.001386458388436787, 0.001319993995995184, 0.0012567917774463264]
test_mses [4.313541718804291, 4.332163501524621, 4.1539774341574685, 0.8485338708986762, 0.1134433422818005, 0.06532747866753473, 0.04576696483420089, 0.03656653440499008, 0.030445174601781096, 0.026840615947735246, 0.024092917781222287, 0.02149933603766398, 0.020011978649479813, 0.018429867184948347, 0.016761317007023855, 0.015274204686821705, 0.013847768996545674, 0.012549481797980652, 0.01156459027234515, 0.010757686539735052, 0.009971267041559786, 0.009328820455289313, 0.008752458724416348, 0.008222563642765293, 0.007747051258510235, 0.007315386884401966, 0.006936840308277216, 0.006571336510960937, 0.006240668228334527, 0.005953085931460764, 0.005664692194289723]
test_rres [1.0000079051672364, 1.0043249910197871, 0.9630161344991627, 0.19671551453918612, 0.026299557640963242, 0.015144862238700589, 0.010610150454832847, 0.00847721567410645, 0.007058101500040042, 0.006222457061278473, 0.005585458495680238, 0.004984188723569473, 0.004639374822846297, 0.004272594094960874, 0.0038857742895979583, 0.0035410172029582657, 0.003210326772801924, 0.002909344993471334, 0.0026810176987394456, 0.002493953294609208, 0.0023116377483089127, 0.002162699426438164, 0.0020290815493706374, 0.0019062360305130666, 0.0017959980464483636, 0.0016959253417830674, 0.0016081669304181079, 0.0015234322250386408, 0.0014467734332219372, 0.0013801032607726413, 0.0013132449722079243]
step_times_seconds [0.5556671619415283, 0.5065977573394775, 0.5080158710479736, 0.5118889808654785, 0.5077290534973145, 0.5073280334472656, 0.5095798969268799, 0.5061759948730469, 0.5129978656768799, 0.5168571472167969, 0.5105230808258057, 0.505868673324585, 0.5117440223693848, 0.5102758407592773, 0.5091207027435303, 0.5130760669708252, 0.5124578475952148, 0.5099170207977295, 0.5145132541656494, 0.5181162357330322, 0.5131220817565918, 0.513700008392334, 0.5095961093902588, 0.5127260684967041, 0.5135641098022461, 0.5165610313415527, 0.5100510120391846, 0.5156240463256836, 0.5164539813995361, 0.5134999752044678, 0.52081298828125]
