date 2025-01-26T23:42:30.059438
sample_ratio 0.09
rank 2
seed 0
l2_regularization_strength 0
input_shape (100, 100, 100)
input_size 1000000
num_train_samples 90000
num_test_samples 1000000
num_iterations 10
max_num_richardson_iterations None
num_richardson_iterations None
train_mses [4.329806553644541, 4.318488457759292, 4.294697937646341, 3.6010024887243324, 1.3526113653371865, 0.11242001657234307, 0.08860909313901218, 0.08363215212897607, 0.08251897308842926, 0.08181214288131285, 0.08140616408515244, 0.08104219964792343, 0.0807130855678997, 0.08049280981412801, 0.08031832941528795, 0.08016206939047327, 0.08005600391574345, 0.07996583249559361, 0.07988279861194782, 0.07981272444034901, 0.07974722462555728, 0.07968137603355, 0.07961501898921006, 0.07954917118727196, 0.07947942479668046, 0.07940375062923216, 0.07932748623515058, 0.07924626393433455, 0.0791568955661366, 0.07906875014406563, 0.07897698625783599]
train_rres [0.9999994948142771, 0.9973855003950617, 0.9918909112489729, 0.8316770333580389, 0.31239517638003916, 0.02596419918223093, 0.02046489774476835, 0.01931543796311429, 0.019058341378222377, 0.018895093934883152, 0.018801330256059214, 0.01871727009104953, 0.018641258862907486, 0.018590384617196413, 0.018550087133109464, 0.01851399777347218, 0.018489501200742442, 0.01846867547250739, 0.01844949820888845, 0.01843331408257007, 0.018418186436359864, 0.01840297823758108, 0.01838765260813432, 0.018372444591827613, 0.01835633616885479, 0.01833885868382602, 0.018321244881775278, 0.01830248601604366, 0.01828184575834552, 0.018261487948718444, 0.018240294429161637]
test_mses [4.313504392026129, 4.321926101372334, 4.316428409771221, 3.615485712405157, 1.3463440341997552, 0.11256217451546041, 0.0893255498979631, 0.08455305080286149, 0.08339468230899044, 0.08261094127091392, 0.0822497366895112, 0.08186475930235272, 0.08143109433801292, 0.08122035536145458, 0.08103595581626258, 0.08081207896180058, 0.08070590631346904, 0.08060641390776699, 0.08049079221622837, 0.08041780556690012, 0.08034402914745993, 0.08026286980554241, 0.0801946989392277, 0.08012242924075208, 0.0800448425266056, 0.07997053716276005, 0.07989069356281546, 0.07980588144575505, 0.0797227690417005, 0.07963467994439624, 0.0795435895459343]
test_rres [0.9999992517043353, 1.0019516556615087, 1.0006771264185623, 0.8381776575065957, 0.31212279028281, 0.02609527661401101, 0.020708332468877724, 0.01960192452533104, 0.019333380084015465, 0.01915168548482709, 0.019067947466202925, 0.01897869820061895, 0.01887816169933896, 0.018829306105438825, 0.018786556779033247, 0.01873465543233478, 0.01871004143887756, 0.018686976125338935, 0.018660171561227876, 0.018643251074292107, 0.018626147495037618, 0.018607332333672216, 0.018591528289186074, 0.018574774012888103, 0.018556787093428347, 0.01853956088905018, 0.018521050756002543, 0.01850138877217504, 0.0184821208326279, 0.018461699146828662, 0.01844058166971011]
step_times_seconds [0.24991297721862793, 0.21152210235595703, 0.21083617210388184, 0.2119138240814209, 0.2112560272216797, 0.2107248306274414, 0.212432861328125, 0.21108722686767578, 0.21306490898132324, 0.21345925331115723, 0.21265006065368652, 0.2122480869293213, 0.21382689476013184, 0.21240806579589844, 0.21171092987060547, 0.21326708793640137, 0.21217799186706543, 0.2117629051208496, 0.21582388877868652, 0.21152210235595703, 0.21139311790466309, 0.21271610260009766, 0.21172523498535156, 0.21187210083007812, 0.2132399082183838, 0.21216392517089844, 0.21180272102355957, 0.21323919296264648, 0.21226024627685547, 0.21191811561584473, 0.21316099166870117]
