date 2025-01-26T23:42:30.059438
sample_ratio 0.03
rank 8
seed 0
l2_regularization_strength 0
input_shape (100, 100, 100)
input_size 1000000
num_train_samples 30000
num_test_samples 1000000
num_iterations 10
max_num_richardson_iterations None
num_richardson_iterations None
train_mses [4.336642447690865, 4.20804402824011, 4.022708460944684, 2.663817033130067, 0.7571103628787642, 0.10935554894905095, 0.0809681742315456, 0.0726811993971256, 0.06745721767395377, 0.0643802325751463, 0.06193088612958022, 0.06036101362202806, 0.0588908996578623, 0.05754843424927256, 0.056578114472472664, 0.05562173378580102, 0.05476702559925582, 0.05414067099644484, 0.05356505964073758, 0.05303096050522153, 0.05262097822587657, 0.052235952331597967, 0.05181567764934291, 0.05144442315606671, 0.051040049951805624, 0.05050264185389336, 0.04995128722157929, 0.04936065390045745, 0.04868755992166782, 0.04815164872676226, 0.04770765032019465]
train_rres [0.9999889364204511, 0.970335351131125, 0.9275987135004811, 0.6142511387344846, 0.17458252453604325, 0.025216360445732385, 0.0186704989886408, 0.01675960058030482, 0.015554999557682803, 0.014845475751315864, 0.014280679511697118, 0.013918681685480504, 0.013579687240544017, 0.013270127351226485, 0.013046380742347876, 0.012825848356472469, 0.012628760692289251, 0.012484329215486147, 0.01235159865392193, 0.012228440419663497, 0.01213390236437796, 0.012045119016624908, 0.01194820763008981, 0.011862599837805653, 0.011769355182447615, 0.011645433932601163, 0.011518296743172089, 0.011382102257754552, 0.011226893120713694, 0.01110331704261328, 0.011000935188514995]
test_mses [4.313515546607295, 4.419070516322558, 4.463050886873301, 3.0505669543590654, 0.834082215298162, 0.1192378611772488, 0.08987159590942127, 0.08323527022182456, 0.07938482361792527, 0.07715947137883741, 0.07531711484089479, 0.07396550558361645, 0.07276449226981649, 0.07166888877421862, 0.07096294837748371, 0.07021906508696749, 0.06954190334983498, 0.06908278870379835, 0.06857570103149642, 0.06809143927992373, 0.06770947820302942, 0.06726927033472072, 0.06677499008471244, 0.06631423379245996, 0.06575400354793945, 0.06492586450049134, 0.06424366390159854, 0.06340392408589642, 0.06230634390782874, 0.06177680091939484, 0.06113430653472575]
test_rres [1.0000018376696678, 1.0244726347607902, 1.0346685992581774, 0.7072126035787191, 0.19336518880099562, 0.027642900323109704, 0.020834922256027063, 0.019296423597272763, 0.01840377498197411, 0.01788787181563442, 0.017460758500826873, 0.017147415074453283, 0.016868984289194994, 0.016614990650568397, 0.01645133256555804, 0.016278878183629806, 0.016121891852129346, 0.01601545535392342, 0.01589789727428223, 0.015785630925348654, 0.01569708093064352, 0.015595027588651606, 0.015480438652320806, 0.015373621571452107, 0.015243743455102375, 0.015051756070254425, 0.01489360157998286, 0.01469892479029863, 0.014444472897591126, 0.014321709004465602, 0.014172759601497326]
step_times_seconds [0.08996701240539551, 0.07359194755554199, 0.07322406768798828, 0.07374691963195801, 0.07362890243530273, 0.07339811325073242, 0.07372593879699707, 0.07366800308227539, 0.0731041431427002, 0.07375168800354004, 0.07356500625610352, 0.07311010360717773, 0.07406020164489746, 0.07364702224731445, 0.07327103614807129, 0.07372379302978516, 0.07348299026489258, 0.07320594787597656, 0.07364988327026367, 0.07361793518066406, 0.07297086715698242, 0.07348299026489258, 0.07337498664855957, 0.07297492027282715, 0.07371187210083008, 0.07358789443969727, 0.07405495643615723, 0.07432866096496582, 0.07384276390075684, 0.07357501983642578, 0.07397818565368652]
