date 2025-01-26T23:42:30.059438
sample_ratio 0.4
rank 16
seed 0
l2_regularization_strength 0
input_shape (100, 100, 100)
input_size 1000000
num_train_samples 400000
num_test_samples 1000000
num_iterations 10
max_num_richardson_iterations None
num_richardson_iterations None
train_mses [4.315993885738515, 4.298254723900931, 3.938546111687198, 0.43743343873756263, 0.08711086917734334, 0.05238245531757644, 0.035992791389041816, 0.029527858288752023, 0.025306693364574175, 0.022953608746457948, 0.0207689312716, 0.019150017447111697, 0.017876474582872646, 0.01642686230081546, 0.015217758847975221, 0.014285634864294868, 0.013201125344432607, 0.012335071188279444, 0.0115822446695274, 0.010720411911579663, 0.010011056939189678, 0.009352382735610504, 0.008660059553768466, 0.008069566026629074, 0.007511428426982274, 0.006969565194844465, 0.006486476875069344, 0.006030886336366913, 0.00561513277776208, 0.005231734738661554, 0.004877647105890554]
train_rres [0.9999999404158451, 0.9958898417340032, 0.9125466766824037, 0.10135172204921024, 0.020183268626667705, 0.012136822614485442, 0.008339397644508707, 0.006841496376287612, 0.005863467958172507, 0.0053182668897268255, 0.004812085138194533, 0.0044369887476792165, 0.0041419135408851835, 0.0038060436962884924, 0.003525898864574965, 0.0033099291591449868, 0.0030586522843499926, 0.0028579907154326245, 0.002683563574471396, 0.002483880088022552, 0.0023195251447804834, 0.002166912749635739, 0.0020065040097442823, 0.0018696888270568084, 0.0017403703939990333, 0.0016148226721540504, 0.0015028928817558303, 0.0013973342262948304, 0.001301005652891078, 0.0012121737345876366, 0.0011301329298397402]
test_mses [4.313541718804291, 4.315046908615637, 3.9686366413287626, 0.4389097023837936, 0.08738593743418825, 0.052762299491625586, 0.036417842180624195, 0.029903160338277692, 0.02564002327563636, 0.02329323266312497, 0.02107234038714245, 0.019421276916155934, 0.01813881886753422, 0.01666725635283158, 0.015428226691496991, 0.014485857823627213, 0.013382980769139805, 0.012498243427774438, 0.011737084360746958, 0.01086144346100073, 0.010140005286367467, 0.009472716187565363, 0.008769017663975294, 0.008169948201959971, 0.007603764565822025, 0.0070522693557052395, 0.006563159970470554, 0.006100869695982285, 0.005677136225219098, 0.00528981322187378, 0.004930713201271307]
test_rres [1.0000079051672364, 1.000356853156672, 0.9200485987568526, 0.10175238832744127, 0.020258672323415307, 0.012231878123819935, 0.008442744371984907, 0.0069324463925783605, 0.005944123793339767, 0.005400067582163447, 0.004885198368582963, 0.004502432504578048, 0.004205120395348568, 0.0038639682184181128, 0.0035767241074663517, 0.0033582548358362394, 0.0031025749688473364, 0.0028974664077071736, 0.0027210069843987116, 0.0025180072503248035, 0.0023507563171582943, 0.0021960587583228146, 0.0020329204065185694, 0.0018940381986224395, 0.0017627799081447895, 0.0016349268338660674, 0.0015215366585505136, 0.0014143639547477675, 0.001316129870538053, 0.0012263368210098803, 0.0011430867024859925]
step_times_seconds [1.1311979293823242, 1.0037550926208496, 1.0273709297180176, 1.0117461681365967, 1.0365958213806152, 1.0341880321502686, 1.0174169540405273, 1.0103771686553955, 1.0240459442138672, 1.0284926891326904, 1.0188171863555908, 1.0310020446777344, 1.0350298881530762, 1.0334148406982422, 1.0306990146636963, 1.0255811214447021, 1.0061919689178467, 1.007991075515747, 1.0143942832946777, 1.0300297737121582, 1.0101969242095947, 1.0241458415985107, 1.0151927471160889, 1.0479741096496582, 1.0224170684814453, 1.0120348930358887, 1.0269041061401367, 1.0283799171447754, 1.0479469299316406, 1.0276238918304443, 1.0128090381622314]
