date 2025-01-26T23:42:30.059438
sample_ratio 0.3
rank 16
seed 0
l2_regularization_strength 0
input_shape (100, 100, 100)
input_size 1000000
num_train_samples 300000
num_test_samples 1000000
num_iterations 10
max_num_richardson_iterations None
num_richardson_iterations None
train_mses [4.3187702566143145, 4.295527332992848, 4.006791763373442, 0.6141596847336409, 0.09990912632084077, 0.057997436883057536, 0.0393475310839093, 0.03241749412726601, 0.028081437260885293, 0.025569286483261636, 0.02323951741503988, 0.02142852769695883, 0.020011130307163227, 0.018781070017503457, 0.017639826805658496, 0.016693555799691027, 0.015878435160458976, 0.015022548095057533, 0.014218441174238624, 0.013578183716884035, 0.01298468943724363, 0.012436591826074542, 0.01199198996521524, 0.011575441401830084, 0.011150128216208888, 0.010774546768837956, 0.010423345597460235, 0.010059327795798026, 0.009724105478783085, 0.009411963871425967, 0.009091568602877458]
train_rres [0.9999939602574168, 0.9946121543591766, 0.9277565893314498, 0.14220621586124974, 0.023133558156381077, 0.013429074284431814, 0.009110763272181199, 0.007506140963228667, 0.006502144357696648, 0.00592046590396732, 0.005381017204780734, 0.004961689786890012, 0.00463349709664226, 0.004348681561819958, 0.0040844312657358104, 0.0038653260032400927, 0.0036765880830266144, 0.003478410860065268, 0.003292223122250645, 0.0031439740716363426, 0.003006552847578688, 0.002879643040334094, 0.002776697259669426, 0.002680247107707508, 0.0025817675425610035, 0.002494803162276949, 0.002413483937278772, 0.0023291970728569174, 0.00225157768760598, 0.002179302548259516, 0.0021051163067124295]
test_mses [4.313541718804291, 4.320812688883738, 4.058924491971462, 0.6193284432517028, 0.10082584968061668, 0.05873094278127046, 0.040014480122809476, 0.03312970190599439, 0.028672443139915495, 0.02615190919216087, 0.023806666441332766, 0.021952973003484495, 0.02050286793156396, 0.019253502967459576, 0.01809059207095489, 0.017112628325288974, 0.016282542569858404, 0.015412833220741258, 0.014588128072594278, 0.013928442164672298, 0.013317361721212076, 0.012753941137768742, 0.012294266495621032, 0.011861227220320894, 0.011425658736787626, 0.011036957840434066, 0.010672762860198672, 0.01030137646125222, 0.009953748328347427, 0.009631635915258216, 0.009305043875391817]
test_rres [1.0000079051672364, 1.001693533365982, 0.9409800213021957, 0.14357884530169782, 0.02337444571041942, 0.01361558804523986, 0.009276552552981633, 0.007680455171536404, 0.006647129359008873, 0.006062794249414591, 0.005519096878843116, 0.005089355331769647, 0.004753177631453906, 0.00446353748839075, 0.004193939982369141, 0.003967218754110342, 0.0037747800641636064, 0.003573155440823674, 0.0033819641364753517, 0.0032290292245505236, 0.0030873625121389152, 0.0029567447798654347, 0.0028501784578222914, 0.002749787009963971, 0.0026488092160374265, 0.002558696729723767, 0.0024742654472650976, 0.002388166978992721, 0.0023075763869398213, 0.0022329011014227042, 0.0021571873045194896]
step_times_seconds [0.827934980392456, 0.7577159404754639, 0.7651920318603516, 0.7723400592803955, 0.7594258785247803, 0.7680609226226807, 0.763322114944458, 0.758286714553833, 0.803858757019043, 0.8247630596160889, 0.822106122970581, 0.8045201301574707, 0.7987291812896729, 0.7878739833831787, 0.7839212417602539, 0.7823050022125244, 0.7798748016357422, 0.7957050800323486, 0.7861549854278564, 0.7749860286712646, 0.7994287014007568, 0.7746710777282715, 0.7877869606018066, 0.7647678852081299, 0.7692852020263672, 0.768549919128418, 0.7666289806365967, 0.774899959564209, 0.7987442016601562, 0.7718877792358398, 0.7691268920898438]
