date 2025-01-26T23:42:30.059438
sample_ratio 0.04
rank 2
seed 0
l2_regularization_strength 0
input_shape (100, 100, 100)
input_size 1000000
num_train_samples 40000
num_test_samples 1000000
num_iterations 10
max_num_richardson_iterations None
num_richardson_iterations None
train_mses [4.340357354187707, 4.317654833382788, 4.285071565397826, 4.024924403968051, 2.700541435306602, 0.33116313141872616, 0.09923761214693046, 0.0875956917705225, 0.08661557063678903, 0.08639074548289474, 0.08627056830640142, 0.08616486621899874, 0.08607869321177546, 0.08599293065692083, 0.08591473809365054, 0.08584724155715083, 0.08577659908387428, 0.08569241639099207, 0.08560558375405676, 0.08548805911779365, 0.08531774323097531, 0.08509479443320259, 0.08477118610929144, 0.08435789436667025, 0.08383778343025391, 0.083382421173048, 0.08285326566067855, 0.08228043678297449, 0.08201395298422057, 0.08150622328236863, 0.08106406789070408]
train_rres [1.0000018224064602, 0.9947712479800861, 0.9872641869927038, 0.9273272706757457, 0.6221944730392285, 0.07629872563673577, 0.022863968309532932, 0.020181714144104277, 0.019955897963561703, 0.019904099103405598, 0.019876410739130927, 0.019852057380315237, 0.019832203447278506, 0.01981244408090603, 0.01979442881179611, 0.01977887786656329, 0.01976260210946516, 0.019743206737280868, 0.019723200828067913, 0.01969612359897124, 0.019656883466580115, 0.019605516911736204, 0.0195309587850085, 0.01943573793979216, 0.019315906358697104, 0.019210992626969074, 0.01908907720998265, 0.018957099615769486, 0.01889570276231948, 0.0187787237705662, 0.01867685285041609]
test_mses [4.313504392026129, 4.3349007653050045, 4.349648925148234, 4.088112787869616, 2.744556177002687, 0.3361456226380936, 0.10117793765515647, 0.08898485246240023, 0.08823888378491171, 0.08838703161006269, 0.08848734572854958, 0.08858323369135236, 0.08866334346119892, 0.08873418542003277, 0.088760700564699, 0.08879869108570697, 0.08880820187790323, 0.08874553284137301, 0.08869902934566257, 0.08857381592297044, 0.0883079578247023, 0.08800039987878891, 0.0875398460294202, 0.0868819245847736, 0.08615028914412116, 0.08551305885146733, 0.08482111709692329, 0.08417840392665972, 0.08385440774033699, 0.08323293772410208, 0.08281633884192804]
test_rres [0.9999992517043353, 1.0049595705827894, 1.0083786348671584, 0.9477467407497604, 0.6362701585135127, 0.07792860295289698, 0.023456070227071062, 0.02062934861963203, 0.020456410782669958, 0.020490755876781012, 0.02051401168790473, 0.02053624138384001, 0.020554813223026925, 0.020571236506599807, 0.020577383509689472, 0.020586190848022094, 0.020588395733937347, 0.020573867178048755, 0.020563086277721392, 0.02053405806362546, 0.020472424209764285, 0.020401123084781626, 0.020294352936224544, 0.020141827079627975, 0.019972212115394884, 0.019824483086303097, 0.019664070304981688, 0.01951507018097296, 0.019439958180513025, 0.01929588285458072, 0.019199302781263763]
step_times_seconds [0.11675810813903809, 0.0952301025390625, 0.09499502182006836, 0.0953211784362793, 0.09522581100463867, 0.09516310691833496, 0.09532403945922852, 0.09575700759887695, 0.09518718719482422, 0.0953679084777832, 0.0949411392211914, 0.09515500068664551, 0.09531092643737793, 0.09498405456542969, 0.09500789642333984, 0.09538412094116211, 0.09513711929321289, 0.09491896629333496, 0.09503412246704102, 0.09488797187805176, 0.09490108489990234, 0.09533095359802246, 0.09508609771728516, 0.09627008438110352, 0.09606289863586426, 0.09559321403503418, 0.09555721282958984, 0.09570908546447754, 0.09538674354553223, 0.09544658660888672, 0.09565997123718262]
