date 2025-01-26T23:42:30.059438
sample_ratio 0.03
rank 1
seed 0
l2_regularization_strength 0
input_shape (100, 100, 100)
input_size 1000000
num_train_samples 30000
num_test_samples 1000000
num_iterations 10
max_num_richardson_iterations None
num_richardson_iterations None
train_mses [4.336680753709648, 4.324853001494758, 4.311108892155282, 4.292771369073085, 4.280566422094669, 4.273469583383528, 4.265449494965703, 4.258078956075918, 4.25167790433941, 4.244904839190166, 4.238809782995038, 4.232808281669038, 4.223856765241048, 4.188627434413661, 3.9866996683720624, 2.971295547062565, 0.8018177300140718, 0.12959647432242863, 0.09160722774362019, 0.08724486039698898, 0.08700748271610732, 0.0869852438035717, 0.08698302605872732, 0.08698287021019734, 0.08698285241707394, 0.08698285067118913, 0.08698285051393065, 0.08698285049616446, 0.08698285049447212, 0.08698285049430367, 0.08698285049428565]
train_rres [0.9999977694278853, 0.9972704010777669, 0.9941011388095007, 0.989872678560647, 0.9870583326478284, 0.9854218684291838, 0.9835725115168544, 0.981872934612799, 0.9803969123224736, 0.9788351072401789, 0.9774296446419806, 0.9760457549161607, 0.9739816194703292, 0.9658580673237507, 0.9192954248109434, 0.6851527903758878, 0.18489162265770182, 0.02988372735006808, 0.021123764604699287, 0.020117843748679476, 0.020063106689422676, 0.020057978605481724, 0.020057467214391746, 0.02005743127718742, 0.020057427174260616, 0.020057426771676008, 0.02005742673541368, 0.020057426731316965, 0.020057426730926725, 0.02005742673088788, 0.02005742673088373]
test_mses [4.313511077090323, 4.325405292116769, 4.339465463581795, 4.356928394811804, 4.3700465939517015, 4.377597651484834, 4.386389707223764, 4.39423635952078, 4.400961295946055, 4.409262139805428, 4.41156998338202, 4.411846187222144, 4.407520934999893, 4.348380800984545, 4.10087658076286, 3.014861276545582, 0.7966183811815813, 0.1316697592485264, 0.09271869374633705, 0.08801537947155899, 0.08787766735715752, 0.087862511293097, 0.08785440401979201, 0.08785693912774489, 0.08785751953599814, 0.08785727641589693, 0.08785736177754855, 0.08785738345525992, 0.08785737673324796, 0.0878573795486951, 0.08785738017268102]
test_rres [1.0000008015020367, 1.0027582360714888, 1.0060178040853414, 1.010066233523562, 1.0131074241962448, 1.0148579850387625, 1.0168962463596798, 1.0187153349039977, 1.020274376180382, 1.0221987599049547, 1.022733787029051, 1.022797819335116, 1.0217950965852145, 1.008084645780906, 0.9507057694610208, 0.6989349601941234, 0.18467995223283287, 0.030524985894072272, 0.021494964636349638, 0.02040459580213613, 0.020372670017707425, 0.020369156389032948, 0.020367276880748842, 0.020367864594548448, 0.02036799915053036, 0.02036794278802387, 0.020367962577406234, 0.020367967602947692, 0.020367966044584393, 0.020367966697289196, 0.020367966841947784]
step_times_seconds [0.08960390090942383, 0.07158708572387695, 0.0708620548248291, 0.07119011878967285, 0.07086420059204102, 0.07090997695922852, 0.07091832160949707, 0.07078981399536133, 0.07069897651672363, 0.07089614868164062, 0.07071614265441895, 0.0707540512084961, 0.07229113578796387, 0.0705721378326416, 0.07085108757019043, 0.07093596458435059, 0.07073473930358887, 0.0706026554107666, 0.07070183753967285, 0.07074618339538574, 0.0705420970916748, 0.07091569900512695, 0.07076311111450195, 0.07077789306640625, 0.07083868980407715, 0.07066917419433594, 0.0715780258178711, 0.07143402099609375, 0.07117199897766113, 0.07112407684326172, 0.07557106018066406]
