date 2025-01-26T23:42:30.059438
sample_ratio 0.6
rank 16
seed 0
l2_regularization_strength 0
input_shape (100, 100, 100)
input_size 1000000
num_train_samples 600000
num_test_samples 1000000
num_iterations 10
max_num_richardson_iterations None
num_richardson_iterations None
train_mses [4.315712483223459, 4.302980196168087, 3.8223192467003106, 0.2389063822544909, 0.072472911032345, 0.0427726370630192, 0.030345116539969883, 0.0267426015505901, 0.02429934519003991, 0.022460647361481317, 0.020653656609419313, 0.019269650353450934, 0.017952604357320278, 0.01663288121039029, 0.015688332839257198, 0.014965643396790565, 0.014175624520575214, 0.013579840905183526, 0.013050967214822356, 0.012480871829722547, 0.01201663933464337, 0.011586327535821457, 0.011141872159713816, 0.010751387999622697, 0.010381083082495779, 0.010007572792344252, 0.009660862059050956, 0.009323276707943775, 0.008982845575427712, 0.00865020190619344, 0.008312611420650543]
train_rres [1.0000037523399115, 0.9970535245662272, 0.8856784607871806, 0.05535755211709593, 0.016792866359162658, 0.009910946970347024, 0.007031337356953994, 0.006196590250596763, 0.0056304576507128995, 0.005204408710908529, 0.004785706691362534, 0.004465015390769554, 0.00415983960733757, 0.003854043495082635, 0.0036351800005677854, 0.0034677239531474805, 0.0032846668464227447, 0.0031466164426272336, 0.0030240698927977597, 0.0028919717684422505, 0.0027844033799451196, 0.0026846948346769136, 0.0025817090483014234, 0.0024912290576073353, 0.0024054248461181926, 0.0023188779102087565, 0.002238540761796392, 0.0021603180768621022, 0.002081435989315085, 0.0020043583529527264, 0.0019261344783064254]
test_mses [4.313541718804291, 4.309764772644835, 3.8367738327159877, 0.2390889330613426, 0.0726521268001647, 0.0429449145232634, 0.030493231213332153, 0.026881237287855023, 0.024432812564012363, 0.02258824056001099, 0.020772921448802977, 0.019382567136654313, 0.018065679586520236, 0.016723373323295994, 0.015776107493917512, 0.015056868808196447, 0.01424594304957757, 0.013649336395149689, 0.013125456625816604, 0.012540269318911315, 0.01207303682858638, 0.011648668538130399, 0.011194359032479208, 0.010798808287413572, 0.010434694927647727, 0.010054707760809002, 0.009702016534279928, 0.009370538733228767, 0.00902526754600513, 0.008686455343334723, 0.00835517774446058]
test_rres [1.0000079051672364, 0.9991322961519389, 0.8894788582497684, 0.05542796121735866, 0.016842934614648027, 0.009955914839719932, 0.007069242459042968, 0.006231874302118218, 0.005664256266021357, 0.005236629339959573, 0.0048157841088365076, 0.004493458420627463, 0.00418816452382578, 0.0038769778095468633, 0.0036573732758654635, 0.0034906322499730484, 0.003302635419992834, 0.0031643241645104964, 0.0030428731748500804, 0.0029072092654556844, 0.002798890808295746, 0.0027005095539060415, 0.002595187030870436, 0.002503486544878597, 0.002419074184484462, 0.002330981801131749, 0.0022492174326373673, 0.00217237097025274, 0.002092326788659471, 0.00201377999274916, 0.0019369799432133474]
step_times_seconds [1.6627588272094727, 1.535581111907959, 1.5502080917358398, 1.5504109859466553, 1.5601050853729248, 1.5618150234222412, 1.5607249736785889, 1.5759930610656738, 1.5542850494384766, 1.5856711864471436, 1.5966911315917969, 1.6030590534210205, 1.6015191078186035, 1.602827787399292, 1.5950932502746582, 1.5920891761779785, 1.5845999717712402, 1.579308032989502, 1.5777678489685059, 1.5720348358154297, 1.5838861465454102, 1.5729568004608154, 1.570199728012085, 1.589392900466919, 1.5668771266937256, 1.5617856979370117, 1.5757598876953125, 1.5626771450042725, 1.6055340766906738, 1.5924808979034424, 1.6045310497283936]
