date 2025-01-26T23:42:30.059438
sample_ratio 0.05
rank 4
seed 0
l2_regularization_strength 0
input_shape (100, 100, 100)
input_size 1000000
num_train_samples 50000
num_test_samples 1000000
num_iterations 10
max_num_richardson_iterations None
num_richardson_iterations None
train_mses [4.333525443280298, 4.296384417947723, 4.220913812651354, 2.8408713889747887, 1.0984277896700294, 0.1010960598009257, 0.0879893952303062, 0.08481654823838165, 0.08358970651385918, 0.0817790634926508, 0.08010617313754656, 0.07799229971931444, 0.07562948121501957, 0.07391822215807295, 0.07227106607174004, 0.07102042951028212, 0.07007863594819862, 0.06903301456034848, 0.06831592113067318, 0.06760799488909024, 0.06696533425521488, 0.06653408382630947, 0.06609541990885553, 0.06572414763539906, 0.06544576628259255, 0.06517847102011445, 0.06493992377623992, 0.06475606238662619, 0.06457281395962285, 0.06440526445310304, 0.06427227478325832]
train_rres [0.9999942232858285, 0.9914236469120175, 0.9740082260700144, 0.6555528553496545, 0.253470634646878, 0.023328690951762203, 0.02030422760691487, 0.019572068835766024, 0.0192889657010398, 0.0188711459408146, 0.01848511366450967, 0.017997321165156194, 0.01745208267841059, 0.017057196529964017, 0.016677102633495238, 0.016388508657699564, 0.01617118257205914, 0.015929897419524587, 0.015764422612322644, 0.015601063204062309, 0.015452764335203675, 0.015353249992126805, 0.015252024929724536, 0.015166351005899218, 0.015102112374253783, 0.01504043194295408, 0.014985385337372202, 0.014942957911964067, 0.014900671932378158, 0.014862008599065094, 0.014831320213051892]
test_mses [4.3135209949157085, 4.339703728333714, 4.342201414817513, 2.9240486505760663, 1.133381833907888, 0.10272638957300839, 0.0902183292922943, 0.08799295470947578, 0.08734159294329467, 0.08579764256931803, 0.08426921798800906, 0.08202837893167098, 0.07940000933017288, 0.07765397536979131, 0.07583274930597683, 0.0745196160506623, 0.07354471572530649, 0.07248555986107394, 0.07167291970926186, 0.07093277461138127, 0.07032545464578493, 0.06975923739373116, 0.06930458629999921, 0.06897307135066319, 0.06858435857731761, 0.06830033355820771, 0.06810570260212626, 0.06784453879031821, 0.06764022772438011, 0.06752081376793614, 0.06733539698113888]
test_rres [1.0000031007504118, 1.0060730409767347, 1.0066520793612574, 0.6778818790421265, 0.2627517866675467, 0.023815047665929016, 0.020915305418277897, 0.020399397071993577, 0.020248391944938642, 0.019890458098505245, 0.0195361235948889, 0.019016630121398925, 0.018407295483984558, 0.01800251262180419, 0.01758029798250404, 0.01727587444346, 0.01704986340759684, 0.01680431941936566, 0.01661592514179886, 0.016444337384660737, 0.01630354246342126, 0.01617227637976952, 0.01606687466640649, 0.015990019591939044, 0.015899904352183622, 0.015834058863049488, 0.015788937589775776, 0.015728392011831526, 0.01568102659974786, 0.015653342875278312, 0.015610357721862582]
step_times_seconds [0.14364409446716309, 0.11910390853881836, 0.11855626106262207, 0.11958193778991699, 0.11912083625793457, 0.11854410171508789, 0.11963200569152832, 0.12066197395324707, 0.11887097358703613, 0.11977291107177734, 0.11925482749938965, 0.11893773078918457, 0.11995387077331543, 0.11926102638244629, 0.1189420223236084, 0.1201639175415039, 0.11925482749938965, 0.11908292770385742, 0.1202850341796875, 0.11939787864685059, 0.1205451488494873, 0.12044191360473633, 0.11978411674499512, 0.11924099922180176, 0.12066793441772461, 0.11905884742736816, 0.11878705024719238, 0.11981725692749023, 0.1189279556274414, 0.1187429428100586, 0.11986994743347168]
