date 2025-01-26T23:42:30.059438
sample_ratio 0.04
rank 4
seed 0
l2_regularization_strength 0
input_shape (100, 100, 100)
input_size 1000000
num_train_samples 40000
num_test_samples 1000000
num_iterations 10
max_num_richardson_iterations None
num_richardson_iterations None
train_mses [4.340370160125054, 4.292092415399415, 4.216523459861472, 3.136956690741804, 1.3315482756069688, 0.11257179580950412, 0.08858302050365965, 0.08494419725924235, 0.08404768285237203, 0.08343710101822154, 0.08286782282315963, 0.0820700880979698, 0.0810456059134181, 0.07980014253117126, 0.07818618582509738, 0.0768036121002111, 0.07584963300358169, 0.07470424737040528, 0.07399216784249883, 0.07346619896939524, 0.07282435963924276, 0.07243690993015667, 0.072099904612817, 0.07172012817577839, 0.07147277669956154, 0.07123755375925951, 0.07098091049372106, 0.07080255656913963, 0.07062132791260071, 0.0704290252652054, 0.0702862051476202]
train_rres [1.0000047728457075, 0.9888817641236877, 0.971470964254321, 0.7227428876392648, 0.3067836570978259, 0.02593611349822595, 0.020409190928129636, 0.019570819895771793, 0.01936426638703386, 0.01922359065527881, 0.019092431124838556, 0.01890863607897279, 0.0186725992810842, 0.018385649255924248, 0.018013799770811734, 0.017695260044315795, 0.017475466889669982, 0.01721157439717061, 0.017047513982901323, 0.016926332755478838, 0.01677845541555766, 0.016689188476557086, 0.016611543733509565, 0.016524044687197346, 0.01646705584807489, 0.01641286137748668, 0.01635373174545323, 0.016312639679740556, 0.016270885286721205, 0.016226579488337264, 0.016193674276575445]
test_mses [4.3135209949157085, 4.352143829645003, 4.368394129227496, 3.2636061970417103, 1.3869237380710744, 0.11522700400040331, 0.09209106193587152, 0.0896427530842271, 0.08991025457181218, 0.08981031637974063, 0.08936390194836752, 0.08861217161477693, 0.08724606116365896, 0.08582842432710797, 0.08410174276767006, 0.0823800246044416, 0.08151637191927323, 0.08021906186380857, 0.07947713803268538, 0.07902594350219223, 0.07828182994931895, 0.07791863087573116, 0.07765306221521459, 0.07721116093981463, 0.07698920638230808, 0.0768316591752092, 0.07653108064212069, 0.0763733122920012, 0.07627329557126512, 0.07604190528678732, 0.07590510140738815]
test_rres [1.0000031007504118, 1.0089570283039324, 1.0127243334798592, 0.7566014679230151, 0.32153037859562533, 0.02671306374221904, 0.02134946082233438, 0.020781869648876572, 0.020843884489503455, 0.020820715829359522, 0.02071722362053081, 0.02054295005946439, 0.02022624482290805, 0.019897594230049002, 0.01949729783286404, 0.019098152099279772, 0.018897931591681044, 0.0185971763433286, 0.018425176222657273, 0.018320575843972068, 0.018148068080346767, 0.01806386767881735, 0.018002300925278485, 0.017899855000905705, 0.017848399300100296, 0.017811875148299683, 0.01774219205982931, 0.017705616640466396, 0.017682429775030744, 0.01762878659067299, 0.01759707136226559]
step_times_seconds [0.11719918251037598, 0.09573912620544434, 0.09535002708435059, 0.09586811065673828, 0.09570693969726562, 0.09543418884277344, 0.09586477279663086, 0.09586310386657715, 0.0952601432800293, 0.09605598449707031, 0.09570670127868652, 0.0952460765838623, 0.0960988998413086, 0.09569811820983887, 0.09505009651184082, 0.09579610824584961, 0.09548211097717285, 0.09491205215454102, 0.09588408470153809, 0.09570002555847168, 0.09513497352600098, 0.09591102600097656, 0.09586000442504883, 0.09629416465759277, 0.09667396545410156, 0.09604692459106445, 0.09569692611694336, 0.09738016128540039, 0.09628796577453613, 0.09680318832397461, 0.09672188758850098]
