date 2025-01-26T23:42:30.059438
sample_ratio 0.05
rank 8
seed 0
l2_regularization_strength 0
input_shape (100, 100, 100)
input_size 1000000
num_train_samples 50000
num_test_samples 1000000
num_iterations 10
max_num_richardson_iterations None
num_richardson_iterations None
train_mses [4.333547835539051, 4.255825578086928, 4.092768469145314, 2.0459001201234113, 0.4108771607952938, 0.0905035527005708, 0.07778750422605794, 0.06964866758161685, 0.06508451164338445, 0.06252094585528904, 0.06035125750327852, 0.05768614383130954, 0.0553779550469959, 0.05306517442059043, 0.05133852136914797, 0.05014852544318531, 0.04898943854318095, 0.04808565892733616, 0.04734350225714499, 0.046539156912384715, 0.045794155257274954, 0.04505606651020787, 0.04435679521865144, 0.043786856151451906, 0.04320890462609574, 0.04261778670853928, 0.04218806317487375, 0.04157570560807937, 0.040989879244388, 0.04061445459352603, 0.04008945049836802]
train_rres [0.9999993904712281, 0.9820643836297719, 0.9444377055032729, 0.4721071396305318, 0.09481305524869868, 0.020884388720447507, 0.017950063034820527, 0.016071964074693645, 0.015018750096341356, 0.01442718763463164, 0.013926515411348529, 0.01331151999681793, 0.012778887736830648, 0.012245195874072785, 0.011846757443363049, 0.011572156759169176, 0.011304688569709728, 0.011096134493635317, 0.010924876151512272, 0.010739267295901567, 0.010567352451694673, 0.010397032814023259, 0.010235670601843253, 0.010104152792086716, 0.00997078604617512, 0.009834381054310169, 0.00973521905401735, 0.00959391285023602, 0.009458728924998357, 0.009372096808248421, 0.00925094808782877]
test_mses [4.313515546607295, 4.364077647576219, 4.317270166510968, 2.161660233950605, 0.4364623240802688, 0.09443231397343979, 0.08288867318893786, 0.07585676496090406, 0.071486495097362, 0.0689693878834972, 0.06705912159304006, 0.06393794551251783, 0.0613550156228395, 0.05905203518194121, 0.05699205354465484, 0.055583373479877705, 0.05436943728886112, 0.053284211782022105, 0.052409782475460985, 0.05144139761017562, 0.05051061583523119, 0.0496460597640991, 0.0487308273565399, 0.0480315357544491, 0.04742749006236138, 0.04658457714352651, 0.04606146471832764, 0.04546212667194015, 0.04466275809976685, 0.044216893068269154, 0.04370447228948358]
test_rres [1.0000018376696678, 1.0117236440104684, 1.0008722707915276, 0.5011374557507415, 0.10118501288285231, 0.021892233026287043, 0.019216072045024353, 0.017585865529160725, 0.016572706344399755, 0.015989165654148582, 0.015546308828838649, 0.014822726919259642, 0.014223926565269543, 0.0136900268613895, 0.01321246154358918, 0.012885887398151422, 0.012604460703680575, 0.012352872993053548, 0.012150154142495307, 0.011925653585028086, 0.0117098705478843, 0.011509440608416351, 0.011297262379413817, 0.011135145683739037, 0.010995109836969164, 0.010799697427132516, 0.010678424330778858, 0.010539479856997087, 0.01035416232828726, 0.010250797486771615, 0.010132003033637272]
step_times_seconds [0.14310812950134277, 0.12049412727355957, 0.12024402618408203, 0.12144708633422852, 0.12047600746154785, 0.12027215957641602, 0.12167191505432129, 0.12106108665466309, 0.12085413932800293, 0.12187695503234863, 0.12110400199890137, 0.12076616287231445, 0.12235903739929199, 0.12111997604370117, 0.12100005149841309, 0.12213683128356934, 0.12320899963378906, 0.12284421920776367, 0.12248015403747559, 0.12141275405883789, 0.12232184410095215, 0.12304377555847168, 0.12192320823669434, 0.12147402763366699, 0.12292122840881348, 0.12124276161193848, 0.12096571922302246, 0.1223440170288086, 0.12124180793762207, 0.12085819244384766, 0.12218213081359863]
