date 2025-01-26T23:42:30.059438
sample_ratio 0.9
rank 16
seed 0
l2_regularization_strength 0
input_shape (100, 100, 100)
input_size 1000000
num_train_samples 900000
num_test_samples 1000000
num_iterations 10
max_num_richardson_iterations None
num_richardson_iterations None
train_mses [4.31329169148168, 4.304104760116677, 3.5380709880026937, 0.10586760667195759, 0.061211366456035685, 0.03612209204363701, 0.03218743956364709, 0.027862865467616203, 0.02530242323088325, 0.02295954460081775, 0.021190580919723815, 0.01998253259264074, 0.0187810128807043, 0.017751177089056925, 0.01696999974675101, 0.0162000843502378, 0.015354051036357681, 0.014705673605873583, 0.013996903391595622, 0.01321216494758195, 0.012651597755764573, 0.012079504405621755, 0.011549460792759729, 0.011098524628127176, 0.01071796070453732, 0.010356639211151373, 0.010029052393807516, 0.009751358476242178, 0.009482504459535733, 0.009228237274845433, 0.008998669699635814]
train_rres [1.0000081612099474, 0.9978782319126493, 0.8202783665037606, 0.02454470465997046, 0.014191450612008414, 0.00837466821799973, 0.007462445054589407, 0.006459821142478688, 0.005866199538334395, 0.005323018617967505, 0.004912896084063414, 0.004632818066477705, 0.0043542536651496044, 0.004115493045647028, 0.003934382243611319, 0.0037558824492489474, 0.0035597352190009997, 0.0034094131985104945, 0.003245089510386122, 0.0030631530904638017, 0.0029331892932480943, 0.002800553232430182, 0.0026776661251876966, 0.002573119556795898, 0.002484888327221623, 0.0024011183278682077, 0.0023251694901173067, 0.0022607879913116215, 0.0021984559650747955, 0.002139505799399626, 0.0020862820748803277]
test_mses [4.313541718804291, 4.306054983781913, 3.540153034617803, 0.10592405672796389, 0.06121565876772026, 0.03613332599467209, 0.03220732500873256, 0.027880090892226112, 0.0253149364124261, 0.0229680691357018, 0.021197172265492555, 0.019990427475502295, 0.018785276499029557, 0.017755144647682304, 0.016977379581030037, 0.016205024099350606, 0.015359036781971971, 0.014714735542405271, 0.014004543520362088, 0.013220421326705846, 0.012662941649052606, 0.012089982084380347, 0.011560004463461202, 0.01111104961664994, 0.010729657373242392, 0.010368112274750546, 0.010041753462571723, 0.009763416311590271, 0.009494420685811435, 0.009240681509996542, 0.009010796535405464]
test_rres [1.0000079051672364, 0.9982722562053562, 0.8207132910495922, 0.024556362492932828, 0.014191619480780022, 0.008376785015695427, 0.007466620636267058, 0.006463438424037214, 0.005868758941376218, 0.0053246849571438, 0.004914138129295788, 0.004634378616538798, 0.0043549885973953595, 0.00411617324289883, 0.003935864052512517, 0.003756808965619146, 0.0035606838183041534, 0.0034113155323624677, 0.0032466717935216265, 0.003064888831076864, 0.0029356483783433136, 0.002802819225094215, 0.0026799545711671444, 0.0025758734181050946, 0.002487455296005017, 0.0024036383353413016, 0.0023279786075874045, 0.002263451736299758, 0.0022010905097787333, 0.0021422661843852027, 0.0020889719758539426]
step_times_seconds [2.4653990268707275, 2.2927751541137695, 2.3163797855377197, 2.3339922428131104, 2.474720001220703, 2.4041011333465576, 2.4192566871643066, 2.4178388118743896, 2.4115068912506104, 2.448884963989258, 2.411821126937866, 2.407301902770996, 2.3959319591522217, 2.3754498958587646, 2.3865199089050293, 2.3854589462280273, 2.3610801696777344, 2.3752450942993164, 2.365779161453247, 2.333343029022217, 2.3421459197998047, 2.342292308807373, 2.345020294189453, 2.353224992752075, 2.3459420204162598, 2.370406150817871, 2.3709850311279297, 2.3915860652923584, 2.365544080734253, 2.3852620124816895, 2.393929958343506]
