date 2025-01-26T23:42:30.059438
sample_ratio 0.04
rank 16
seed 0
l2_regularization_strength 0
input_shape (100, 100, 100)
input_size 1000000
num_train_samples 40000
num_test_samples 1000000
num_iterations 10
max_num_richardson_iterations None
num_richardson_iterations None
train_mses [4.340347129612945, 4.1668996160575, 3.935814849188082, 2.995371977421598, 1.0628586387788688, 0.12086517856750517, 0.0805009572070455, 0.05980523719120689, 0.04851735702836163, 0.04026793910832841, 0.035045863916205885, 0.03153536867544976, 0.02869876245482227, 0.026693287395725535, 0.02489438584400555, 0.02312928684801796, 0.021262817242675276, 0.01921204698662177, 0.017469172768776894, 0.01586986507474244, 0.014579768701896461, 0.013515457404673137, 0.012423444423008986, 0.011360729095907775, 0.010371775736537355, 0.009481296051544538, 0.00878126327745262, 0.008226455687284898, 0.007677622292026383, 0.007195275370539565, 0.006776629711399019]
train_rres [0.9999994667033324, 0.9600378194256108, 0.9067967682534459, 0.6901223083202609, 0.24487858694718737, 0.027846877335197494, 0.01854711429114013, 0.013778899132108446, 0.011178214485011339, 0.009277579979452383, 0.00807443372150022, 0.007265628972988374, 0.006612085691041751, 0.00615003186684396, 0.005735571792879276, 0.005328899699160454, 0.004898872202689887, 0.004426382537429533, 0.004024830948045186, 0.003656356539577398, 0.0033591232431804514, 0.0031139099692540024, 0.0028623143326177575, 0.0026174687641359025, 0.0023896176724069605, 0.002184454540631743, 0.002023169652611923, 0.0018953440944888427, 0.001768894968145246, 0.00165776407242451, 0.0015613097052099816]
test_mses [4.313541718804291, 4.48120541813476, 4.6026142992177315, 3.7306817468365323, 1.258743226325698, 0.13582303732661383, 0.0937016860795829, 0.07178509974119039, 0.06081275700638901, 0.05169200013863123, 0.04548638159831213, 0.0415541870535772, 0.037837358844124494, 0.03525097594397084, 0.03304334299952945, 0.030443457228793356, 0.02781517576028898, 0.02518118886543137, 0.022730124509178207, 0.020435137661783512, 0.018792438768516554, 0.017444820088473274, 0.015931704597372014, 0.014609015396324924, 0.013407873903019106, 0.012224887176598863, 0.011343712806286193, 0.010653145279777019, 0.009934855184818783, 0.009324380150493009, 0.008791398096322131]
test_rres [1.0000079051672364, 1.038877362256092, 1.0670235698866364, 0.8648835415770121, 0.29181430456880686, 0.03148783989693016, 0.021722851641517427, 0.016641931826338715, 0.014098214809490847, 0.011983750741807176, 0.010545102873926654, 0.009633502642439748, 0.008771830764920132, 0.00817222989988898, 0.0076604345956903285, 0.0070577033616480165, 0.00644838915609595, 0.005837752262176061, 0.005269522280386006, 0.004737475730414141, 0.004356649025547638, 0.0040442307342582525, 0.0036934453353513657, 0.003386806442452683, 0.0031083459413535643, 0.002834094257877073, 0.0026298116999265973, 0.0024697175057402975, 0.002303196391540741, 0.002161670031062596, 0.002038108859703184]
step_times_seconds [0.11610293388366699, 0.09928488731384277, 0.09897112846374512, 0.09990692138671875, 0.09905791282653809, 0.09880185127258301, 0.09943509101867676, 0.09912109375, 0.0985560417175293, 0.09926509857177734, 0.09882688522338867, 0.09878921508789062, 0.09958195686340332, 0.10010886192321777, 0.0990440845489502, 0.09957098960876465, 0.0991051197052002, 0.09861922264099121, 0.09962701797485352, 0.09923720359802246, 0.09900689125061035, 0.09964179992675781, 0.09911489486694336, 0.09982109069824219, 0.10013198852539062, 0.09955978393554688, 0.09917998313903809, 0.10015320777893066, 0.09935998916625977, 0.09898185729980469, 0.09985184669494629]
