date 2025-01-26T23:42:30.059438
sample_ratio 0.01
rank 1
seed 0
l2_regularization_strength 0
input_shape (100, 100, 100)
input_size 1000000
num_train_samples 10000
num_test_samples 1000000
num_iterations 10
max_num_richardson_iterations None
num_richardson_iterations None
train_mses [4.338884038209155, 4.287605570756122, 4.239451188760904, 4.199697920286686, 4.166191936532111, 4.145792199196429, 4.12799138201894, 4.111786314675636, 4.0960984973481, 4.071630047612355, 4.01323429814049, 3.792580401306692, 2.996473399997113, 1.3444193117394798, 0.2740138352635154, 0.10797188226453279, 0.08928158928269404, 0.08643707215850513, 0.08589007464396245, 0.08581992831358194, 0.08580654672286618, 0.08580404676187582, 0.08580367492406474, 0.08580359681354938, 0.08580358175365652, 0.08580357948352077, 0.08580357897092597, 0.0858035788768742, 0.08580357886233929, 0.08580357885894492, 0.08580357885835006]
train_rres [0.9999885487251817, 0.9881703300777952, 0.9770721236859896, 0.9679101334372198, 0.960187963456808, 0.9554864080446235, 0.9513838293219187, 0.9476490252497378, 0.9440334324973434, 0.9383941553640229, 0.9249356069788044, 0.8740812010711375, 0.6906013297819048, 0.30985016068310584, 0.0631523440227455, 0.02488442763116584, 0.02057685020121646, 0.019921270442506054, 0.01979520317592163, 0.019779036455055646, 0.019775952381510087, 0.019775376212075594, 0.019775290514105842, 0.01977527251186835, 0.019775269040994213, 0.01977526851779292, 0.01977526839965449, 0.01977526837797825, 0.01977526837462837, 0.019775268373846064, 0.01977526837370897]
test_mses [4.313511077090323, 4.36865182138647, 4.423686418059114, 4.462605827981878, 4.497512587557512, 4.523427077995421, 4.540574183296352, 4.5473915949188255, 4.54495569392737, 4.520704033949677, 4.403608625034668, 4.102373702083258, 3.2107999807054433, 1.3655739777844478, 0.29969964239117614, 0.1154577691679685, 0.09437280842714446, 0.09065107764482298, 0.08999568025312224, 0.08990797979866219, 0.08987303065804927, 0.08986874779828032, 0.08986692655629856, 0.08986567462108203, 0.08986566128947994, 0.08986553578932922, 0.08986548494672204, 0.08986549478879749, 0.08986548693130376, 0.08986548601019814, 0.08986548738831403]
test_rres [1.0000008015020367, 1.0127840742249066, 1.0255427387558225, 1.0345654213040272, 1.0426578515608702, 1.048665605046438, 1.0526408165940428, 1.0542212963852857, 1.0536565817246992, 1.0480343220429629, 1.0208881061936217, 0.9510528469330818, 0.7443594085619023, 0.3165808660020691, 0.06947933533607902, 0.026766562005791278, 0.02187843786199381, 0.021015629421541913, 0.020863688715863887, 0.020843357129092743, 0.020835254873644665, 0.020834261978732574, 0.02083383976040302, 0.020833549524398618, 0.02083354643373476, 0.02083351733904854, 0.020833505552212476, 0.02083350783389975, 0.020833506012297838, 0.020833505798758024, 0.020833506118246477]
step_times_seconds [0.0697181224822998, 0.04509115219116211, 0.05248284339904785, 0.03946113586425781, 0.04442310333251953, 0.029673337936401367, 0.0292661190032959, 0.02833414077758789, 0.028482913970947266, 0.027997732162475586, 0.027421951293945312, 0.026628971099853516, 0.02654886245727539, 0.026295185089111328, 0.025413036346435547, 0.025428056716918945, 0.025323867797851562, 0.024868011474609375, 0.02507781982421875, 0.0248258113861084, 0.025048017501831055, 0.024867773056030273, 0.025027036666870117, 0.0248568058013916, 0.025161027908325195, 0.025107145309448242, 0.02520132064819336, 0.02507805824279785, 0.025259017944335938, 0.025084733963012695, 0.025332927703857422]
