date 2025-01-26T23:42:30.059438
sample_ratio 0.8
rank 16
seed 0
l2_regularization_strength 0
input_shape (100, 100, 100)
input_size 1000000
num_train_samples 800000
num_test_samples 1000000
num_iterations 10
max_num_richardson_iterations None
num_richardson_iterations None
train_mses [4.313941005736653, 4.303938158784537, 3.669957952086978, 0.13993168206667927, 0.06527800897808059, 0.03719627590730824, 0.030625503975750003, 0.0275096794309672, 0.025210766850331138, 0.023166460937599078, 0.021558421347573103, 0.020098073728278654, 0.018673021666451482, 0.017467012198245032, 0.01637833047590344, 0.015377309181577821, 0.014528613166740338, 0.013723543310739435, 0.013022052747644506, 0.012334139070263319, 0.01172780296968559, 0.011191453424123688, 0.01060913900468345, 0.010122199367305174, 0.00968859526392511, 0.009196785891512316, 0.008794729971033961, 0.008425673397207735, 0.008010399472065641, 0.007661829132032666, 0.007329031636247981]
train_rres [1.000006144108762, 0.9976874039133365, 0.8507257043681101, 0.03243728684190898, 0.015131966331125223, 0.008622395252000262, 0.007099237588425863, 0.006376964454740387, 0.005844058069987352, 0.005370171554049509, 0.0049974150727119734, 0.004658894775404459, 0.004328556271561454, 0.00404899359871636, 0.0037966284389070884, 0.003564583669778775, 0.003367849122832142, 0.003181227469599732, 0.003018616327677207, 0.0028591524168163833, 0.0027185988429111376, 0.0025942687140942146, 0.0024592835586484166, 0.0023464070430584175, 0.0022458941322619497, 0.0021318887730117746, 0.0020386889841831827, 0.0019531387087252704, 0.0018568748803423545, 0.0017760734782778559, 0.0016989283480857323]
test_mses [4.313541718804291, 4.307047076391876, 3.675095069166038, 0.1400265114070987, 0.06537463435401258, 0.03724995787115582, 0.03068400232058524, 0.027554843592395052, 0.02527021723756677, 0.023226927314512404, 0.021609031041587, 0.020152078529771075, 0.01872685178173967, 0.017511185210412162, 0.016424258444698386, 0.015421287597820733, 0.014565181078377835, 0.01376134513134486, 0.013058870065664733, 0.012365439849778333, 0.011760551952879904, 0.011223687070190119, 0.010636231541621537, 0.010151159176340973, 0.009717123052204903, 0.00922052160369274, 0.008820561584331787, 0.008450963301572958, 0.008031665006821738, 0.0076849335705327084, 0.007351329430368037]
test_rres [1.0000079051672364, 0.9985022529266805, 0.8519968881687112, 0.03246233083353705, 0.01515579433634227, 0.008635653661564232, 0.007113468903984708, 0.006388036378069402, 0.005858391699956727, 0.005384696020442279, 0.005009619304338442, 0.004671854162780231, 0.004341444001572313, 0.004059616153223129, 0.003807634039937128, 0.0035751154181378805, 0.003376644337314436, 0.0031902911375792102, 0.0030274364198884934, 0.0028666785687367856, 0.002726447473717705, 0.002601986146647177, 0.0024657963956725136, 0.0023533421222516468, 0.0022527195750366557, 0.002137592515510425, 0.0020448698279406695, 0.0019591858984486146, 0.0018619800206089558, 0.001781597309634473, 0.0017042578982855861]
step_times_seconds [2.163985013961792, 1.9948177337646484, 2.073352098464966, 2.0483109951019287, 2.093191146850586, 2.107959032058716, 2.1303558349609375, 2.1302847862243652, 2.148171901702881, 2.159636974334717, 2.141206979751587, 2.1351559162139893, 2.1363680362701416, 2.1281447410583496, 2.1141788959503174, 2.107668876647949, 2.0961179733276367, 2.1057610511779785, 2.109426975250244, 2.0995190143585205, 2.0997118949890137, 2.103487968444824, 2.1087000370025635, 2.1178231239318848, 2.1179141998291016, 2.096912145614624, 2.1023051738739014, 2.122962713241577, 2.098148822784424, 2.0982248783111572, 2.105126142501831]
