date 2025-01-26T23:42:30.059438
sample_ratio 0.08
rank 16
seed 0
l2_regularization_strength 0
input_shape (100, 100, 100)
input_size 1000000
num_train_samples 80000
num_test_samples 1000000
num_iterations 10
max_num_richardson_iterations None
num_richardson_iterations None
train_mses [4.331160279071263, 4.245880733653138, 4.051057082458302, 1.9036321160881475, 0.2677917600326771, 0.08089705825936935, 0.06273324094292108, 0.047931868094663814, 0.03839368386575836, 0.0320362610455569, 0.02785603995574462, 0.02414865839080403, 0.021610609638186284, 0.01979694329883288, 0.01822378291345552, 0.016904250958377453, 0.01573235149873287, 0.01482100623046104, 0.014064818467469849, 0.013423054455668233, 0.012843818400223646, 0.01226564563851975, 0.011697870719319851, 0.01120220402111989, 0.010716043243287773, 0.010276927736232018, 0.009909512348914637, 0.009531146875552333, 0.009175463807759274, 0.008863162094068533, 0.008537885256603253]
train_rres [0.9999951270006283, 0.9803054539439573, 0.9353238117819908, 0.43951798525873037, 0.06182880286781292, 0.018677827380103807, 0.014484094607860902, 0.011066696089339544, 0.00886448302522616, 0.007396656523583216, 0.006431510823527547, 0.005575536151616415, 0.004989541586379036, 0.004570795249485824, 0.004207577862456886, 0.00390291919365264, 0.003632346489464804, 0.0034219315501492057, 0.0032473399789846196, 0.003099167008432811, 0.002965430735585421, 0.002831939960131512, 0.0027008498789870615, 0.0025864084243007574, 0.0024741617334728674, 0.0023727770376979224, 0.0022879467443749483, 0.0022005882526063814, 0.002118466762836448, 0.002046361328790573, 0.0019712601477137083]
test_mses [4.313541718804291, 4.384691550536356, 4.3575077541292195, 2.054319373111021, 0.2830740450887162, 0.08516107579865578, 0.0677133405262062, 0.05306418179199551, 0.04278394750611365, 0.0359026108794855, 0.03139661545820781, 0.027135694594220484, 0.02433133046240753, 0.02242613426313245, 0.020623141403317165, 0.019129077724929763, 0.017843562276454828, 0.016750790112487892, 0.01587618632788226, 0.015180412340178355, 0.014498999620416356, 0.013826991718459015, 0.013200364422513404, 0.012625065470044546, 0.012061923271490423, 0.011571912668681336, 0.011160274632346052, 0.010722684432628365, 0.010325910686730362, 0.009982537688183328, 0.009603607175608127]
test_rres [1.0000079051672364, 1.0165025628804594, 1.0102005463307902, 0.4762526357154793, 0.06562502493075491, 0.01974288289364424, 0.015697976332603412, 0.012301863464516647, 0.009918597873729033, 0.008323298355760652, 0.007278673929785671, 0.006290865111638789, 0.00564072968149908, 0.005199048254873682, 0.004781060617263639, 0.004434691998015696, 0.00413667109211244, 0.003883333840788356, 0.0036805745410041276, 0.0035192733334881597, 0.003361301497149367, 0.0032055099786942095, 0.0030602390411703035, 0.002926867547904032, 0.002796314353568987, 0.00268271524908167, 0.0025872852481132525, 0.002485838759944663, 0.0023938547458035395, 0.0023142506210836805, 0.0022264032017733806]
step_times_seconds [0.22233223915100098, 0.2062668800354004, 0.20697712898254395, 0.20851707458496094, 0.207442045211792, 0.20674705505371094, 0.20879793167114258, 0.2066349983215332, 0.21190500259399414, 0.20789289474487305, 0.20723509788513184, 0.20831823348999023, 0.21059918403625488, 0.20784592628479004, 0.20867323875427246, 0.21524882316589355, 0.20892596244812012, 0.20817112922668457, 0.21126008033752441, 0.20815396308898926, 0.2078869342803955, 0.2118241786956787, 0.2081298828125, 0.20853304862976074, 0.2092299461364746, 0.208906888961792, 0.20867109298706055, 0.21045589447021484, 0.20938706398010254, 0.20725607872009277, 0.20983600616455078]
