date 2025-01-26T23:42:30.059438
sample_ratio 0.02
rank 8
seed 0
l2_regularization_strength 0
input_shape (100, 100, 100)
input_size 1000000
num_train_samples 20000
num_test_samples 1000000
num_iterations 10
max_num_richardson_iterations None
num_richardson_iterations None
train_mses [4.321465379098016, 4.139493528347842, 3.9135645385855824, 3.171214018191988, 1.560967840821965, 0.21401146257301942, 0.09696255378651808, 0.07883250830006015, 0.07346928409654067, 0.06994695270965728, 0.06724938477285813, 0.06538880961242485, 0.06390514358705711, 0.06266533126541475, 0.06169715200470097, 0.06085458121127308, 0.060101102281027316, 0.05946678812663297, 0.05891252023855584, 0.05839915239485018, 0.05795700550956894, 0.05758443045269552, 0.057210203114828315, 0.056879256430686476, 0.056600205524311206, 0.0562906302399105, 0.056000538346979885, 0.05574077712539586, 0.05543428315850867, 0.05514309233025922, 0.054851000499897995]
train_rres [0.9999917281208613, 0.9578832464976674, 0.9056030357159908, 0.7338223283313224, 0.36120963417516766, 0.049522482195781294, 0.02243723904233388, 0.01824192705288622, 0.01700087121439273, 0.016185799949996985, 0.015561579833392403, 0.01513104074380961, 0.014787718832719496, 0.014500824930465568, 0.014276787210127742, 0.014081815423969414, 0.013907459590597821, 0.01376067861429003, 0.013632420429943351, 0.013513626559773308, 0.013411313295843394, 0.013325099027697308, 0.01323850241995542, 0.013161921001950416, 0.013097348322634367, 0.013025712269473164, 0.012958584694014933, 0.012898475668468414, 0.012827552635487849, 0.012760170765217054, 0.012692580402090306]
test_mses [4.313515546607295, 4.480887413911686, 4.630295046799328, 3.978037485744123, 1.8812182969264553, 0.24893504931756305, 0.11543568383382682, 0.09589134147079492, 0.09423874536765782, 0.09333120863717223, 0.09216953500642461, 0.09189657383023181, 0.09167443726405022, 0.0911004239592702, 0.09111104736396661, 0.09099098538898279, 0.09093051597978018, 0.09101663710286803, 0.09102671302838905, 0.09107089423526611, 0.09109872922244781, 0.0910186404818343, 0.09099256567460041, 0.09089263837337397, 0.09060635486996935, 0.09044038778103144, 0.0901960373542593, 0.08965708845933373, 0.08925946851716757, 0.08883168189671571, 0.0880590031064178]
test_rres [1.0000018376696678, 1.0388036393718172, 1.0734407945727602, 0.9222279954900813, 0.4361226321448855, 0.05771058527278229, 0.02676144196519131, 0.022230479211516, 0.02184735803756714, 0.021636963896539387, 0.02136765322570299, 0.021304372666062964, 0.021252874770206317, 0.021119801328503218, 0.021122264151252765, 0.02109443019671596, 0.02108041158019029, 0.021100377030742048, 0.021102712931454208, 0.021112955455815173, 0.021119408437850932, 0.021100841473868814, 0.021094796554157958, 0.02107163041883745, 0.02100526134553614, 0.02096678521344914, 0.020910137480719924, 0.020785193017320576, 0.0206930128295911, 0.0205938391041321, 0.02041470906463705]
step_times_seconds [0.06354403495788574, 0.05010414123535156, 0.05001401901245117, 0.05012202262878418, 0.05000805854797363, 0.051177978515625, 0.05116105079650879, 0.05075407028198242, 0.05029702186584473, 0.05018210411071777, 0.049887895584106445, 0.049742698669433594, 0.05005002021789551, 0.05017876625061035, 0.05141115188598633, 0.0508270263671875, 0.04991912841796875, 0.050597190856933594, 0.04994702339172363, 0.04998302459716797, 0.049713850021362305, 0.050026655197143555, 0.050067901611328125, 0.04982328414916992, 0.04991292953491211, 0.05010414123535156, 0.04986715316772461, 0.0500180721282959, 0.04993915557861328, 0.050087928771972656, 0.05096793174743652]
