date 2025-01-26T23:42:30.059438
sample_ratio 0.06
rank 8
seed 0
l2_regularization_strength 0
input_shape (100, 100, 100)
input_size 1000000
num_train_samples 60000
num_test_samples 1000000
num_iterations 10
max_num_richardson_iterations None
num_richardson_iterations None
train_mses [4.339205067841062, 4.272785226247312, 4.100960905723782, 1.7752966219754778, 0.27733557309274914, 0.08730246829649552, 0.0764513113410069, 0.06841949665361051, 0.06299303492322489, 0.059245652942425744, 0.056089959799286, 0.05342681666003202, 0.05167904239257844, 0.050191206233862355, 0.048693082805065596, 0.047755780267272264, 0.0467015701799479, 0.04576764367713173, 0.0452322170172139, 0.04461109213813037, 0.044139712596537053, 0.04379198132945248, 0.04344262253145092, 0.04314681154732297, 0.04289731547781577, 0.04264626908424661, 0.042410783244287174, 0.04219461794421504, 0.04194967830126297, 0.04168891029766369, 0.04145737674129491]
train_rres [0.9999967786175532, 0.9846899132835568, 0.9450919306288282, 0.40912814105588796, 0.06391370662433059, 0.020119396455557034, 0.01761867988878713, 0.015767698271583752, 0.01451713643713767, 0.01365352896746049, 0.012926279868119046, 0.012312541978663537, 0.011909756535274981, 0.011566875444714525, 0.011221623588822493, 0.011005616393096725, 0.010762667125931758, 0.010547437958450536, 0.010424045556678158, 0.010280903467633775, 0.010172271122370114, 0.01009213429051437, 0.010011622384042735, 0.009943450904109703, 0.009885952984125692, 0.009828097782325417, 0.009773828606822578, 0.009724011969825383, 0.009667564106661893, 0.009607468499404605, 0.009554110152221018]
test_mses [4.313515546607295, 4.351608166349448, 4.284659951742039, 1.8610927523313956, 0.28968773655850777, 0.09090088927231038, 0.08050590476703719, 0.07326509589573665, 0.06799866586257337, 0.06425282587479957, 0.06098452614756983, 0.05795030511034707, 0.05597718644183513, 0.0542616813112206, 0.05251522075403525, 0.05153785260032966, 0.050343857959353935, 0.049266132128027294, 0.048719309476189104, 0.048013983047716494, 0.04747654201647523, 0.047141618069644925, 0.0467424405569833, 0.04641778576703159, 0.046189602346928704, 0.0459084502565876, 0.04565658913971576, 0.045462347313970274, 0.04519769685002498, 0.044919801463753135, 0.04469851595990031]
test_rres [1.0000018376696678, 1.0088328455406756, 0.9933122482661931, 0.43145692934128904, 0.06715827630126953, 0.02107354322383599, 0.018663675102229965, 0.016985039173072255, 0.015764123274145166, 0.014895725599228579, 0.014138036030715112, 0.013434612899319371, 0.012977185014075236, 0.012579479647162726, 0.012174597887091968, 0.01194801473485223, 0.01167121108774759, 0.011421362026074825, 0.011294592190471084, 0.011131076441655861, 0.011006481546129623, 0.010928836164145707, 0.010836294885018524, 0.010761030200551273, 0.010708130463211018, 0.01064295100483932, 0.010584562069645267, 0.010539531008414814, 0.0104781771202867, 0.010413752663263394, 0.010362452069093395]
step_times_seconds [0.16953492164611816, 0.14396905899047852, 0.14351415634155273, 0.1452779769897461, 0.1438426971435547, 0.14331889152526855, 0.14507102966308594, 0.14619016647338867, 0.14375090599060059, 0.14504790306091309, 0.14437222480773926, 0.14367389678955078, 0.1454310417175293, 0.1443159580230713, 0.14330601692199707, 0.14534306526184082, 0.14383792877197266, 0.14489006996154785, 0.1461331844329834, 0.14467978477478027, 0.14410805702209473, 0.14566802978515625, 0.14442920684814453, 0.14391398429870605, 0.14509010314941406, 0.1440110206604004, 0.14342975616455078, 0.1453409194946289, 0.143873929977417, 0.14363694190979004, 0.14516782760620117]
