date 2025-01-26T23:42:30.059438
sample_ratio 0.07
rank 2
seed 0
l2_regularization_strength 0
input_shape (100, 100, 100)
input_size 1000000
num_train_samples 70000
num_test_samples 1000000
num_iterations 10
max_num_richardson_iterations None
num_richardson_iterations None
train_mses [4.330830393513969, 4.318196689403789, 4.295041876888627, 3.859393609651835, 1.8444687978980225, 0.1757310844384884, 0.0892209877261806, 0.08455423045199026, 0.08279342675545744, 0.08193870657531349, 0.08147215183233215, 0.0810521510528473, 0.08061486034986054, 0.08034951073629314, 0.08007745780733144, 0.07984129915127586, 0.07968498507156963, 0.0795306407676222, 0.07940489627268078, 0.0793136199825506, 0.07922424730423162, 0.07915141666829023, 0.07909340289977679, 0.0790361809936021, 0.0789883939298325, 0.07894744437552971, 0.07890668324776094, 0.07887183997739262, 0.07884046303827376, 0.07880906904070926, 0.07878180442039473]
train_rres [1.000001073180149, 0.9970839149170728, 0.9917374027564663, 0.8911449770132855, 0.42589309895572863, 0.0405768079241298, 0.0206013801902736, 0.019523812643539206, 0.019117238054788405, 0.018919880730730476, 0.018812151911708295, 0.018715172535455103, 0.018614200866619177, 0.01855293088506258, 0.01849011308888868, 0.01843558338256491, 0.018399490016338078, 0.01836385147694438, 0.018334816714909774, 0.018313740759540387, 0.018293104353560182, 0.018276287552280952, 0.018262892007893078, 0.018249679306774652, 0.018238645137640414, 0.018229189768917044, 0.01821977790841707, 0.018211732498046442, 0.01820448747343431, 0.018197238509978498, 0.018190943031491227]
test_mses [4.313504392026129, 4.323932308719211, 4.325129535969848, 3.8850670740941093, 1.8449453416406787, 0.17665505710376767, 0.09026406647682592, 0.08558420599969128, 0.08351893502534613, 0.0825615341894098, 0.08212949973826883, 0.08162662654812923, 0.08116445127924989, 0.08097946643966736, 0.08072077149380558, 0.0804943604346148, 0.08041063582661646, 0.08028928330115129, 0.080174926374438, 0.08012919662018358, 0.08006639440585886, 0.07999981292052716, 0.07996657519743512, 0.07992765880639964, 0.07988162170370511, 0.07985335994835836, 0.07982576010268101, 0.07978989667197256, 0.07976466864861737, 0.07974380383738904, 0.07971414312415392]
test_rres [0.9999992517043353, 1.0024167544914413, 1.0026943075540904, 0.900674675119637, 0.42771347688589584, 0.040953922578615104, 0.02092590866476844, 0.019840977121898928, 0.019362185577666433, 0.01914023144652256, 0.019040072946939227, 0.018923491910237056, 0.018816345868172057, 0.0187734608530319, 0.0187134876320101, 0.01866099878090637, 0.018641588914185853, 0.018613455771472023, 0.01858694441765217, 0.018576342893721984, 0.018561783463239844, 0.018546347884773263, 0.01853864238706197, 0.01852962040438208, 0.018518947627896614, 0.018512395708243805, 0.018505997239037297, 0.018497683023816304, 0.018491834413919488, 0.018486997327013106, 0.018480121087105953]
step_times_seconds [0.1994800567626953, 0.16420507431030273, 0.1635591983795166, 0.16514301300048828, 0.1670997142791748, 0.16435003280639648, 0.16519904136657715, 0.16557598114013672, 0.1639270782470703, 0.16583561897277832, 0.16770410537719727, 0.16477012634277344, 0.1644730567932129, 0.1674191951751709, 0.16677188873291016, 0.16933989524841309, 0.16525888442993164, 0.168198823928833, 0.16759085655212402, 0.16799616813659668, 0.16459989547729492, 0.16991114616394043, 0.16485095024108887, 0.16714978218078613, 0.16688203811645508, 0.16453075408935547, 0.16667604446411133, 0.16558003425598145, 0.16736388206481934, 0.16428899765014648, 0.1657850742340088]
