date 2025-01-26T23:42:30.059438
sample_ratio 0.07
rank 16
seed 0
l2_regularization_strength 0
input_shape (100, 100, 100)
input_size 1000000
num_train_samples 70000
num_test_samples 1000000
num_iterations 10
max_num_richardson_iterations None
num_richardson_iterations None
train_mses [4.330825642350076, 4.234491426467939, 4.036395948330186, 1.988690956766508, 0.32205754991683283, 0.08387109012651676, 0.06742567653258262, 0.053568864618913574, 0.04597917852659201, 0.04050209792303272, 0.03621848128065385, 0.031847905315790875, 0.02832209590623183, 0.025352335180308862, 0.022553445338976755, 0.020468033052275195, 0.018852384820925095, 0.017337968927684765, 0.016051236089071337, 0.015007604435300132, 0.014185156156476522, 0.013457560208177679, 0.012803918475476673, 0.012267888893146539, 0.011724811210209622, 0.011237098822654387, 0.010808280647351832, 0.010385311418371679, 0.009993147116714857, 0.009630774753085937, 0.009276956629438391]
train_rres [0.9999999761228737, 0.9777561312910882, 0.9320153211622583, 0.45919440622022845, 0.07436400557845199, 0.019366073596628196, 0.01556878075702521, 0.012369203418398173, 0.010616723282304952, 0.00935204977081021, 0.00836295048724405, 0.007353772048433816, 0.006539652613355472, 0.005853926403098227, 0.005207654766777197, 0.004726127129987765, 0.004353069351587721, 0.0040033864083929335, 0.0037062761310113408, 0.0034652986096244567, 0.0032753929595000578, 0.0031073889826576375, 0.0029564612448373666, 0.0028326904875273545, 0.002707292303712435, 0.002594678124295733, 0.002495662786234024, 0.00239799798653746, 0.002307446132300202, 0.0022237733214086806, 0.002142075708893532]
test_mses [4.313541718804291, 4.39599854193841, 4.386172379062759, 2.1702977788234423, 0.3431112158020188, 0.08854436399996615, 0.0737193941250817, 0.06013899368440373, 0.05251808702338465, 0.04657284697506153, 0.0417467501829869, 0.03673638496281869, 0.032845464802833325, 0.029376949097754044, 0.02604143745262441, 0.02372078764325916, 0.021871035781337703, 0.020080335949023344, 0.018594053092515574, 0.017395696174968042, 0.016420221824084067, 0.015539463527192295, 0.014794425150698997, 0.01417490565943875, 0.01351539427364667, 0.01295558659223162, 0.012473842059912222, 0.011957244703650801, 0.011505320747756361, 0.01110159398725901, 0.010666788224809542]
test_rres [1.0000079051672364, 1.0191238614612568, 1.0168458631958694, 0.5031398968344616, 0.07954343565469706, 0.0205272302275347, 0.01709035908192304, 0.013942016332202493, 0.012175262374001933, 0.010796978023459478, 0.009678144531682175, 0.008516592110361888, 0.007614560514979869, 0.006810454898206684, 0.006037183598113262, 0.005499187606472922, 0.005070359834515723, 0.004655222088127498, 0.004310657295965406, 0.004032842342759955, 0.0038066982306213444, 0.003602512130926555, 0.0034297899655425174, 0.0032861668296018816, 0.003133272377123352, 0.0030034922235321697, 0.002891809441262933, 0.002772046732628897, 0.00266727725133264, 0.0025736813205769677, 0.0024728803481959094]
step_times_seconds [0.19639277458190918, 0.17920899391174316, 0.18004894256591797, 0.18072080612182617, 0.18167495727539062, 0.17964386940002441, 0.18037199974060059, 0.17947006225585938, 0.17959094047546387, 0.1800391674041748, 0.17992568016052246, 0.17968106269836426, 0.18142008781433105, 0.18023180961608887, 0.1812911033630371, 0.18183207511901855, 0.18036890029907227, 0.18010592460632324, 0.18153715133666992, 0.18009686470031738, 0.18052005767822266, 0.18173909187316895, 0.17967796325683594, 0.17934799194335938, 0.18034982681274414, 0.18020129203796387, 0.17910504341125488, 0.1808459758758545, 0.17951297760009766, 0.17909812927246094, 0.18388700485229492]
