date 2025-01-26T23:42:30.059438
sample_ratio 0.07
rank 4
seed 0
l2_regularization_strength 0
input_shape (100, 100, 100)
input_size 1000000
num_train_samples 70000
num_test_samples 1000000
num_iterations 10
max_num_richardson_iterations None
num_richardson_iterations None
train_mses [4.330815094407952, 4.301691881639242, 4.228516269045451, 2.273294892643764, 0.7281156951027242, 0.09303779452747704, 0.08574244336599078, 0.08296012632853594, 0.08072699080904376, 0.07873803205243196, 0.0769062596377757, 0.07485617250028222, 0.07318238961057814, 0.0711968108640551, 0.06978590735013743, 0.06888319779739857, 0.06786914254439755, 0.06721542521204857, 0.06675431076273493, 0.06620769773447342, 0.06579569852467954, 0.06545875281652608, 0.06506738013332797, 0.06475037040818576, 0.06448027291094316, 0.0641780608413022, 0.06393461977434182, 0.06372701533393633, 0.06350380180186663, 0.06332443784477049, 0.06317279039559733]
train_rres [0.999997540572994, 0.9932729077943057, 0.976376450423452, 0.5249102656394257, 0.168123987859809, 0.02148269175193945, 0.019798174389717618, 0.019155729461015455, 0.018640092109020942, 0.01818083586705367, 0.017757874399151025, 0.01728450343992884, 0.01689802220333242, 0.016439546415321783, 0.01611376477534245, 0.015905326568466292, 0.015671178322258433, 0.015520233128264114, 0.015413760488545161, 0.01528754598342522, 0.015192414192404198, 0.01511461246868361, 0.0150242434014032, 0.014951044952942713, 0.014888678671522321, 0.014818897043864597, 0.014762685808120733, 0.014714749351520316, 0.014663208711195926, 0.014621793062627788, 0.014586777234682803]
test_mses [4.3135209949157085, 4.329897016703849, 4.309720669161413, 2.308963313673839, 0.7403237766529054, 0.09467995438167376, 0.08753320502872099, 0.0851159329379395, 0.0829775829767456, 0.08117510853758503, 0.07944382753450469, 0.07740616165140111, 0.0756603548387335, 0.07367632477644154, 0.07229536964728416, 0.0712684734327088, 0.07019634631324935, 0.06953432846640993, 0.06897111841218846, 0.068370577939444, 0.06795717456177507, 0.06754971775413755, 0.06711362435514229, 0.06680464398893227, 0.06648564045345104, 0.06614676976965078, 0.06591880333944512, 0.0656796470352329, 0.0654244663382116, 0.0652643600684996, 0.06509443161530827]
test_rres [1.0000031007504118, 1.0037995520915315, 0.999122071646198, 0.5352867126216235, 0.17162918021838156, 0.02194964347505893, 0.020292813353758356, 0.019732417429178844, 0.0192366839914133, 0.01881881653920697, 0.018417453853505135, 0.01794506199455773, 0.01754033179200706, 0.0170803743195356, 0.016760227642892023, 0.01652216240571464, 0.016273611292802068, 0.01612013576773291, 0.015989566842425917, 0.015850343610273248, 0.015754504350416414, 0.01566004368323996, 0.015558944198219236, 0.01548731331369469, 0.015413358758933607, 0.015334798405349357, 0.015281948972753256, 0.01522650539288935, 0.015167346879792112, 0.015130229460785622, 0.015090834966056756]
step_times_seconds [0.19999098777770996, 0.1656489372253418, 0.16716217994689941, 0.1662769317626953, 0.16815805435180664, 0.1645669937133789, 0.16919612884521484, 0.16626811027526855, 0.16761398315429688, 0.16592097282409668, 0.16466426849365234, 0.1665337085723877, 0.16759300231933594, 0.16482305526733398, 0.16614603996276855, 0.16700196266174316, 0.16561174392700195, 0.16709399223327637, 0.1673119068145752, 0.16566014289855957, 0.16507911682128906, 0.1695706844329834, 0.16493797302246094, 0.16414594650268555, 0.16610383987426758, 0.16476202011108398, 0.16440987586975098, 0.16823601722717285, 0.16481375694274902, 0.16434574127197266, 0.16872715950012207]
