date 2025-01-26T23:42:30.059438
sample_ratio 0.09
rank 8
seed 0
l2_regularization_strength 0
input_shape (100, 100, 100)
input_size 1000000
num_train_samples 90000
num_test_samples 1000000
num_iterations 10
max_num_richardson_iterations None
num_richardson_iterations None
train_mses [4.329804472499048, 4.282915931585708, 4.101453160340443, 1.228467744663842, 0.18303847347784957, 0.08228083604587091, 0.07316187480232127, 0.0664344675802536, 0.06209700814025437, 0.058581061444038796, 0.0556986950370042, 0.05337994264460579, 0.051621167374327016, 0.05037424033278281, 0.049258201533762154, 0.04817573540224328, 0.047502294493687175, 0.04670051461482873, 0.045977422782971664, 0.04544870589292535, 0.04482704536655885, 0.044142412374270724, 0.043625670449000474, 0.04296434719461433, 0.04232427730612672, 0.04191426619006678, 0.04139907775842326, 0.040970713349437624, 0.04064384189853631, 0.04030035781442122, 0.03998492509376489]
train_rres [0.9999990141589832, 0.9891697734885306, 0.9472596610332478, 0.28372332778364767, 0.042274032047772796, 0.019003341941341192, 0.016897253245737712, 0.015343510892556854, 0.014341743909427858, 0.013529711113863349, 0.01286400817420706, 0.012328475883729548, 0.011922274276341292, 0.011634287643182152, 0.011376530576812899, 0.01112652735582343, 0.010970991407508023, 0.010785814664880615, 0.010618811484114319, 0.010496700573061941, 0.0103531236708123, 0.010195002831477104, 0.010075657623367368, 0.009922920333120897, 0.009775091658282139, 0.009680396686613472, 0.009561410268861384, 0.00946247647418146, 0.009386983197121453, 0.009307653114741049, 0.00923480169346018]
test_mses [4.313515546607295, 4.3315035016754555, 4.214346801007598, 1.2533287553332146, 0.18558277461522749, 0.08447343772825788, 0.07572246338697232, 0.06938384139743363, 0.06499909743994535, 0.06146657533241939, 0.05845437452216129, 0.05606987348475027, 0.05424562646840924, 0.052966649748918605, 0.05170545942010781, 0.05062021425247512, 0.04998993703740621, 0.0490636717963717, 0.048301965590512516, 0.047823898653258624, 0.047097837551860006, 0.04638263759642732, 0.04590421544218284, 0.0451365108728839, 0.0444882609290257, 0.04411460180042885, 0.04350972316144922, 0.04307768835295515, 0.04277936361973956, 0.0423748160314366, 0.04205461019337047]
test_rres [1.0000018376696678, 1.004171983326898, 0.9770115582171937, 0.2905590683504626, 0.043023634353428895, 0.019583467834948003, 0.017554730409956323, 0.01608524836698152, 0.015068733654603126, 0.014249789440547118, 0.013551471255961612, 0.012998672641102847, 0.012575757654708685, 0.012279252621631128, 0.011986871005560689, 0.011735278736974013, 0.011589161639098716, 0.011374425669517576, 0.011197839403073565, 0.011087009197266375, 0.010918686531493174, 0.010752881804002051, 0.01064196924827876, 0.01046399238189418, 0.010313708668268216, 0.010227083313329416, 0.010086854364572639, 0.009986695782144173, 0.009917535191851982, 0.009823748968675858, 0.00974951568423794]
step_times_seconds [0.2504880428314209, 0.21542787551879883, 0.21217107772827148, 0.21460866928100586, 0.21346497535705566, 0.21391510963439941, 0.21515917778015137, 0.21227574348449707, 0.21448302268981934, 0.2168419361114502, 0.21410298347473145, 0.21302103996276855, 0.21776819229125977, 0.21302199363708496, 0.21538710594177246, 0.21607208251953125, 0.2127690315246582, 0.21237397193908691, 0.21479201316833496, 0.21561980247497559, 0.21302390098571777, 0.21547603607177734, 0.21532130241394043, 0.21274185180664062, 0.2167360782623291, 0.2133188247680664, 0.2138831615447998, 0.21955108642578125, 0.2133629322052002, 0.2131800651550293, 0.2178499698638916]
