date 2025-01-26T23:42:30.059438
sample_ratio 0.1
rank 16
seed 0
l2_regularization_strength 0
input_shape (100, 100, 100)
input_size 1000000
num_train_samples 100000
num_test_samples 1000000
num_iterations 10
max_num_richardson_iterations None
num_richardson_iterations None
train_mses [4.329567173196105, 4.2614624781132235, 4.068305458750303, 1.5995040051273608, 0.20729508760045356, 0.07723062910583776, 0.057745766812330464, 0.04426586449912707, 0.036769754240784686, 0.03232592472026878, 0.029256645915891544, 0.026155603805305003, 0.024026594449598256, 0.022116028979736115, 0.020372578497106962, 0.018862995308588922, 0.017288405323668116, 0.01599336074530886, 0.014988798810484896, 0.014029039837696516, 0.01323595655316173, 0.012609966830290186, 0.012010307953270995, 0.011497099817520427, 0.01105572967622676, 0.010618956271121718, 0.010219563382245729, 0.009866031081913272, 0.009511678854906506, 0.009179351891232876, 0.008878863463076576]
train_rres [0.9999992178307167, 0.9842690907558649, 0.9396556546883413, 0.3694371030773729, 0.047878902709708376, 0.017837942133462733, 0.013337527594643434, 0.010224077397337232, 0.008492702390264287, 0.007466312022146151, 0.006757401343341304, 0.0060411543003932545, 0.005549417458049871, 0.005108134553997794, 0.004705450163338781, 0.0043567820523289546, 0.0039930993352497515, 0.0036939831618288507, 0.003461959703385797, 0.003240284375644919, 0.0030571060965043865, 0.002912521382097588, 0.0027740182976098682, 0.0026554827226193374, 0.002553539554073536, 0.002452658092716771, 0.002360410401318024, 0.0022787551203931706, 0.0021969104611770963, 0.0021201529723927468, 0.002050749223449025]
test_mses [4.313541718804291, 4.366367419810538, 4.298020392526546, 1.6942661927116875, 0.21660863634752814, 0.08079841185132394, 0.061426289986814854, 0.04765321987066601, 0.03976449417916415, 0.035120556941091896, 0.031911679764413246, 0.02852519149497391, 0.026170254870089265, 0.024142439997321928, 0.022229965613055385, 0.02059674792940713, 0.01891892227447263, 0.017520315900933586, 0.01642649927290511, 0.015402665270189613, 0.014516546055600432, 0.013823555063844464, 0.01318801501873638, 0.012622222227241547, 0.01212122482441645, 0.01166242303756789, 0.011230822113763484, 0.010824078796303142, 0.010452284727565554, 0.01009880607590484, 0.009749589075403617]
test_rres [1.0000079051672364, 1.012254481657261, 0.9964095977928666, 0.3927815462600734, 0.05021635648746374, 0.018731486987606898, 0.014240450093279114, 0.011047440753754427, 0.009218598338991718, 0.00814199487670735, 0.007398081231592803, 0.006612992026257798, 0.006067047325923408, 0.005596939225625461, 0.005153570498169052, 0.0047749418210920845, 0.0043859716829078195, 0.004061732920208657, 0.003808153530895353, 0.0035707982059587215, 0.0033653692853001316, 0.003204713259430571, 0.0030573760802425605, 0.002926208399235801, 0.0028100622261017136, 0.0027036982580071625, 0.0026036402630188757, 0.0025093450041922057, 0.002423152025876711, 0.0023412051087001334, 0.0022602461696460286]
step_times_seconds [0.27610278129577637, 0.2570657730102539, 0.2584679126739502, 0.26712608337402344, 0.2626228332519531, 0.2587909698486328, 0.26158905029296875, 0.25771498680114746, 0.2584049701690674, 0.26018810272216797, 0.25783300399780273, 0.26144909858703613, 0.26177406311035156, 0.25795888900756836, 0.2576460838317871, 0.26219606399536133, 0.257220983505249, 0.25748705863952637, 0.26149988174438477, 0.25945425033569336, 0.2590820789337158, 0.2591249942779541, 0.2588081359863281, 0.2574310302734375, 0.26186323165893555, 0.2591722011566162, 0.2578279972076416, 0.25948309898376465, 0.2577228546142578, 0.2574801445007324, 0.26527881622314453]
