date 2025-01-26T23:42:30.059438
sample_ratio 0.02
rank 2
seed 0
l2_regularization_strength 0
input_shape (100, 100, 100)
input_size 1000000
num_train_samples 20000
num_test_samples 1000000
num_iterations 10
max_num_richardson_iterations None
num_richardson_iterations None
train_mses [4.321512041062858, 4.278565389863099, 4.220664395325988, 4.133092839125865, 3.798674880922255, 2.357230807991092, 0.3827462111696159, 0.10770517231861729, 0.08766470778482077, 0.08526734649287368, 0.08469407714932785, 0.08447792393453564, 0.08427685929928797, 0.08410719733871583, 0.08397724511247164, 0.08384386895486677, 0.08373172617924736, 0.0836264465972895, 0.08351731343790748, 0.0834089823353393, 0.08328623556960225, 0.08313952697078245, 0.08296465030330201, 0.08276485787371529, 0.0825189482335222, 0.08223861495056942, 0.08192203473786808, 0.0815438627969758, 0.0811586924935316, 0.08074980776674667, 0.08031299424198803]
train_rres [1.0000025257496208, 0.9900646245557404, 0.9766662722590556, 0.9564021201401112, 0.879017445590554, 0.5454657396225047, 0.0885678841696756, 0.02492309250361957, 0.020285707495648304, 0.019730955518955477, 0.01959830037741394, 0.019548282291455315, 0.01950175571900195, 0.01946249575918149, 0.01943242467451571, 0.019401561288457242, 0.019375611329785738, 0.01935124952149564, 0.019325995991252506, 0.01930092805781716, 0.0192725243244483, 0.019238575797179382, 0.01919810914858198, 0.019151876965884364, 0.019094973211142355, 0.019030103788509552, 0.0189568467874193, 0.0188693373943026, 0.018780208572578148, 0.018685592207833553, 0.018584513089254306]
test_mses [4.313504392026129, 4.360825282663845, 4.414825120746089, 4.396730268096432, 4.0359561529909795, 2.4374116683517633, 0.41399720748734015, 0.11172034137913957, 0.09214883306016397, 0.09039128771162144, 0.09044662015052699, 0.09070337896950051, 0.09083657065573311, 0.09098665099453525, 0.09113190860616874, 0.09117870986953157, 0.09122640161788693, 0.09128947416864236, 0.09127312590624449, 0.09121933523649361, 0.0911904670372798, 0.09112137124725411, 0.09093697552761354, 0.09077919780193047, 0.09048688701444658, 0.09003973843026011, 0.08969205539751254, 0.08903264321967487, 0.0882953695479681, 0.08779445198695605, 0.0869700167975287]
test_rres [0.9999992517043353, 1.0109696486083413, 1.0234884251683516, 1.0192934974564878, 0.9356552737869658, 0.5650648806462174, 0.09597692735872304, 0.02590011453003656, 0.021362853895764273, 0.02095540234972483, 0.020968230062988043, 0.02102775443192497, 0.021058632245985403, 0.021093425354524967, 0.021127100410752192, 0.02113795034252186, 0.021149006715330012, 0.02116362881787733, 0.02115983880199262, 0.02114736851690401, 0.021140676005435784, 0.021124657535986826, 0.02108190909645842, 0.02104533150355963, 0.02097756512564905, 0.020873902718253866, 0.020793299398776412, 0.02064042794566711, 0.020469505870944992, 0.0203533782075297, 0.020162249487681836]
step_times_seconds [0.0639040470123291, 0.04865622520446777, 0.05057787895202637, 0.049103736877441406, 0.048728227615356445, 0.04851984977722168, 0.048635005950927734, 0.049198150634765625, 0.05049490928649902, 0.048911094665527344, 0.04877519607543945, 0.049041032791137695, 0.048655033111572266, 0.04857993125915527, 0.04853391647338867, 0.049150943756103516, 0.050935983657836914, 0.04861712455749512, 0.04875612258911133, 0.04857301712036133, 0.048536062240600586, 0.050065040588378906, 0.049896240234375, 0.049141883850097656, 0.04880571365356445, 0.04863905906677246, 0.04858994483947754, 0.04860711097717285, 0.048673152923583984, 0.0502321720123291, 0.04987001419067383]
