date 2025-01-26T23:42:30.059438
sample_ratio 0.06
rank 1
seed 0
l2_regularization_strength 0
input_shape (100, 100, 100)
input_size 1000000
num_train_samples 60000
num_test_samples 1000000
num_iterations 10
max_num_richardson_iterations None
num_richardson_iterations None
train_mses [4.339213119070026, 4.33251984138039, 4.325556828643243, 4.315938332309912, 4.307684567486312, 4.287836643014373, 4.171518205525165, 2.884645284530646, 0.7609740532531283, 0.10721819435662779, 0.08862249980500801, 0.08716787214747009, 0.08710262470152459, 0.08709834773932497, 0.08709807113728796, 0.08709805743391205, 0.08709805641162234, 0.0870980563569116, 0.08709805635351744, 0.08709805635332452, 0.08709805635331283, 0.08709805635331208, 0.08709805635331205, 0.08709805635331205, 0.08709805635331205, 0.08709805635331204, 0.08709805635331207, 0.08709805635331205, 0.08709805635331205, 0.08709805635331205, 0.08709805635331205]
train_rres [0.9999986340733111, 0.9984561266270431, 0.9968514570625127, 0.9946348147978362, 0.9927326833921928, 0.9881586058310098, 0.9613522989235308, 0.664784435601747, 0.175371200477346, 0.024709099314166295, 0.020423605921472625, 0.02008837793641921, 0.02007334125694949, 0.02007235560442673, 0.020072291859768058, 0.020072288701739903, 0.020072288466146886, 0.020072288453538457, 0.020072288452756253, 0.02007228845271179, 0.020072288452709097, 0.020072288452708923, 0.020072288452708916, 0.020072288452708916, 0.020072288452708916, 0.020072288452708913, 0.02007228845270892, 0.020072288452708916, 0.020072288452708916, 0.020072288452708916, 0.020072288452708916]
test_mses [4.313511077090323, 4.320103201379916, 4.327043919335392, 4.336382978927342, 4.34005187586748, 4.330548550608013, 4.208486307185845, 2.8889410574894, 0.7639449318778238, 0.10781651055057097, 0.08907419141700981, 0.08745693668715636, 0.08739406409077186, 0.08738380229458959, 0.08738412862964352, 0.08738401901287723, 0.08738396544729847, 0.0873839752540095, 0.08738397429370326, 0.08738397387373666, 0.0873839740219047, 0.08738397404469207, 0.08738397404068457, 0.08738397404271044, 0.08738397404342198, 0.08738397404333008, 0.08738397404335219, 0.08738397404336472, 0.0873839740433625, 0.08738397404336264, 0.08738397404336282]
test_rres [1.0000008015020367, 1.0015290529555232, 1.0031381188404676, 1.0053031920048388, 1.006153751981432, 1.0039505971253162, 0.9756529205750938, 0.6697428895743736, 0.1771052700522011, 0.02499508985576812, 0.020650060059713735, 0.020275132072470142, 0.02026055632532278, 0.020258177334235534, 0.020258252988455423, 0.020258227576012474, 0.020258215157910202, 0.020258217431398946, 0.02025821720877126, 0.02025821711141045, 0.020258217145760232, 0.020258217151043024, 0.02025821715011396, 0.02025821715058362, 0.020258217150748575, 0.02025821715072727, 0.020258217150732394, 0.020258217150735305, 0.020258217150734788, 0.020258217150734822, 0.02025821715073486]
step_times_seconds [0.1694650650024414, 0.14093518257141113, 0.13999700546264648, 0.14127397537231445, 0.13990283012390137, 0.13999104499816895, 0.14067625999450684, 0.1401662826538086, 0.13993597030639648, 0.1407947540283203, 0.14020776748657227, 0.1415259838104248, 0.14156293869018555, 0.14034295082092285, 0.14026904106140137, 0.14108490943908691, 0.1402890682220459, 0.1421668529510498, 0.14238905906677246, 0.14125490188598633, 0.14123010635375977, 0.1419377326965332, 0.14106512069702148, 0.1409897804260254, 0.14116311073303223, 0.1404280662536621, 0.14025592803955078, 0.1411421298980713, 0.1402590274810791, 0.14183783531188965, 0.14180397987365723]
