date 2025-01-26T23:42:30.059438
sample_ratio 1.0
rank 16
seed 0
l2_regularization_strength 0
input_shape (100, 100, 100)
input_size 1000000
num_train_samples 1000000
num_test_samples 1000000
num_iterations 10
max_num_richardson_iterations None
num_richardson_iterations None
train_mses [4.31354171880429, 4.305276404557638, 3.3891102194357465, 0.05485950093799059, 0.04674117268781328, 0.036582724008031774, 0.03378595447502588, 0.03181590503311285, 0.030369728596900698, 0.029009709154920266, 0.02798619584473812, 0.027139186124420414, 0.026198888258297727, 0.02547095062191626, 0.024833789381058922, 0.02412640880164557, 0.023572366719725055, 0.02308916934522656, 0.022561683263783595, 0.022118443823960873, 0.021724354583865263, 0.021290628432750872, 0.0208969674642118, 0.02054417937821215, 0.02014628473989833, 0.019767209363006296, 0.019428157140027796, 0.01902669261554994, 0.018638803692893464, 0.0182938099231253, 0.01786800395730457]
train_rres [1.0000079051672366, 0.9980917582688975, 0.7856970517160734, 0.012718072105890554, 0.01083600095504743, 0.00848096890800996, 0.007832594132881544, 0.007375877786104346, 0.007040610860975449, 0.006725317702401671, 0.006488036723579992, 0.006291674552703391, 0.00607368540118193, 0.005904927698508776, 0.005757214677687425, 0.005593222715284145, 0.005464779199993557, 0.005352759605480746, 0.005230472564878094, 0.005127716413993459, 0.005036354748539068, 0.00493580406233581, 0.004844541683029557, 0.004762754859614699, 0.0046705109891073395, 0.004582629985918302, 0.004504027546126203, 0.00441095606929965, 0.00432103182275943, 0.00424105195482454, 0.004142337404312174]
test_mses [4.313541718804291, 4.305276404557637, 3.3891102194357465, 0.05485950093799065, 0.04674117268781328, 0.03658272400803175, 0.033785954475025894, 0.03181590503311284, 0.030369728596900715, 0.029009709154920252, 0.02798619584473812, 0.02713918612442041, 0.026198888258297727, 0.025470950621916264, 0.02483378938105891, 0.02412640880164558, 0.02357236671972506, 0.02308916934522656, 0.022561683263783588, 0.022118443823960884, 0.02172435458386525, 0.021290628432750872, 0.020896967464211796, 0.02054417937821215, 0.02014628473989831, 0.0197672093630063, 0.01942815714002779, 0.019026692615549956, 0.018638803692893464, 0.0182938099231253, 0.017868003957304566]
test_rres [1.0000079051672364, 0.9980917582688968, 0.7856970517160731, 0.01271807210589056, 0.010836000955047425, 0.008480968908009952, 0.007832594132881544, 0.00737587778610434, 0.00704061086097545, 0.006725317702401665, 0.006488036723579989, 0.006291674552703387, 0.006073685401181928, 0.005904927698508774, 0.005757214677687419, 0.0055932227152841445, 0.005464779199993556, 0.005352759605480743, 0.0052304725648780895, 0.005127716413993459, 0.005036354748539062, 0.004935804062335809, 0.004844541683029555, 0.004762754859614697, 0.004670510989107333, 0.004582629985918301, 0.0045040275461262, 0.004410956069299652, 0.004321031822759429, 0.004241051954824538, 0.004142337404312172]
step_times_seconds [2.725529909133911, 2.5461928844451904, 2.574709892272949, 2.657686948776245, 2.6865060329437256, 2.673218250274658, 2.6903679370880127, 2.657120943069458, 2.656519889831543, 2.6534640789031982, 2.647217035293579, 2.652949810028076, 2.637960910797119, 2.6191940307617188, 2.6301920413970947, 2.632704019546509, 2.6228320598602295, 2.6169321537017822, 2.636847972869873, 2.6224701404571533, 2.624889850616455, 2.6379899978637695, 2.6250622272491455, 2.6408398151397705, 2.6594579219818115, 2.640324831008911, 2.6431431770324707, 2.6493911743164062, 2.6557209491729736, 2.6528878211975098, 2.664536952972412]
