date 2025-01-26T23:42:30.059438
sample_ratio 0.08
rank 8
seed 0
l2_regularization_strength 0
input_shape (100, 100, 100)
input_size 1000000
num_train_samples 80000
num_test_samples 1000000
num_iterations 10
max_num_richardson_iterations None
num_richardson_iterations None
train_mses [4.331167741645858, 4.279189423767317, 4.108282528725126, 1.3213403738885348, 0.20268598322946538, 0.0831196815147231, 0.07190454386263334, 0.06351727500759698, 0.0588641543691968, 0.05604262821318156, 0.0534559560514502, 0.05078844566455122, 0.04879127803019203, 0.04712653457481257, 0.04582458206392124, 0.04466461749288012, 0.043664842759500985, 0.04295397583151297, 0.042219273774391525, 0.04162537772475354, 0.04116548713201408, 0.04072156361869742, 0.04033675002992195, 0.04000688734619069, 0.03971121253993883, 0.0394399670556918, 0.03919604032211078, 0.03898617024888662, 0.03878818727943373, 0.038605480748562813, 0.03845118502536381]
train_rres [0.9999968499888692, 0.9879958938387596, 0.9485362453379088, 0.30507620357126536, 0.04679692795489399, 0.01919099527999705, 0.01660160068868539, 0.014665115441439126, 0.013590784854729922, 0.01293933992429085, 0.01234211899728461, 0.011726233826511265, 0.011265119997080133, 0.010880757554727243, 0.010580157696354711, 0.0103123405656566, 0.01008150868757799, 0.009917380967029548, 0.009747750099183595, 0.00961062906987127, 0.009504447741529502, 0.00940195295457305, 0.009313105696844317, 0.009236945717749447, 0.009168679168746988, 0.009106052956602715, 0.009049734203841503, 0.009001278585253214, 0.008955567507406781, 0.008913383513102769, 0.008877759116549814]
test_mses [4.313515546607295, 4.336606660953408, 4.237498708572426, 1.3540475773675313, 0.20577154486320587, 0.08568147669430985, 0.07488003074049043, 0.06683269919665852, 0.06202318050475808, 0.05925893891006362, 0.056676925955506066, 0.05377039229466533, 0.05176498965191515, 0.05009747933678447, 0.04866320740500095, 0.04743085120713889, 0.04644479148148179, 0.04565692774811487, 0.044815789080213116, 0.04423363124182486, 0.04375000375279356, 0.043215776325911684, 0.04282600708408142, 0.042499192762951346, 0.04214184906579119, 0.04185590660632872, 0.04162428177508524, 0.04137492670969624, 0.04115932293225694, 0.04099081861120932, 0.04081130525021158]
test_rres [1.0000018376696678, 1.0053550481844915, 0.9823788624172669, 0.31390870185333924, 0.04770399475323044, 0.019863527376399917, 0.01735942934160677, 0.015493817349435219, 0.014378827156809186, 0.013737993330063956, 0.013139405549042677, 0.01246558416815637, 0.012000671892693472, 0.01161409315860838, 0.011281586053439919, 0.010995889050795534, 0.010767290932380333, 0.010584640569193423, 0.01038963948375666, 0.010254677895717424, 0.010142558587799487, 0.010018708701820613, 0.00992834854109187, 0.009852583212747592, 0.009769740262495358, 0.009703450253373876, 0.009649752694065069, 0.009591944736512354, 0.009541961336355749, 0.00950289699802609, 0.009461280435168171]
step_times_seconds [0.22223997116088867, 0.19066190719604492, 0.18995308876037598, 0.1915128231048584, 0.19012188911437988, 0.18992018699645996, 0.19185590744018555, 0.19039320945739746, 0.18999409675598145, 0.19918394088745117, 0.19072723388671875, 0.19269108772277832, 0.1936640739440918, 0.19232392311096191, 0.19304704666137695, 0.19434809684753418, 0.1926560401916504, 0.192612886428833, 0.19399499893188477, 0.19237613677978516, 0.1923661231994629, 0.19469904899597168, 0.19256877899169922, 0.19225382804870605, 0.19398999214172363, 0.19245076179504395, 0.19191884994506836, 0.19420289993286133, 0.19210529327392578, 0.19128203392028809, 0.1936328411102295]
