date 2025-01-26T23:42:30.059438
sample_ratio 0.05
rank 16
seed 0
l2_regularization_strength 0
input_shape (100, 100, 100)
input_size 1000000
num_train_samples 50000
num_test_samples 1000000
num_iterations 10
max_num_richardson_iterations None
num_richardson_iterations None
train_mses [4.333571867045958, 4.190181220158229, 3.981844934743414, 2.6679115051905984, 0.7155860162841416, 0.09969805322182344, 0.074669137508153, 0.05850666233926766, 0.05026231594388506, 0.044961757718633595, 0.04115936273007989, 0.03768197058153928, 0.03412620761201585, 0.03091275635422894, 0.02787329385344231, 0.02487796071603497, 0.022163296673517283, 0.01995916050534797, 0.017988279123276437, 0.016507130121434378, 0.015400713352397306, 0.014401781145657516, 0.013532392805526795, 0.01279347037495198, 0.012021300233965169, 0.011322706982993957, 0.010667405638720154, 0.009974184806613716, 0.009370438681983203, 0.008768007133619214, 0.00818970462178812]
train_rres [1.000004935925708, 0.9669164447104803, 0.9188412494353045, 0.6156410359988361, 0.16512696000386115, 0.02300609021443744, 0.017230476004628483, 0.01350086093384405, 0.0115984147896928, 0.010375270337256087, 0.009497838538834142, 0.008695403637700185, 0.007874884068717213, 0.007133355551887956, 0.0064319762747930016, 0.0057407801866591265, 0.005114350644197605, 0.00460572932320768, 0.004150933332587798, 0.0038091468437224034, 0.003553832690831187, 0.003323321424826525, 0.0031227033993177855, 0.0029521913827847044, 0.002774007202147676, 0.0026128014530315763, 0.0024615856433260245, 0.002301619621055922, 0.002162300573582022, 0.0020232848746611193, 0.0018898371359292497]
test_mses [4.313541718804291, 4.447435921815946, 4.51717163562513, 3.1234458892306174, 0.8128808874870012, 0.10861775318844065, 0.0850886182325421, 0.06901285087959742, 0.06089099878619815, 0.055499966529624654, 0.05130107936355347, 0.047162162802961594, 0.0427254449724445, 0.03851103052923702, 0.0344905725753694, 0.03075785162775675, 0.02743621095463716, 0.024675051791526414, 0.02217271469293147, 0.020401394797410485, 0.019009422765969994, 0.017763660928912305, 0.016720850440239705, 0.015800149162202775, 0.014855600931350346, 0.01397537704511033, 0.013143251696099346, 0.012301881203524491, 0.01153692243749655, 0.010765653184469893, 0.010069133225997501]
test_rres [1.0000079051672364, 1.0310485836157661, 1.0472154065255013, 0.724108119083765, 0.1884500872920018, 0.025180841848923493, 0.019726085064012272, 0.01599924167578366, 0.014116353592751573, 0.012866551173991275, 0.011893123621251533, 0.010933599047424815, 0.00990503523774329, 0.008928007998042291, 0.007995945670064022, 0.007130589380793983, 0.006360533786625447, 0.005720414559657335, 0.005140298023614689, 0.004729653125854896, 0.004406952401959256, 0.004118147571445486, 0.0038763929298436944, 0.0036629468531960974, 0.003443972340083938, 0.003239910132752131, 0.0030469986040485915, 0.0028519437747232044, 0.002674603467610801, 0.0024958002009872705, 0.0023343260551495844]
step_times_seconds [0.14283394813537598, 0.1228330135345459, 0.12275099754333496, 0.12364912033081055, 0.12262701988220215, 0.12223005294799805, 0.12297987937927246, 0.12233495712280273, 0.12162303924560547, 0.12323617935180664, 0.12249016761779785, 0.12231111526489258, 0.12299013137817383, 0.12241482734680176, 0.1218869686126709, 0.12325096130371094, 0.12245297431945801, 0.12251710891723633, 0.12370896339416504, 0.12284374237060547, 0.12386322021484375, 0.1240849494934082, 0.12324190139770508, 0.12396621704101562, 0.12443184852600098, 0.1227579116821289, 0.12254691123962402, 0.12327885627746582, 0.12246012687683105, 0.12244725227355957, 0.12338376045227051]
