date 2025-01-26T23:42:30.059438
sample_ratio 0.09
rank 1
seed 0
l2_regularization_strength 0
input_shape (100, 100, 100)
input_size 1000000
num_train_samples 90000
num_test_samples 1000000
num_iterations 10
max_num_richardson_iterations None
num_richardson_iterations None
train_mses [4.329801338176026, 4.325684533088238, 4.321155721053997, 4.31271577801867, 4.251625155191374, 3.3199107067687454, 0.783698621560553, 0.09871151665710191, 0.08783756522088321, 0.08706224402526289, 0.08704777152352991, 0.08704629352589181, 0.08704625442159532, 0.08704625172641857, 0.08704625161510193, 0.08704625160974909, 0.08704625160950043, 0.0870462516094879, 0.08704625160948737, 0.08704625160948734, 0.08704625160948733, 0.08704625160948734, 0.08704625160948733, 0.08704625160948735, 0.08704625160948735, 0.08704625160948735, 0.08704625160948734, 0.08704625160948734, 0.08704625160948734, 0.08704625160948737, 0.08704625160948737]
train_rres [0.9999982902648783, 0.9990474849674521, 0.9980015237471896, 0.9960522591167678, 0.9819429470243457, 0.7667568951325962, 0.18100074817142434, 0.022798124019273863, 0.020286707906768623, 0.020107641984461654, 0.020104299457666897, 0.020103958103642617, 0.020103949072228337, 0.020103948449758175, 0.02010394842404881, 0.02010394842281253, 0.0201039484227551, 0.020103948422752205, 0.020103948422752083, 0.02010394842275208, 0.020103948422752076, 0.02010394842275208, 0.020103948422752076, 0.020103948422752083, 0.020103948422752083, 0.020103948422752083, 0.02010394842275208, 0.02010394842275208, 0.02010394842275208, 0.020103948422752083, 0.020103948422752083]
test_mses [4.313511077090323, 4.317454831509494, 4.321201803433914, 4.321530139781178, 4.26064205853194, 3.316189838000718, 0.7849753671651117, 0.09911151240069761, 0.0880001649837071, 0.08725218099048675, 0.08724000020508371, 0.08723613184320884, 0.08723645095693863, 0.08723647508592411, 0.08723645514019279, 0.08723645647821278, 0.087236456059543, 0.0872364560080543, 0.0872364560193272, 0.0872364560103856, 0.08723645601071657, 0.08723645601100476, 0.0872364560108957, 0.08723645601089693, 0.08723645601090053, 0.08723645601089956, 0.08723645601089951, 0.08723645601089956, 0.08723645601089958, 0.08723645601089958, 0.08723645601089959]
test_rres [1.0000008015020367, 1.0009150816579506, 1.0017837417496163, 1.0018598599291126, 0.9877441827086356, 0.7687919276587469, 0.18198075356606536, 0.022977011086205982, 0.020401068629080484, 0.02022766358169259, 0.020224839711544058, 0.02022394290963345, 0.020224016889734544, 0.02022402248355461, 0.0202240178595379, 0.02022401816973093, 0.020224018072670758, 0.02022401806073414, 0.020224018063347532, 0.020224018061274607, 0.020224018061351334, 0.020224018061418145, 0.020224018061392863, 0.020224018061393147, 0.020224018061393984, 0.020224018061393758, 0.020224018061393744, 0.020224018061393758, 0.02022401806139376, 0.02022401806139376, 0.020224018061393765]
step_times_seconds [0.26785898208618164, 0.21048283576965332, 0.209608793258667, 0.21122097969055176, 0.20974206924438477, 0.20909380912780762, 0.20966601371765137, 0.2098379135131836, 0.212432861328125, 0.21195697784423828, 0.21079492568969727, 0.21050786972045898, 0.2111799716949463, 0.2094438076019287, 0.2100541591644287, 0.2107231616973877, 0.2096560001373291, 0.20969200134277344, 0.21076297760009766, 0.20975589752197266, 0.20984888076782227, 0.21064400672912598, 0.2098691463470459, 0.20983195304870605, 0.212324857711792, 0.2109062671661377, 0.20971202850341797, 0.21100687980651855, 0.2102060317993164, 0.2100391387939453, 0.21070432662963867]
