date 2025-01-26T23:42:30.059438
sample_ratio 0.08
rank 1
seed 0
l2_regularization_strength 0
input_shape (100, 100, 100)
input_size 1000000
num_train_samples 80000
num_test_samples 1000000
num_iterations 10
max_num_richardson_iterations None
num_richardson_iterations None
train_mses [4.331172369216616, 4.3260656048286705, 4.320617554174723, 4.310141391837041, 4.229756788588855, 3.2874039251273395, 0.64723637360229, 0.09957677472976073, 0.08763362703094835, 0.08693529306349453, 0.08691792529209649, 0.0869164502721395, 0.08691640058492238, 0.08691639790012456, 0.0869163977380997, 0.08691639773147551, 0.08691639773108764, 0.08691639773106684, 0.08691639773106584, 0.08691639773106577, 0.08691639773106577, 0.08691639773106576, 0.08691639773106576, 0.08691639773106577, 0.08691639773106576, 0.08691639773106577, 0.08691639773106578, 0.08691639773106576, 0.08691639773106578, 0.08691639773106577, 0.08691639773106577]
train_rres [0.9999979184204002, 0.9988188488007969, 0.9975609816810032, 0.9951422045837963, 0.976582694809362, 0.7590086013429633, 0.14943645072369277, 0.022990672955089147, 0.020233192573314376, 0.020071958511428636, 0.02006794857283347, 0.020067608014490163, 0.020067596542512268, 0.020067595922635708, 0.020067595885226778, 0.02006759588369736, 0.020067595883607806, 0.020067595883603004, 0.020067595883602775, 0.020067595883602758, 0.020067595883602758, 0.020067595883602754, 0.020067595883602754, 0.020067595883602758, 0.020067595883602754, 0.020067595883602758, 0.02006759588360276, 0.020067595883602754, 0.02006759588360276, 0.020067595883602758, 0.020067595883602758]
test_mses [4.313511077090323, 4.318421585778835, 4.322754796044125, 4.322142722782383, 4.239656510673723, 3.2857905664733438, 0.6518196331729937, 0.10029651129129945, 0.08799444227447156, 0.08728135523948974, 0.08727164148051761, 0.08726860780423402, 0.0872687005150996, 0.0872688145006277, 0.08726879819655657, 0.08726879622505312, 0.08726879671012308, 0.08726879662432051, 0.08726879659369081, 0.08726879659372838, 0.08726879659320623, 0.08726879659322855, 0.0872687965932228, 0.08726879659321703, 0.08726879659322188, 0.08726879659322233, 0.08726879659322229, 0.08726879659322238, 0.08726879659322238, 0.0872687965932224, 0.08726879659322238]
test_rres [1.0000008015020367, 1.0011392041945382, 1.0021437718566872, 1.0020018749793218, 0.9828791054425464, 0.7617444678634291, 0.15111127430961468, 0.023251729249484748, 0.020399741934023944, 0.020234427044649988, 0.020232175104969264, 0.020231471808128048, 0.02023149330127788, 0.0202315197265304, 0.02023151594675937, 0.020231515489705944, 0.020231515602159657, 0.020231515582268055, 0.02023151557516718, 0.020231515575175888, 0.02023151557505484, 0.020231515575060012, 0.02023151557505868, 0.020231515575057344, 0.020231515575058465, 0.02023151557505857, 0.020231515575058562, 0.020231515575058583, 0.020231515575058583, 0.020231515575058586, 0.020231515575058583]
step_times_seconds [0.23645424842834473, 0.18691301345825195, 0.18584513664245605, 0.18813300132751465, 0.1867368221282959, 0.18629121780395508, 0.18670415878295898, 0.18593811988830566, 0.18620896339416504, 0.1871950626373291, 0.18646717071533203, 0.188370943069458, 0.1880025863647461, 0.18707895278930664, 0.18714690208435059, 0.18826699256896973, 0.18726587295532227, 0.18693876266479492, 0.18807315826416016, 0.18741774559020996, 0.18694281578063965, 0.18803811073303223, 0.18709087371826172, 0.18695783615112305, 0.18814992904663086, 0.18708372116088867, 0.18839693069458008, 0.1889951229095459, 0.18704891204833984, 0.18680691719055176, 0.18799710273742676]
