date 2025-01-26T23:42:30.059438
sample_ratio 0.04
rank 8
seed 0
l2_regularization_strength 0
input_shape (100, 100, 100)
input_size 1000000
num_train_samples 40000
num_test_samples 1000000
num_iterations 10
max_num_richardson_iterations None
num_richardson_iterations None
train_mses [4.340353020618857, 4.242402790492616, 4.0759986376833215, 2.4139408192540612, 0.5935270747406338, 0.0937168993511987, 0.07940374040387867, 0.07190539804821851, 0.06753240444002498, 0.06489119054059402, 0.06286206338045938, 0.061098574854535785, 0.05955951737825609, 0.057919684865324714, 0.056567238758596365, 0.05536428430101267, 0.05429017856961925, 0.05334521398945144, 0.05239220670917836, 0.05143095371818134, 0.05042111654464988, 0.04926968717424114, 0.048110217234446265, 0.04712379767826662, 0.04625225238115673, 0.04549703619155291, 0.04490392940996537, 0.04437200463230558, 0.043758781030632916, 0.04321950476044385, 0.042616329283905324]
train_rres [1.0000008239686835, 0.9774334635791366, 0.9390945798223084, 0.5561627814139217, 0.13674638006834977, 0.021592017083814648, 0.018294319713826536, 0.01656673016098636, 0.015559209069814886, 0.014950683435341975, 0.014483180257044613, 0.014076879209501833, 0.013722286221995159, 0.013344475049421873, 0.013032876611535188, 0.012755720480901149, 0.012508250606602822, 0.012290534362255884, 0.01207096511040149, 0.011849496078165416, 0.011616833435101953, 0.011351548488536407, 0.01108441102537299, 0.010857143712259869, 0.010656342991420887, 0.010482344054401098, 0.010345694508276302, 0.010223141063102088, 0.01008185667815999, 0.009957609477074275, 0.009818640141937056]
test_mses [4.313515546607295, 4.385121623415716, 4.375454934447345, 2.635624316593122, 0.6337945225788386, 0.0996876998889859, 0.08672349405156494, 0.08063608522921877, 0.07690070612221812, 0.07460222086253644, 0.07260127072168472, 0.07040555433129388, 0.06869161086592587, 0.06685483931420731, 0.0650944360618726, 0.06362403599578811, 0.062413469911899694, 0.06135783145916969, 0.06022038914378679, 0.05904579576837454, 0.058031377448792346, 0.05654605687968965, 0.05509145170027787, 0.05408046529858107, 0.052949564116457036, 0.052017446969633126, 0.05137846245270727, 0.050659979964400075, 0.04985346534566738, 0.049207308981669085, 0.04847527043476601]
test_rres [1.0000018376696678, 1.016602266629071, 1.0143612391821768, 0.6110164972218503, 0.1469325148908544, 0.02311058856863415, 0.020105098146431886, 0.018693854824547797, 0.017827882294477397, 0.017295024707967444, 0.016831144655532974, 0.01632211196475729, 0.01592476863852818, 0.015498950090466472, 0.015090835996903279, 0.014749953310308907, 0.014469307907405204, 0.014224579360298178, 0.01396088623265412, 0.013688580378824356, 0.01345340789067931, 0.013109066185501153, 0.012771845225757611, 0.012537468358760802, 0.012275291661325152, 0.012059199045064512, 0.011911063334351494, 0.011744497617622878, 0.011557523421720306, 0.011407725062484423, 0.011238016646173306]
step_times_seconds [0.11999797821044922, 0.09774184226989746, 0.09726381301879883, 0.0978708267211914, 0.0968019962310791, 0.09654593467712402, 0.09734201431274414, 0.0969538688659668, 0.09686017036437988, 0.09782695770263672, 0.09695696830749512, 0.09670090675354004, 0.09762883186340332, 0.0967559814453125, 0.0965871810913086, 0.09749317169189453, 0.09676122665405273, 0.09682798385620117, 0.09755492210388184, 0.09693169593811035, 0.09667205810546875, 0.09755396842956543, 0.09682202339172363, 0.0977630615234375, 0.09837579727172852, 0.09742307662963867, 0.09706377983093262, 0.09833788871765137, 0.09725284576416016, 0.09701991081237793, 0.09813213348388672]
