date 2025-01-26T23:42:30.059438
sample_ratio 0.09
rank 16
seed 0
l2_regularization_strength 0
input_shape (100, 100, 100)
input_size 1000000
num_train_samples 90000
num_test_samples 1000000
num_iterations 10
max_num_richardson_iterations None
num_richardson_iterations None
train_mses [4.329815014480814, 4.252896652473459, 4.05879452987903, 1.6646272114050529, 0.23163342028541226, 0.07905836269486802, 0.05901788335034304, 0.04399994525795923, 0.034877306127667325, 0.030376737212512727, 0.027623710945728065, 0.02478090211885825, 0.022624422814236034, 0.02087015739068557, 0.019320823628638538, 0.01829490434588727, 0.017434304909076204, 0.0165962697389184, 0.015897516351068473, 0.015339379180692158, 0.014747601553510185, 0.014203334081156175, 0.013643839364553873, 0.01297080853932713, 0.012408909303163506, 0.011926267459784392, 0.011508223477616717, 0.011170831359619524, 0.010829287159856937, 0.01055084829863788, 0.010282607847649191]
train_rres [1.0000014489043485, 0.9822366083286069, 0.9374073481452796, 0.38445744627042994, 0.05349737924724188, 0.0182590888937442, 0.013630598227459769, 0.010162099041764091, 0.008055160912164273, 0.007015722640322046, 0.006379891722269186, 0.0057233248859678044, 0.005225270714613549, 0.004820110688273805, 0.004462281080842126, 0.004225337755139055, 0.0040265762189396785, 0.0038330260599634064, 0.0036716440152479153, 0.0035427382820475296, 0.003406063047047424, 0.0032803606188547083, 0.003151141350736918, 0.002995700114071352, 0.0028659255051278684, 0.002754455952487211, 0.002657905733488179, 0.0025799826338366444, 0.002501100581489099, 0.002436793154100375, 0.0023748411217973018]
test_mses [4.313541718804291, 4.375321901334672, 4.326120325107196, 1.7797555136605783, 0.24286251699841319, 0.08296154969419908, 0.06342535749074515, 0.04822930284800189, 0.03819828587356531, 0.03357297344342813, 0.03079360056839656, 0.027494243341409215, 0.025138787840417814, 0.02322183935356128, 0.02142489093741627, 0.020276564831063576, 0.019373395138652206, 0.018401650259026486, 0.017621112708064865, 0.017037571915578163, 0.01633611409368006, 0.015729864532499964, 0.015135995386798535, 0.014334415557285983, 0.013707946843801366, 0.013195719348385714, 0.012720754303926936, 0.012339168105881515, 0.011968294001125554, 0.011664543442293908, 0.011358446435310308]
test_rres [1.0000079051672364, 1.0143303981302074, 1.002924002091501, 0.4126005261910169, 0.05630279076900809, 0.0192329669972731, 0.014703893694201881, 0.011180994007419922, 0.008855504438703305, 0.007783218763606693, 0.0071388770537948775, 0.006373987428507428, 0.005827922437181926, 0.0053835164790111325, 0.004966930124116468, 0.004700713808401564, 0.004491332077333204, 0.004266052568108735, 0.004085100632988037, 0.003949818434851325, 0.0037871995446754026, 0.0036466527751747436, 0.0035089761560412294, 0.0033231459917841518, 0.003177911818414844, 0.003059162174143023, 0.002949051079803464, 0.0028605879932208887, 0.002774608290054696, 0.002704189831203019, 0.0026332273955327595]
step_times_seconds [0.2492809295654297, 0.24675703048706055, 0.23081493377685547, 0.2324528694152832, 0.24100708961486816, 0.22987079620361328, 0.24691987037658691, 0.23044300079345703, 0.24760723114013672, 0.23639297485351562, 0.23185396194458008, 0.23159098625183105, 0.2524688243865967, 0.231126070022583, 0.2314610481262207, 0.24985194206237793, 0.23131299018859863, 0.23228859901428223, 0.24533724784851074, 0.2301499843597412, 0.24582314491271973, 0.23256993293762207, 0.23178696632385254, 0.24086618423461914, 0.2362818717956543, 0.2315351963043213, 0.23200106620788574, 0.2351531982421875, 0.24095678329467773, 0.23107004165649414, 0.248931884765625]
