date 2025-01-26T23:42:30.059438
sample_ratio 0.01
rank 4
seed 0
l2_regularization_strength 0
input_shape (100, 100, 100)
input_size 1000000
num_train_samples 10000
num_test_samples 1000000
num_iterations 10
max_num_richardson_iterations None
num_richardson_iterations None
train_mses [4.338997692213612, 4.176908936946276, 4.016131535412946, 3.8230641322075383, 3.600976554564032, 2.882548463573249, 1.4656607108678923, 0.25073910117380177, 0.10967694435201109, 0.0833753600515099, 0.07843067135187586, 0.0759336182418393, 0.07448148520946836, 0.07342626163665501, 0.07264933321766005, 0.07208979573980667, 0.07161423592685617, 0.07122771467392243, 0.07088673356910957, 0.0705701775721316, 0.07030602906505536, 0.07006940164176656, 0.06985447637784718, 0.06968582054504469, 0.06952750571325826, 0.06938284658450124, 0.06926120037435941, 0.06914464066980036, 0.06903269241254531, 0.06892578577290177, 0.06882455081758207]
train_rres [1.0000147427192991, 0.9626579252249661, 0.9256033372223147, 0.8811068282957472, 0.8299220000076686, 0.6643448936027232, 0.3377928320456419, 0.05778818416980238, 0.025277395626468035, 0.019215633458542738, 0.01807602427952312, 0.017500525028193558, 0.01716584993874455, 0.01692265111622111, 0.016743591359073332, 0.016614633989964454, 0.016505031068338394, 0.016415948985625674, 0.01633736260324214, 0.016264405508924655, 0.01620352684060511, 0.01614899099417101, 0.016099456874139582, 0.016060586533288568, 0.016024099497109305, 0.015990759709516064, 0.015962723740804662, 0.015935860066003626, 0.01591005919778061, 0.015885420278075726, 0.015862088519227387]
test_mses [4.3135209949157085, 4.488760767101148, 4.66598748544228, 4.79205371623308, 4.760758294164468, 3.8813359470176723, 1.8830467024623878, 0.33422882970959683, 0.13443683360802056, 0.10420270256854608, 0.10287939155987365, 0.1043033113005843, 0.10567253411813518, 0.10731104119955726, 0.10847722603531518, 0.10943616403142659, 0.11074128665372726, 0.11146740827123487, 0.11233775828598563, 0.11338319625333763, 0.11402938319322586, 0.11485640594011177, 0.11563777974113705, 0.11611911170156508, 0.11685620959133566, 0.11745544655662346, 0.11786306162184788, 0.1186014229021287, 0.119084870902148, 0.1195373913865031, 0.12036622246308151]
test_rres [1.0000031007504118, 1.0406289179811123, 1.0817153687218986, 1.1109412892261248, 1.1036860749487878, 0.8998096883373473, 0.436546511200422, 0.07748423305780372, 0.031166476440371373, 0.024157301146312198, 0.0238505180998197, 0.02418062525766331, 0.02449805203378959, 0.024877906951374287, 0.025148263454375108, 0.025370573945194343, 0.02567314038006241, 0.025841477075278542, 0.026043250224062283, 0.026285613993759116, 0.02643541944140022, 0.02662714803441086, 0.026808293837292406, 0.026919880973065163, 0.02709076229628023, 0.02722968333644171, 0.027324180692457237, 0.027495354907356193, 0.027607432604356098, 0.027712340378780183, 0.02790448819666577]
step_times_seconds [0.03691506385803223, 0.026047229766845703, 0.025665998458862305, 0.025845050811767578, 0.02567911148071289, 0.02607274055480957, 0.025601863861083984, 0.02580404281616211, 0.025763988494873047, 0.026148080825805664, 0.02620410919189453, 0.026731014251708984, 0.026508092880249023, 0.025888919830322266, 0.025590181350708008, 0.025895357131958008, 0.02615809440612793, 0.02579212188720703, 0.02556920051574707, 0.025814056396484375, 0.02563023567199707, 0.02581024169921875, 0.025537967681884766, 0.025801897048950195, 0.02552485466003418, 0.025809288024902344, 0.025547027587890625, 0.025765180587768555, 0.02554488182067871, 0.025804996490478516, 0.025555849075317383]
