date 2025-01-26T23:42:30.059438
sample_ratio 0.08
rank 2
seed 0
l2_regularization_strength 0
input_shape (100, 100, 100)
input_size 1000000
num_train_samples 80000
num_test_samples 1000000
num_iterations 10
max_num_richardson_iterations None
num_richardson_iterations None
train_mses [4.331187657716132, 4.319008388330416, 4.295994543111372, 3.773933598695647, 1.684656283967013, 0.13707743564786584, 0.09070081315835825, 0.08358967388205528, 0.08218426180586463, 0.08142815735656228, 0.08104279025329644, 0.08064089688392398, 0.08019528879175335, 0.07993677362554512, 0.07968031689415844, 0.07942395809643901, 0.0792762466016153, 0.07913023688161414, 0.07900196987696056, 0.07891955317730664, 0.07883738927525173, 0.07877098231024095, 0.07872197639050788, 0.07867295968659152, 0.07863386620264351, 0.07860189108934516, 0.07856958248680784, 0.07854332529161559, 0.07852032414526548, 0.07849687396202917, 0.0784773618824742]
train_rres [1.000001448288618, 0.9971894512136088, 0.9918759251398231, 0.8713404642528809, 0.3889599936484552, 0.031648971369630685, 0.02094135643320079, 0.019299508945337655, 0.01897502194022506, 0.018800449604848918, 0.0187114745495423, 0.018618683845654405, 0.018515800116581643, 0.01845611312976816, 0.018396901402390534, 0.018337712286318815, 0.018303608082015997, 0.018269896790101582, 0.01824028200529938, 0.01822125331720496, 0.018202282996003204, 0.018186950697697234, 0.018175636020389154, 0.01816431885318691, 0.01815529279759751, 0.018147910259103575, 0.01814045072331737, 0.018134388359989966, 0.01812907776588042, 0.0181236634963885, 0.018119158471587894]
test_mses [4.313504392026129, 4.32320748188211, 4.321535904568415, 3.7880175004292203, 1.6863184179439976, 0.13734381337387375, 0.09161032355874522, 0.08444102592485009, 0.08285659648231532, 0.08201671296285443, 0.0816797669857062, 0.08126244352363841, 0.0807966941328128, 0.0806176332217348, 0.08039881597205882, 0.08014160501586468, 0.08006908958654568, 0.07996422271000475, 0.07984011319150668, 0.07980876192063292, 0.07975874052880547, 0.07969860287609516, 0.0796802036292961, 0.07965354205046188, 0.0796204499004101, 0.07960675078071384, 0.07958944825960738, 0.07956760812474056, 0.07955614191690062, 0.07954313951060041, 0.07952631106826814]
test_rres [0.9999992517043353, 1.0022487179650255, 1.0018611963791078, 0.8781756830651677, 0.39093901450443247, 0.03184040124173396, 0.021238011296913578, 0.019575953810106836, 0.01920863570563428, 0.019013925601123364, 0.018935811452071866, 0.018839063399477347, 0.01873108876911222, 0.01868957709766974, 0.018638848718595755, 0.018579219530736393, 0.018562408286683867, 0.018538097010158135, 0.01850932471405085, 0.01850205655235112, 0.018490460098551483, 0.018476518393097156, 0.018472252897722915, 0.018466071946816088, 0.01845840019728681, 0.018455224331865045, 0.018451213090288233, 0.018446149894209354, 0.018443491684499165, 0.018440477338067845, 0.018436576002121435]
step_times_seconds [0.22257113456726074, 0.1879439353942871, 0.18743014335632324, 0.1893019676208496, 0.18792295455932617, 0.18741893768310547, 0.18900084495544434, 0.18741106986999512, 0.18764591217041016, 0.1890580654144287, 0.18761396408081055, 0.18949484825134277, 0.19025492668151855, 0.1889197826385498, 0.1885530948638916, 0.19048118591308594, 0.18874096870422363, 0.19028401374816895, 0.19048428535461426, 0.18903112411499023, 0.18881702423095703, 0.19105315208435059, 0.18932294845581055, 0.1906290054321289, 0.1915738582611084, 0.18856024742126465, 0.1888272762298584, 0.19061827659606934, 0.18922090530395508, 0.18863773345947266, 0.1903989315032959]
