date 2025-01-26T23:42:30.059438
sample_ratio 0.07
rank 1
seed 0
l2_regularization_strength 0
input_shape (100, 100, 100)
input_size 1000000
num_train_samples 70000
num_test_samples 1000000
num_iterations 10
max_num_richardson_iterations None
num_richardson_iterations None
train_mses [4.330818207679204, 4.325182346973833, 4.319931382171623, 4.3123837473466455, 4.29288773197675, 4.085772648875386, 2.5220005467791013, 0.31452847075518736, 0.0963379322527922, 0.08740001918286742, 0.08701099165358483, 0.0869908057258502, 0.0869897479929183, 0.0869896982304197, 0.0869896957012236, 0.08698969556615029, 0.08698969555926596, 0.0869896955588987, 0.0869896955588793, 0.08698969555887813, 0.08698969555887807, 0.08698969555887807, 0.08698969555887807, 0.08698969555887806, 0.08698969555887806, 0.08698969555887805, 0.08698969555887806, 0.08698969555887805, 0.08698969555887807, 0.08698969555887807, 0.08698969555887809]
train_rres [0.9999982594361934, 0.9986969231469437, 0.9974844604180164, 0.9957416900393258, 0.9912400045607556, 0.9434165419556756, 0.5823371095568832, 0.072625519755276, 0.02224470295235494, 0.020180913367036275, 0.020091085802474564, 0.020086424814265928, 0.020086180580719256, 0.020086169090416592, 0.02008616850641801, 0.020086168475229194, 0.020086168473639587, 0.020086168473554784, 0.020086168473550305, 0.020086168473550034, 0.020086168473550024, 0.020086168473550024, 0.020086168473550024, 0.02008616847355002, 0.02008616847355002, 0.020086168473550017, 0.02008616847355002, 0.020086168473550017, 0.020086168473550024, 0.020086168473550024, 0.020086168473550024]
test_mses [4.313511077090323, 4.319012028797836, 4.323820981319918, 4.328713321577269, 4.3149827783097585, 4.113986135055278, 2.521579177231304, 0.3182749542039379, 0.096499472090858, 0.08771112411869715, 0.0873324211859061, 0.08731997419452926, 0.08732118096777546, 0.08732133529345912, 0.0873213378012305, 0.08732134740616943, 0.08732135101126932, 0.08732135011841224, 0.08732135024648159, 0.08732135027920772, 0.08732135025981533, 0.0873213502606604, 0.08732135026088728, 0.08732135026063377, 0.08732135026062475, 0.08732135026062744, 0.08732135026062507, 0.08732135026062482, 0.08732135026062485, 0.08732135026062486, 0.08732135026062485]
test_rres [1.0000008015020367, 1.0012760865350934, 1.0023909454726323, 1.0035251361797237, 1.0003419858348703, 0.9537449559996571, 0.5845774250296075, 0.07378564784320765, 0.022371462066691886, 0.020334060316939608, 0.020246265657425794, 0.020243380072775454, 0.020243659838885205, 0.020243695616191583, 0.02024369619756795, 0.02024369842427989, 0.0202436992600498, 0.020243699053058846, 0.020243699082749148, 0.02024369909033604, 0.020243699085840307, 0.02024369908603622, 0.020243699086088817, 0.020243699086030045, 0.020243699086027956, 0.020243699086028577, 0.02024369908602803, 0.02024369908602797, 0.020243699086027977, 0.02024369908602798, 0.020243699086027977]
step_times_seconds [0.21646904945373535, 0.16782498359680176, 0.16411399841308594, 0.16436195373535156, 0.16525578498840332, 0.16358590126037598, 0.16511988639831543, 0.1631479263305664, 0.16232776641845703, 0.16359376907348633, 0.1656341552734375, 0.16311192512512207, 0.16306591033935547, 0.16271686553955078, 0.16434407234191895, 0.1646430492401123, 0.1662147045135498, 0.1633319854736328, 0.16418099403381348, 0.16447997093200684, 0.16449999809265137, 0.16409707069396973, 0.16220712661743164, 0.16461706161499023, 0.16419720649719238, 0.1626288890838623, 0.1626300811767578, 0.16622424125671387, 0.16291403770446777, 0.16295218467712402, 0.16338419914245605]
