date 2025-01-26T23:42:30.059438
sample_ratio 0.08
rank 4
seed 0
l2_regularization_strength 0
input_shape (100, 100, 100)
input_size 1000000
num_train_samples 80000
num_test_samples 1000000
num_iterations 10
max_num_richardson_iterations None
num_richardson_iterations None
train_mses [4.331190754430509, 4.305620752480771, 4.2390812907240045, 2.2014432555294707, 0.6362301024991901, 0.09111832239053337, 0.08479311987984785, 0.08157181246895104, 0.07928642614166198, 0.07746447073455541, 0.07564011496518201, 0.07375807484025357, 0.07245222687620159, 0.07102025931082982, 0.06970997787124585, 0.06891630711397911, 0.06785782798046422, 0.06697107213272831, 0.06641165560744522, 0.06570676399524397, 0.06516989850299228, 0.06480719984657754, 0.06438120504274507, 0.06406826268016834, 0.06385046555816498, 0.06359003949324483, 0.06339752477314221, 0.06326062951608039, 0.06308782191884364, 0.06295680460925653, 0.06286147164237753]
train_rres [1.0000021632700749, 0.9940984617906605, 0.9787355721207637, 0.5082777791751282, 0.14689528005339195, 0.02103775258821504, 0.01957736523692219, 0.01883361725580186, 0.018305958373805237, 0.017885298224717038, 0.01746408387065483, 0.01702955112827577, 0.01672805187252999, 0.016397433632813915, 0.016094910758997685, 0.01591166496836169, 0.015667279190106975, 0.015462541551820965, 0.015333381289165742, 0.015170633172761237, 0.015046679580302261, 0.014962938304151158, 0.014864582967356415, 0.014792329617804571, 0.014742043771369716, 0.014681915588831078, 0.01463746704165799, 0.014605860132388706, 0.014565961642374276, 0.014535711856474424, 0.014513701010378015]
test_mses [4.3135209949157085, 4.3262988420597575, 4.30019190543878, 2.2231312630152535, 0.6456431077905344, 0.09244010560533669, 0.08622839054608694, 0.08323833194617208, 0.08102519496814298, 0.07927705246422247, 0.07739060232714294, 0.07550316625497562, 0.07420232809678273, 0.07276401778457708, 0.07140115822348966, 0.0706205867210325, 0.06955698177129346, 0.06863416097141278, 0.06807206580451752, 0.06738496179478816, 0.06684207125749511, 0.06646822083445647, 0.06606761851563474, 0.0657672981548007, 0.06553508724683446, 0.06529107965874663, 0.06511646064212089, 0.06496631113766563, 0.0647989047226357, 0.06468583674886609, 0.06457987538179755]
test_rres [1.0000031007504118, 1.0029653876571, 0.9969130193939469, 0.5153882776995444, 0.14967937110534069, 0.021430379578073342, 0.019990318354875525, 0.019297133396493582, 0.018784062092789926, 0.0183787904071914, 0.01794145487811571, 0.017503890779816383, 0.017202317611794107, 0.01686887428933381, 0.016552922706257904, 0.016371962900165706, 0.016125387480927875, 0.015911450035762924, 0.015781139574662904, 0.01562184832719308, 0.015495990073274528, 0.015409320370566195, 0.015316448778782655, 0.01524682554235782, 0.015192992112946436, 0.015136423860471933, 0.015095941952934783, 0.015061132809729413, 0.01502232299883183, 0.014996110462832016, 0.014971545450686905]
step_times_seconds [0.22287893295288086, 0.18850374221801758, 0.18768978118896484, 0.19004011154174805, 0.1887369155883789, 0.18810200691223145, 0.19014716148376465, 0.1887979507446289, 0.18848323822021484, 0.19031906127929688, 0.1890113353729248, 0.1901247501373291, 0.191054105758667, 0.18932819366455078, 0.1885671615600586, 0.19095182418823242, 0.1923229694366455, 0.19318604469299316, 0.19186186790466309, 0.19107985496520996, 0.18943095207214355, 0.19114327430725098, 0.18946099281311035, 0.18909478187561035, 0.19114899635314941, 0.18965816497802734, 0.1890580654144287, 0.19057416915893555, 0.18946099281311035, 0.1885671615600586, 0.19103217124938965]
