date 2025-01-26T23:42:30.059438
sample_ratio 0.01
rank 8
seed 0
l2_regularization_strength 0
input_shape (100, 100, 100)
input_size 1000000
num_train_samples 10000
num_test_samples 1000000
num_iterations 10
max_num_richardson_iterations None
num_richardson_iterations None
train_mses [4.338960757792827, 4.005366122707561, 3.6307242108458997, 3.134194363253605, 2.4347690273740215, 1.0525545153940097, 0.2616056120780159, 0.10059741067746439, 0.07644942221059013, 0.06733092302639006, 0.06314411366225459, 0.060379593244421326, 0.058245036913037895, 0.05669588348936683, 0.055386740932088195, 0.05430577582854233, 0.05347545823657884, 0.0526802877616904, 0.052033143925886566, 0.05145451371843383, 0.05089443163399165, 0.050421346240694435, 0.0499791859390107, 0.049560296934880815, 0.0492005675842055, 0.04886737412971782, 0.04855272321238758, 0.04827824143707063, 0.04800896580317742, 0.047763041574161266, 0.0475374306948907]
train_rres [1.0000062303927393, 0.9231222178070724, 0.8367779831063913, 0.7223420688666803, 0.5611445534667233, 0.24258368120329443, 0.06029260382543726, 0.023184823061182597, 0.01761940307554297, 0.015517850075863461, 0.014552910385620234, 0.013915767577422198, 0.013423813455303442, 0.013066777943349804, 0.012765058064597809, 0.012515926556219553, 0.012324562123232479, 0.012141298094470602, 0.011992149968020782, 0.011858792271363364, 0.011729709386027834, 0.01162067674728932, 0.011518771456783539, 0.011422229534107571, 0.011339322217814293, 0.011262530665870584, 0.011190012637869546, 0.01112675244706159, 0.011064692122800177, 0.011008013628813108, 0.010956016780371983]
test_mses [4.313515546607295, 4.660109617409457, 5.020104538600018, 4.992647799076743, 4.144592941816482, 1.8089509291610346, 0.45526747285539726, 0.16091304358202854, 0.12743226828083118, 0.12110311142485507, 0.12121238007990331, 0.1234152289060482, 0.12497434384047673, 0.12658513584422343, 0.12785357595409727, 0.12925327084462881, 0.13080790921718527, 0.13202991140056056, 0.13304973158057368, 0.1344576263951138, 0.13579714552636402, 0.1366231868117654, 0.13796723302428496, 0.13930738025687142, 0.14004992317970505, 0.14118094314250054, 0.14243294860440228, 0.14309095990105936, 0.14402550290833635, 0.14514745638396923, 0.14580586815028074]
test_rres [1.0000018376696678, 1.0803527032183453, 1.1638102864477498, 1.157444993525301, 0.9608405286655487, 0.419368896175205, 0.10554460846784348, 0.03730445330459302, 0.02954260882622172, 0.028075321084126123, 0.028100652824482056, 0.02861133902705897, 0.028972788471884326, 0.029346218206041014, 0.029640280538062846, 0.02996477165153739, 0.030325183295513272, 0.03060847992811096, 0.030844904728969245, 0.03117129682993039, 0.03148183740370842, 0.03167333846461039, 0.031984928551144244, 0.0322956147375864, 0.03246775838222129, 0.032729962616567014, 0.03302021490594591, 0.033172761592924246, 0.03338941659614856, 0.03364951894776642, 0.03380215847558096]
step_times_seconds [0.03794384002685547, 0.026610851287841797, 0.026408910751342773, 0.026592016220092773, 0.026510953903198242, 0.02693009376525879, 0.026829957962036133, 0.027232885360717773, 0.026762008666992188, 0.026546955108642578, 0.026469945907592773, 0.026543855667114258, 0.026568174362182617, 0.02653217315673828, 0.026551246643066406, 0.026566743850708008, 0.026501893997192383, 0.026474952697753906, 0.026517391204833984, 0.026547908782958984, 0.02657008171081543, 0.027128219604492188, 0.02707672119140625, 0.026700735092163086, 0.02650284767150879, 0.026523828506469727, 0.026460886001586914, 0.02651810646057129, 0.026514291763305664, 0.026468992233276367, 0.026549100875854492]
