date 2025-01-26T23:42:30.059438
sample_ratio 0.02
rank 4
seed 0
l2_regularization_strength 0
input_shape (100, 100, 100)
input_size 1000000
num_train_samples 20000
num_test_samples 1000000
num_iterations 10
max_num_richardson_iterations None
num_richardson_iterations None
train_mses [4.3215440205476545, 4.231655631310873, 4.122860372060496, 3.5554751263755913, 2.0147168000622897, 0.31536075885887355, 0.10291916402895404, 0.08507756661161582, 0.0820815978649734, 0.08084274289217999, 0.08007866764997064, 0.07947103909245831, 0.07894111955771561, 0.07849103494607028, 0.07810760489639204, 0.07771254668999596, 0.07735993743440403, 0.07700570611901797, 0.0765618883767088, 0.07617002357120194, 0.07569426263912438, 0.07519506612346251, 0.07475922386188409, 0.07419145563076027, 0.07369322398319673, 0.07318506346273067, 0.07257435565070126, 0.07213451274243539, 0.07162670049318835, 0.07110053343442949, 0.07074665817263749]
train_rres [1.000009925836735, 0.9792096560658242, 0.9540343162759104, 0.8227407612963834, 0.46620763047485825, 0.0729748181619387, 0.02381560504727437, 0.019687040250690332, 0.018993769866333728, 0.01870709749563123, 0.018530289664295378, 0.018389683763754952, 0.01826705981450953, 0.01816290975217726, 0.01807418362704254, 0.01798276673395966, 0.017901172573664813, 0.0178192030669922, 0.017716503164952237, 0.01762582522826347, 0.017515733637817842, 0.01740021902817105, 0.017299364660934426, 0.017167982482713173, 0.01705269114458019, 0.016935102254598218, 0.016793783811256745, 0.01669200369008167, 0.016574495390433677, 0.01645273976815946, 0.016370852652670766]
test_mses [4.3135209949157085, 4.400554021396702, 4.479226101796861, 3.959623255475678, 2.2771567376607478, 0.34637479010252004, 0.11173794304026978, 0.09475162220236058, 0.09336586243636427, 0.09411572556798209, 0.09483343617148428, 0.09527784099100378, 0.0956369371505193, 0.09611203842851661, 0.09625488943755552, 0.09620302152637557, 0.09630551298176798, 0.09616045797880027, 0.09561420934803265, 0.09538719192041167, 0.09496663627789348, 0.09402792427965874, 0.0934639962287259, 0.09270526537066147, 0.09178619481373722, 0.09091674274946243, 0.08996293794483298, 0.08923814047709616, 0.08830660244935139, 0.08744205874166476, 0.08688370086799393]
test_rres [1.0000031007504118, 1.0201799577661237, 1.0384184975658315, 0.9179590264997641, 0.5279129975812111, 0.08030002972804857, 0.02590419512121238, 0.021966258218094916, 0.02164499768301815, 0.021818838370855326, 0.021985225141613968, 0.022088251462346324, 0.022171500685754842, 0.022281643363100748, 0.02231476049691153, 0.022302735964732243, 0.022326496547632763, 0.022292868462150384, 0.022166231701788684, 0.022113602276358058, 0.022016104907723023, 0.021798483407780674, 0.021667748029374576, 0.02149185153748459, 0.021278783510734298, 0.021077218533711244, 0.020856098070112176, 0.020688068352392664, 0.020472109993244836, 0.020271682919993098, 0.020142238875172785]
step_times_seconds [0.06502795219421387, 0.04918408393859863, 0.0488734245300293, 0.04905295372009277, 0.050492048263549805, 0.050113677978515625, 0.049584150314331055, 0.049420833587646484, 0.04896807670593262, 0.04903602600097656, 0.04888606071472168, 0.04899096488952637, 0.050581932067871094, 0.049836158752441406, 0.04917502403259277, 0.04949498176574707, 0.04900097846984863, 0.04890012741088867, 0.049111127853393555, 0.04908394813537598, 0.05070781707763672, 0.049816131591796875, 0.04960298538208008, 0.04948282241821289, 0.04913473129272461, 0.049242258071899414, 0.048924922943115234, 0.04932999610900879, 0.051331281661987305, 0.050292253494262695, 0.04976201057434082]
