date 2025-01-26T23:42:30.059438
sample_ratio 0.06
rank 4
seed 0
l2_regularization_strength 0
input_shape (100, 100, 100)
input_size 1000000
num_train_samples 60000
num_test_samples 1000000
num_iterations 10
max_num_richardson_iterations None
num_richardson_iterations None
train_mses [4.339212294464901, 4.309565773601515, 4.235609755370278, 2.5017731095543874, 0.8110150400461682, 0.09633507661162696, 0.08635626225648059, 0.08292599545629929, 0.08130647695835203, 0.07996636203159932, 0.0786242274226686, 0.07683501263461845, 0.07477467889178047, 0.07274553043970321, 0.07138581209271275, 0.07016212235488989, 0.06916582184470386, 0.06848811167950354, 0.0678643450328411, 0.06724989913358534, 0.06679059480094562, 0.06636055872893203, 0.0659194789304124, 0.06557080547682567, 0.06525257657814412, 0.06492954445456786, 0.06466189020035236, 0.06442269498060349, 0.06418068822319525, 0.06397225726208525, 0.0637882844560135]
train_rres [0.9999984440379346, 0.9931662190342534, 0.9761225949523396, 0.5765491631007751, 0.18690345691822005, 0.022201017184798038, 0.01990133739240375, 0.01911081108715892, 0.01873758298303878, 0.018428745168559375, 0.018119441905768523, 0.017707106236831065, 0.01723228951959762, 0.016764659646455064, 0.016451304101934978, 0.016169297195896073, 0.01593969355072501, 0.01578351103078389, 0.015639760129980793, 0.01549815725335154, 0.015392307715045822, 0.015293203229321, 0.015191553648179548, 0.015111199683588135, 0.015037861855905589, 0.014963417095191162, 0.014901734508677232, 0.014846610483545922, 0.014790838522085634, 0.014742804311575763, 0.014700406634916405]
test_mses [4.3135209949157085, 4.33156803851413, 4.3188959312603545, 2.5518374843139577, 0.830511120532647, 0.09812739911809537, 0.08848520307396257, 0.08568407920924671, 0.08463139401105808, 0.08352780540897216, 0.08238044988848131, 0.08043682586072837, 0.07810505357446952, 0.0759481180622547, 0.07439993958593248, 0.0730221217358895, 0.07199441299908105, 0.0713038708761314, 0.07062092035037108, 0.06997263267388153, 0.06951446699026438, 0.06904346379831157, 0.06857230757580694, 0.06821804323482752, 0.06786492483948851, 0.06752689715679758, 0.0672508682521029, 0.06697787161808828, 0.06673253902930588, 0.06651648051150733, 0.06629713436738503]
test_rres [1.0000031007504118, 1.0041869448951537, 1.0012491716556693, 0.5915922050531144, 0.1925373022918543, 0.022748864211471428, 0.020513514956526032, 0.019864130717153258, 0.019620086822723745, 0.019364241997732855, 0.01909825069283221, 0.018647660546931243, 0.018107086032688437, 0.017607043908661253, 0.017248129861723242, 0.016928710500153824, 0.016690456896035964, 0.016530368591154088, 0.016372040245418804, 0.01622174778424104, 0.016115531283889095, 0.016006338665382935, 0.015897110569820672, 0.01581498150637522, 0.015733118107382323, 0.0156547531866531, 0.015590761435849806, 0.015527472656026822, 0.015470597228786132, 0.015420508406221743, 0.015369657413606087]
step_times_seconds [0.17067289352416992, 0.14215993881225586, 0.14192891120910645, 0.1452319622039795, 0.14251708984375, 0.14251995086669922, 0.14360499382019043, 0.14262795448303223, 0.1419849395751953, 0.1435861587524414, 0.1423499584197998, 0.14188289642333984, 0.1432020664215088, 0.14267396926879883, 0.14179301261901855, 0.1432781219482422, 0.14191007614135742, 0.14269208908081055, 0.14413905143737793, 0.14247918128967285, 0.14252877235412598, 0.1485891342163086, 0.1439201831817627, 0.14225101470947266, 0.1428840160369873, 0.14223599433898926, 0.14195680618286133, 0.1434919834136963, 0.14372777938842773, 0.1418769359588623, 0.14309096336364746]
