date 2025-01-26T23:42:30.059438
sample_ratio 0.03
rank 2
seed 0
l2_regularization_strength 0
input_shape (100, 100, 100)
input_size 1000000
num_train_samples 30000
num_test_samples 1000000
num_iterations 10
max_num_richardson_iterations None
num_richardson_iterations None
train_mses [4.3367026932361314, 4.305093893189876, 4.266071900385028, 4.153883329409865, 3.3865997667715346, 1.204073722134484, 0.12469048565261248, 0.09025434952371723, 0.0862208995005914, 0.08555748234271304, 0.08501396797428785, 0.08444854678577658, 0.0838438038450083, 0.08325430532165184, 0.08266925135137462, 0.08223850015286333, 0.08178180363969874, 0.08143227898081827, 0.08116088128548801, 0.08086139795140111, 0.08064357073598688, 0.08045374044476764, 0.08025002201924987, 0.08010455368726627, 0.07997137764354725, 0.07983328702335005, 0.07973459271064294, 0.0796420056556584, 0.07954633108639146, 0.07947594766999118, 0.07940786423704482]
train_rres [1.0000028284762201, 0.9927141366550597, 0.9837160323491113, 0.9578464036856461, 0.7809180350247364, 0.2776480688211229, 0.02875245253292642, 0.020811803619087594, 0.019881728002436674, 0.01972875024922967, 0.019603420950868873, 0.01947304014596068, 0.019333592115037896, 0.019197659303305508, 0.019062751363685633, 0.018963424191096038, 0.018858114273118006, 0.018777517176146657, 0.018714935421719387, 0.01864587738330797, 0.018595648477399095, 0.018551875398731335, 0.01850489984699517, 0.01847135621863803, 0.01844064707627233, 0.018408804678821705, 0.018386046699120775, 0.018364696995575445, 0.018342635340293102, 0.0183264055868475, 0.018310706187941294]
test_mses [4.313504392026129, 4.3451850226889945, 4.3725549712461245, 4.283164219003197, 3.4624646488602617, 1.2281646708304108, 0.128315693310634, 0.09223130555131158, 0.08871708848867897, 0.08842270241255076, 0.08829393401856815, 0.08780382218194281, 0.08729556740989584, 0.08669075468925752, 0.08589152340622735, 0.08541696681755374, 0.08493276670594616, 0.0843699184185206, 0.08412526821545639, 0.08386782598495464, 0.08351681032219906, 0.0833829361928348, 0.08323813575048991, 0.08298717060488686, 0.08289084279931584, 0.08280150909841605, 0.08261266547295329, 0.08253293798522196, 0.08247073140774105, 0.08232906391164654, 0.082260201159016]
test_rres [0.9999992517043353, 1.0073437688479716, 1.013688941030226, 0.9929654927088424, 0.8027028010713573, 0.2847252813908049, 0.029747413154315786, 0.02138197348437215, 0.02056727292687288, 0.020499025435022734, 0.020469173072321115, 0.020355550498809244, 0.020237721850561736, 0.020097508183646817, 0.019912222482664037, 0.019802206080584504, 0.019689954021637302, 0.019559468964687063, 0.019502751734852834, 0.01944306893069602, 0.019361693007968094, 0.019330656983191044, 0.019297087912470028, 0.01923890669019729, 0.019216575025561126, 0.019195864803446382, 0.01915208520639741, 0.01913360199163148, 0.019119180647573737, 0.01908633788743949, 0.019070373443024376]
step_times_seconds [0.09104609489440918, 0.0724492073059082, 0.07165098190307617, 0.07153773307800293, 0.07149076461791992, 0.07165193557739258, 0.07184720039367676, 0.07162284851074219, 0.07168388366699219, 0.07198309898376465, 0.07190513610839844, 0.07180213928222656, 0.07198691368103027, 0.07169795036315918, 0.07198691368103027, 0.07200002670288086, 0.07178688049316406, 0.07173299789428711, 0.07186293601989746, 0.07162213325500488, 0.07167482376098633, 0.0720360279083252, 0.07171201705932617, 0.07165288925170898, 0.07184910774230957, 0.07149720191955566, 0.07215094566345215, 0.07248306274414062, 0.07216429710388184, 0.07209277153015137, 0.07210922241210938]
