date 2025-01-26T23:42:30.059438
sample_ratio 0.09
rank 4
seed 0
l2_regularization_strength 0
input_shape (100, 100, 100)
input_size 1000000
num_train_samples 90000
num_test_samples 1000000
num_iterations 10
max_num_richardson_iterations None
num_richardson_iterations None
train_mses [4.329817831222916, 4.306862937826133, 4.238866890395062, 1.9721119185424205, 0.49655089268562613, 0.08863262063434234, 0.0827476509736645, 0.07857593601223362, 0.0761613360926514, 0.07439193498241042, 0.07322106825055089, 0.07180620122605501, 0.07086447903245731, 0.06989718051788127, 0.06900651266352721, 0.06836963566753455, 0.06771140499527493, 0.06711945450548268, 0.06667534526447928, 0.06620199229115417, 0.06577138113568044, 0.06544204400548898, 0.0650900516609869, 0.06478268769133992, 0.06454748974749429, 0.06430013366921355, 0.06409504386347378, 0.06393637666080616, 0.06376949017179262, 0.06363554172665072, 0.06352904404702797]
train_rres [1.00000209945089, 0.9947005042142677, 0.9789963353933296, 0.4554732175273845, 0.11468194610616987, 0.020470331586477656, 0.01911115615571352, 0.018147669034001678, 0.017590000078161524, 0.017181344357763247, 0.0169109243919177, 0.01658415083005168, 0.016366653418519422, 0.016143248974481057, 0.015937542924253093, 0.015790451670553683, 0.0156384286340564, 0.015501713475211933, 0.01539914330004512, 0.01528981907774343, 0.0151903663810467, 0.015114303637888384, 0.015033008512501252, 0.014962020626422974, 0.014907699995209323, 0.014850571356722743, 0.014803204413283042, 0.014766559098868783, 0.014728015482049599, 0.014697079139787309, 0.014672482746275917]
test_mses [4.3135209949157085, 4.323573437571247, 4.289887533839213, 1.989174197272244, 0.5015499176709681, 0.08959420439859508, 0.0839412544431642, 0.08002464991864407, 0.07752223752303387, 0.07581776416311155, 0.07471937771147225, 0.0733134445990409, 0.07234706730538193, 0.07142110243936918, 0.07051478928876329, 0.06982654828205795, 0.06920182432926675, 0.06858781762418494, 0.068117664200181, 0.06766861710631417, 0.06722764279991497, 0.06690087318907827, 0.06656604756639757, 0.06625790516755035, 0.06603750011674435, 0.06580223208328033, 0.0655977842266198, 0.06545314021099595, 0.06529466986624766, 0.06515993800722704, 0.0650629251000914]
test_rres [1.0000031007504118, 1.0023335574324361, 0.994524158052366, 0.4611500367216426, 0.11627426259041142, 0.020770614612393243, 0.01946009184213645, 0.01855210584333183, 0.01797197185119037, 0.017576823978471576, 0.017322185167450092, 0.016996247847674395, 0.01677221270531788, 0.016557546371645197, 0.016347435893007207, 0.016187881055652723, 0.016043051369964253, 0.015900706262640774, 0.015791710645745315, 0.015687608107058455, 0.015585377081807801, 0.015509622118645948, 0.015431999531138888, 0.015360562912496465, 0.01530946643366007, 0.015254924271178702, 0.01520752714691681, 0.015173994340585433, 0.015137256177884459, 0.015106021305734935, 0.015083530814077933]
step_times_seconds [0.24995088577270508, 0.21149706840515137, 0.2101731300354004, 0.21268820762634277, 0.21123099327087402, 0.21070408821105957, 0.21327781677246094, 0.2114238739013672, 0.21339893341064453, 0.2143862247467041, 0.21271276473999023, 0.21375203132629395, 0.21511197090148926, 0.21219301223754883, 0.21191024780273438, 0.21369385719299316, 0.21146321296691895, 0.21088290214538574, 0.21343493461608887, 0.2114729881286621, 0.21134686470031738, 0.21603822708129883, 0.21212506294250488, 0.21192693710327148, 0.21323084831237793, 0.2127230167388916, 0.21473312377929688, 0.21443390846252441, 0.21406292915344238, 0.21316289901733398, 0.2133500576019287]
