date 2025-01-26T23:42:30.059438
sample_ratio 0.1
rank 1
seed 0
l2_regularization_strength 0
input_shape (100, 100, 100)
input_size 1000000
num_train_samples 100000
num_test_samples 1000000
num_iterations 10
max_num_richardson_iterations None
num_richardson_iterations None
train_mses [4.329571027917656, 4.325901216527514, 4.322358366714096, 4.3126039137283385, 4.193016421726046, 2.6975169825765777, 0.3555993048142636, 0.09129950915002238, 0.08726637617016224, 0.08701082657320548, 0.08700442295392607, 0.0870040020131403, 0.08700399048403637, 0.08700398988568915, 0.08700398985976399, 0.08700398985871324, 0.0870039898586673, 0.08700398985866535, 0.08700398985866524, 0.08700398985866524, 0.08700398985866524, 0.08700398985866524, 0.08700398985866524, 0.08700398985866524, 0.08700398985866523, 0.08700398985866524, 0.08700398985866527, 0.08700398985866524, 0.08700398985866524, 0.08700398985866524, 0.08700398985866524]
train_rres [1.000000108154941, 0.9991524925913237, 0.9983342013163334, 0.9960812173653019, 0.9684601195324788, 0.6230449291471173, 0.0821326965145353, 0.02108742839320659, 0.020155896518557294, 0.020096872281987924, 0.020095393239392086, 0.020095296014787482, 0.020095293351912773, 0.020095293213712645, 0.020095293207724716, 0.020095293207482025, 0.020095293207471412, 0.020095293207470964, 0.02009529320747094, 0.02009529320747094, 0.02009529320747094, 0.02009529320747094, 0.02009529320747094, 0.02009529320747094, 0.020095293207470933, 0.02009529320747094, 0.020095293207470943, 0.02009529320747094, 0.02009529320747094, 0.02009529320747094, 0.02009529320747094]
test_mses [4.313511077090323, 4.316970486668029, 4.319784875800634, 4.318073917779757, 4.196437736975479, 2.6955803355293226, 0.35626786889159445, 0.09154895340593926, 0.08746906688093585, 0.08722272112622458, 0.08721136485954306, 0.08721013044714442, 0.08721022992038696, 0.08721023651733192, 0.08721023369834408, 0.08721023312947901, 0.08721023365676114, 0.08721023370826354, 0.08721023369188483, 0.08721023369783645, 0.08721023369855045, 0.08721023369838406, 0.08721023369843878, 0.08721023369844108, 0.08721023369843962, 0.08721023369844008, 0.08721023369844001, 0.08721023369844, 0.08721023369844, 0.08721023369844001, 0.08721023369844001]
test_rres [1.0000008015020367, 1.0008027960462962, 1.0014552555712737, 1.0010586043603147, 0.9728597018602255, 0.6249160945381774, 0.08259354110233039, 0.0212237838610968, 0.020277944213968117, 0.02022083390458088, 0.020218201182517433, 0.020217915008825988, 0.020217938069696934, 0.020217939599065964, 0.020217938945540317, 0.02021793881366039, 0.020217938935900154, 0.020217938947839947, 0.020217938944042873, 0.020217938945422634, 0.02021793894558816, 0.020217938945549584, 0.020217938945562272, 0.020217938945562806, 0.02021793894556247, 0.020217938945562574, 0.02021793894556256, 0.020217938945562557, 0.020217938945562557, 0.02021793894556256, 0.02021793894556256]
step_times_seconds [0.29431676864624023, 0.23226094245910645, 0.23093581199645996, 0.23594093322753906, 0.23638296127319336, 0.23482108116149902, 0.2369532585144043, 0.2366938591003418, 0.2327589988708496, 0.23453092575073242, 0.23272991180419922, 0.23268413543701172, 0.234205961227417, 0.23326373100280762, 0.23248672485351562, 0.23456192016601562, 0.2331690788269043, 0.23253798484802246, 0.23372197151184082, 0.23302602767944336, 0.23230385780334473, 0.23380827903747559, 0.23296117782592773, 0.23260211944580078, 0.2341768741607666, 0.23271703720092773, 0.23224210739135742, 0.23413801193237305, 0.2328660488128662, 0.23396992683410645, 0.23560285568237305]
