date 2025-01-26T23:42:30.059438
sample_ratio 0.01
rank 16
seed 0
l2_regularization_strength 0
input_shape (100, 100, 100)
input_size 1000000
num_train_samples 10000
num_test_samples 1000000
num_iterations 10
max_num_richardson_iterations None
num_richardson_iterations None
train_mses [4.3393011788020885, 3.6279754711334156, 3.0178766240223025, 2.45273432936974, 2.0776447668997715, 1.6838289651153664, 1.2646748574461868, 0.7802025928275435, 0.34363746187321137, 0.1518283960177246, 0.08956819118949776, 0.06492326112892664, 0.0549398631311435, 0.04862022687541731, 0.044434699193122366, 0.04126874020405224, 0.03867458476420182, 0.03664253919853402, 0.03489637237202793, 0.03343521800190791, 0.03220986413198957, 0.03118926070156126, 0.030295697500611868, 0.02949143530013365, 0.028809544881734133, 0.02819048454589586, 0.027602161163746284, 0.02709570719913009, 0.026627609986246147, 0.026183498800031475, 0.025798844491247475]
train_rres [1.0000846876891338, 0.8361444772989753, 0.6955341601462358, 0.5652850412308358, 0.47883763588115963, 0.38807436850101223, 0.29147134704914085, 0.17981436047672264, 0.07919859663454615, 0.03499209844098576, 0.020642903735333222, 0.014962952939765054, 0.012662065525574197, 0.011205570299570639, 0.01024092600029715, 0.00951126309459977, 0.008913384536284055, 0.008445056210783498, 0.008042614749962483, 0.0077058605004428635, 0.007423451515260542, 0.007188231644383516, 0.006982290909244528, 0.006796931498029961, 0.0066397752790851505, 0.006497099595347877, 0.0063615078994380524, 0.006244784760351419, 0.006136901754386752, 0.006034546840850336, 0.005945895035313592]
test_mses [4.313541718804291, 5.231805293663438, 6.038104075066658, 6.564498173473709, 6.8444630966194495, 6.559717162124653, 5.094752558221248, 3.3486588999383655, 1.5248127172516075, 0.6098688110794566, 0.3609348766689703, 0.2568759508367204, 0.23097283494359402, 0.21941068784753007, 0.21149767180852427, 0.21192022820983314, 0.21215092216348216, 0.2113284342567897, 0.2138167547221137, 0.21599199890643803, 0.2168009565776619, 0.21905411714637785, 0.22089597504676559, 0.22234948785072986, 0.22447486250512066, 0.2260479947443118, 0.22819667874032734, 0.23036216540633536, 0.2319173316268455, 0.2342627733209662, 0.23625474243721167]
test_rres [1.0000079051672364, 1.2128888493535877, 1.3998130077116613, 1.5218468940064591, 1.586751131537025, 1.5207385126680089, 1.1811159286769388, 0.7763192267386345, 0.35349716556672633, 0.14138581980921627, 0.0836754930052197, 0.05955152360396715, 0.05354640707787272, 0.05086595578042348, 0.04903148213705406, 0.04912944334138084, 0.04918292509543868, 0.048992247813934395, 0.04956911487541796, 0.05007340149689902, 0.050260942065393575, 0.05078329203375128, 0.051210289749468986, 0.051547257463931934, 0.05203998283773962, 0.052404681912795896, 0.05290281108872455, 0.0534048356258009, 0.05376536964071019, 0.05430911313228343, 0.05477091111476514]
step_times_seconds [0.03759431838989258, 0.028684139251708984, 0.028499126434326172, 0.028779029846191406, 0.02911210060119629, 0.029529094696044922, 0.02853989601135254, 0.028493881225585938, 0.028488874435424805, 0.02843308448791504, 0.028341054916381836, 0.028360843658447266, 0.028385162353515625, 0.028373003005981445, 0.028328895568847656, 0.028383970260620117, 0.0286252498626709, 0.028888225555419922, 0.029241085052490234, 0.028428077697753906, 0.028352975845336914, 0.028398990631103516, 0.028269052505493164, 0.028363943099975586, 0.029328107833862305, 0.028512001037597656, 0.02835392951965332, 0.02834796905517578, 0.028479814529418945, 0.028301239013671875, 0.02909088134765625]
