date 2025-01-26T23:42:30.059438
sample_ratio 0.07
rank 8
seed 0
l2_regularization_strength 0
input_shape (100, 100, 100)
input_size 1000000
num_train_samples 70000
num_test_samples 1000000
num_iterations 10
max_num_richardson_iterations None
num_richardson_iterations None
train_mses [4.330801669069111, 4.273151239791712, 4.104405551935058, 1.525603133878833, 0.2696305723957276, 0.08564203557735751, 0.0742126083457003, 0.06605265999199995, 0.06135982941480192, 0.058372512027977476, 0.05580633860721483, 0.053046538984309236, 0.0505277602616727, 0.04808227463411922, 0.04633930506264026, 0.045226917560638825, 0.04419877766849593, 0.04338885341175844, 0.0428531682560784, 0.04228031655012469, 0.04177280449667523, 0.041456235039369634, 0.04103920419989591, 0.040647016240553634, 0.04043647243389544, 0.04010732388301503, 0.03981367116283544, 0.039659353140425055, 0.03941921441604005, 0.03920962655971131, 0.03908521460359933]
train_rres [0.9999944406240167, 0.9866827923006294, 0.9477189323434495, 0.35226610892235366, 0.06225846714332563, 0.01977498994533501, 0.0171359026435998, 0.01525174732710077, 0.014168159380438429, 0.013478379287173152, 0.012885842535197775, 0.012248596941650411, 0.011667003760464631, 0.011102334163691092, 0.010699877525211402, 0.010443024082633838, 0.010205623653131445, 0.010018609835378365, 0.009894918607162876, 0.00976264551662931, 0.009645459537963098, 0.009572362748600077, 0.009476069139954607, 0.009385511823090394, 0.009336896658450156, 0.00926089532055222, 0.009193090071064353, 0.009157457600152415, 0.009102008884715126, 0.009053614451728751, 0.009024887376705275]
test_mses [4.313515546607295, 4.342398093268074, 4.262219710108588, 1.576792656871707, 0.27686923244492545, 0.08856720549009624, 0.07784506009808607, 0.07011871416232276, 0.06530897721154091, 0.06237602372780308, 0.05989459090270781, 0.05672061607439059, 0.05397615342900277, 0.051372261300061305, 0.04936103821539382, 0.048191286298189216, 0.04712785790099895, 0.04621062993374544, 0.04563998052480949, 0.045042195160297976, 0.044485873424760236, 0.04413814987903045, 0.04369907820586422, 0.04328302954479947, 0.04304973727684212, 0.042711206394496874, 0.04239823985763578, 0.04223345136769852, 0.04199946872600875, 0.041768551204555644, 0.04163904321081116]
test_rres [1.0000018376696678, 1.0066976753049526, 0.9881099295012004, 0.3655476692870483, 0.06418656389377846, 0.020532525567694807, 0.01804681177347774, 0.016255613839738545, 0.015140573048179893, 0.014460626762639239, 0.013885356462037025, 0.013149534224528013, 0.012513285749438552, 0.011909625721811415, 0.011443364093935045, 0.01117218063483235, 0.010925646145752602, 0.010713005286364265, 0.010580711696266999, 0.010442127180554813, 0.010313155173415328, 0.010232542461817639, 0.01013075252382141, 0.010034300008204078, 0.009980215887224158, 0.009901734309774078, 0.009829179311743211, 0.009790976414133701, 0.009736732243886857, 0.009683198660129438, 0.009653174836095872]
step_times_seconds [0.19689106941223145, 0.16650080680847168, 0.1663668155670166, 0.1678299903869629, 0.16626906394958496, 0.16623473167419434, 0.17036223411560059, 0.1670699119567871, 0.16648483276367188, 0.16820192337036133, 0.16725611686706543, 0.16647863388061523, 0.16839289665222168, 0.16743874549865723, 0.1689000129699707, 0.16986393928527832, 0.16848301887512207, 0.1682751178741455, 0.16962599754333496, 0.16802501678466797, 0.16747117042541504, 0.16967010498046875, 0.16747188568115234, 0.16705703735351562, 0.16941189765930176, 0.1674361228942871, 0.1670823097229004, 0.16856813430786133, 0.16701483726501465, 0.1665787696838379, 0.16875195503234863]
