date 2025-01-26T23:42:30.059438
sample_ratio 0.01
rank 2
seed 0
l2_regularization_strength 0
input_shape (100, 100, 100)
input_size 1000000
num_train_samples 10000
num_test_samples 1000000
num_iterations 10
max_num_richardson_iterations None
num_richardson_iterations None
train_mses [4.339035849550519, 4.250706858264435, 4.143703756412743, 4.050874178502009, 3.9747859727996473, 3.89475656350743, 3.7344241537818443, 3.2329820114012815, 1.929059787047645, 0.46159098272235677, 0.12000299105686245, 0.08958537030215317, 0.08450829548409075, 0.08280522217294763, 0.08211403432205042, 0.08169124617399441, 0.08137294292920681, 0.08108183253845348, 0.08085972819334289, 0.08069961513139236, 0.08051708626524469, 0.08036766300403088, 0.08027159338144987, 0.0801688889206269, 0.08009696411631027, 0.08003933706053772, 0.07997983910056763, 0.07993406428855504, 0.07988551194874367, 0.07983398564606925, 0.07978958926082075]
train_rres [1.000023536893013, 0.9796662332571714, 0.9550050817750196, 0.9336105217738173, 0.9160743687618063, 0.8976298811588398, 0.8606778510277753, 0.7451097934781779, 0.4445930520074649, 0.10638350618553896, 0.0276572537576189, 0.020646863028962965, 0.019476742639855053, 0.019084233000559524, 0.01892493398960913, 0.01882749342589053, 0.01875413364097656, 0.018687041030387135, 0.018635852337677946, 0.018598950860929112, 0.018556883183076446, 0.018522445399348844, 0.018500304101813497, 0.01847663366401854, 0.01846005705582792, 0.018446775669332723, 0.01843306309298391, 0.018422513309346102, 0.01841132338507119, 0.018399448047500787, 0.0183892159517678]
test_mses [4.313504392026129, 4.416676789029499, 4.537567737934965, 4.631551623112433, 4.676592685323596, 4.68096274590282, 4.544551742765071, 3.8076001475083, 2.1711782646726316, 0.5351063169328153, 0.1347643645296672, 0.09947223800074462, 0.09473624930370564, 0.09432384823732055, 0.09456766412846175, 0.0951460111125004, 0.09551905842317515, 0.09582574387775106, 0.09628097793761792, 0.09659622949350788, 0.09686868983029118, 0.0972404510297169, 0.09753635989972649, 0.09776413747670827, 0.09800477521357073, 0.0982241730414154, 0.09844798921103894, 0.09864836731958984, 0.09890988953826362, 0.09919327706242312, 0.09947264980446417]
test_rres [0.9999992517043353, 1.023917697224093, 1.05194383269454, 1.0737321065220737, 1.0841739710511544, 1.0851870817175548, 1.0535629337708985, 0.8827155259969774, 0.5033440197726353, 0.12405363896331388, 0.031242407898135073, 0.02306063806263481, 0.021962694320680116, 0.021867087426538655, 0.021923611237930976, 0.0220576893560229, 0.0221441728732797, 0.02221527172869096, 0.022320808591029324, 0.02239389332477188, 0.02245705777486635, 0.02254324313309287, 0.022611843654082087, 0.022664649304855938, 0.022720436325089213, 0.022771299299536578, 0.02282318657767558, 0.022869640212678077, 0.02293026888004683, 0.022995966578796302, 0.0230607335310461]
step_times_seconds [0.03793811798095703, 0.025745868682861328, 0.025352954864501953, 0.025594711303710938, 0.025413036346435547, 0.026025056838989258, 0.025328874588012695, 0.0262451171875, 0.026072978973388672, 0.025593042373657227, 0.0253140926361084, 0.02549600601196289, 0.025326013565063477, 0.02549290657043457, 0.025357961654663086, 0.025604248046875, 0.02540898323059082, 0.02554488182067871, 0.025343894958496094, 0.02553582191467285, 0.02533698081970215, 0.025581836700439453, 0.02542901039123535, 0.025756120681762695, 0.025661230087280273, 0.026396989822387695, 0.026095151901245117, 0.025517940521240234, 0.025275707244873047, 0.025518178939819336, 0.025261878967285156]
