date 2025-01-26T23:42:30.059438
sample_ratio 0.06
rank 16
seed 0
l2_regularization_strength 0
input_shape (100, 100, 100)
input_size 1000000
num_train_samples 60000
num_test_samples 1000000
num_iterations 10
max_num_richardson_iterations None
num_richardson_iterations None
train_mses [4.3392114784278135, 4.2262135843378275, 4.021729373128548, 2.3594320631165733, 0.45675798584256394, 0.08826287151860536, 0.06861192805497189, 0.05290935174574219, 0.04478889891909303, 0.03945250890501065, 0.03558415321317332, 0.031776750859092706, 0.02829913699765035, 0.02561261788266315, 0.023090648833648652, 0.020977247028229423, 0.01939600136586582, 0.017975940177105857, 0.016677172293882284, 0.015555334772728467, 0.014516098670899705, 0.013567300859494329, 0.012803733573761668, 0.01198870436042169, 0.01119522277348445, 0.010595466172409425, 0.009913808919675193, 0.009321918882957348, 0.008799092527297936, 0.00825140029085087, 0.007774171255061199]
train_rres [0.9999982559771156, 0.9739571889351344, 0.9268325314712802, 0.5437457842151383, 0.1052627168592568, 0.020340727347567998, 0.015812045284102794, 0.012193288972814036, 0.010321880145481242, 0.009092075897906388, 0.008200589284597083, 0.0073231497468349655, 0.006521712017032451, 0.005902586988673667, 0.005321383545794564, 0.00483433696368978, 0.0044699290724182755, 0.004142667144945852, 0.0038433580136441364, 0.0035848235840085538, 0.0033453251648732515, 0.003126668811893643, 0.0029506999848729104, 0.002762871436768664, 0.0025800086731002088, 0.0024417910365394087, 0.0022846988857426094, 0.0021482941478332854, 0.002027805564495625, 0.0019015864843742495, 0.0017916060868149624]
test_mses [4.313541718804291, 4.413483822845135, 4.43132102704827, 2.6588850723981614, 0.4967707754199576, 0.09445772249394517, 0.07643740597905999, 0.060763555077581466, 0.05235982354276944, 0.0466755283373305, 0.04210640058095906, 0.03753533984773321, 0.033583068397892, 0.030366732367649668, 0.02733281926749608, 0.024816970114376682, 0.022931911770450918, 0.02122999810230903, 0.019705938958019968, 0.01841407233645915, 0.017250195938127075, 0.016117047808778998, 0.015211925078905826, 0.014286964668803422, 0.013343374761724886, 0.012598808623670838, 0.011806721888058454, 0.011097286866125471, 0.010442130986285457, 0.00980603514867599, 0.0092258839893706]
test_rres [1.0000079051672364, 1.0231774722225877, 1.0273126693232573, 0.6164090356975538, 0.11516631456475654, 0.02189812348081846, 0.017720475472931305, 0.014086808331713541, 0.012138572168590319, 0.010820782632450432, 0.009761522244131515, 0.00870181373399973, 0.0077855590757965965, 0.00703991624547569, 0.006336564503097033, 0.005753315468930953, 0.005316302599109965, 0.004921748139456835, 0.004568425674627645, 0.004268932376962121, 0.003999111038757405, 0.0037364134317924126, 0.0035265789282627655, 0.0033121454574939852, 0.0030933931124775757, 0.00292078042607929, 0.00273715104474342, 0.0025726828011553805, 0.0024207980851456284, 0.0022733320566427745, 0.0021388356767959734]
step_times_seconds [0.1695690155029297, 0.1555619239807129, 0.15591120719909668, 0.1573467254638672, 0.15604114532470703, 0.15510916709899902, 0.15639209747314453, 0.15568304061889648, 0.15979695320129395, 0.15627503395080566, 0.15530705451965332, 0.15531396865844727, 0.15537190437316895, 0.15471577644348145, 0.15479087829589844, 0.15551209449768066, 0.15588808059692383, 0.15603923797607422, 0.15695810317993164, 0.16044282913208008, 0.15508008003234863, 0.15620994567871094, 0.16625285148620605, 0.15799522399902344, 0.15787911415100098, 0.15434694290161133, 0.1708230972290039, 0.1596541404724121, 0.15729212760925293, 0.16994309425354004, 0.160506010055542]
