date 2025-01-26T23:42:30.059438
sample_ratio 0.1
rank 2
seed 0
l2_regularization_strength 0
input_shape (100, 100, 100)
input_size 1000000
num_train_samples 100000
num_test_samples 1000000
num_iterations 10
max_num_richardson_iterations None
num_richardson_iterations None
train_mses [4.329573947091494, 4.320040083911777, 4.293095066571868, 3.331411631319988, 1.05553391632861, 0.10086083129168624, 0.08679125347676582, 0.08332526833823167, 0.08224885093837307, 0.08159768387778393, 0.08123785304489912, 0.08081618964613377, 0.0805249103979784, 0.08029975308208497, 0.08008631865144089, 0.0799195613900149, 0.07977817469830276, 0.07964187187213738, 0.0795271200256227, 0.07942353057678285, 0.07932401845394772, 0.0792374220444464, 0.0791591691426438, 0.07908437319100481, 0.07901883915690336, 0.07896021090643288, 0.07890449296136531, 0.07885546175248498, 0.0788117401078915, 0.07877028503806978, 0.07873349966485106]
train_rres [1.0000007823959074, 0.9977987480259025, 0.9915752630477374, 0.7694554426171147, 0.24379644627229652, 0.02329580495386708, 0.020046157530163377, 0.019245619672937243, 0.0189969997728738, 0.018846599854078782, 0.018763489802417304, 0.018666098296041406, 0.01859882158946229, 0.018546817051647006, 0.01849752014616796, 0.01845900425662917, 0.018426348202232067, 0.018394866367189216, 0.018368362157375882, 0.01834443612420179, 0.018321451830155985, 0.01830145067569778, 0.018283376619454922, 0.01826610101426303, 0.018250964632213467, 0.018237423277554225, 0.018224554115520746, 0.018213229387535654, 0.018203131008495264, 0.018193556139752386, 0.018185059829850077]
test_mses [4.313504392026129, 4.320046780228227, 4.310035763904714, 3.341045659330246, 1.0523107090160364, 0.10113951168308687, 0.0874230963616832, 0.08417030549235226, 0.08293176978916506, 0.08223325046725323, 0.0818483446365, 0.08140266755779212, 0.08109481599168047, 0.08087179230990385, 0.08066572070238925, 0.08050703297255384, 0.08039522005756766, 0.080269957876335, 0.08017662003989315, 0.08011251931137013, 0.08002534483299076, 0.07996403594885303, 0.07992448638159405, 0.07986159535136128, 0.07981899740943986, 0.07979268858344786, 0.0797469532006723, 0.07971605120003472, 0.07969633901663081, 0.07966254459337278, 0.07963915367603232]
test_rres [0.9999992517043353, 1.0015159728460947, 0.9991951200260953, 0.7745542500006397, 0.24395707664556393, 0.02344716193816642, 0.020267286873514707, 0.01951319272183268, 0.019226063125144237, 0.01906412546709893, 0.018974892790428566, 0.018871571521987634, 0.018800202327066508, 0.01874849877129843, 0.018700725213053528, 0.018663936653991568, 0.018638015078132335, 0.01860897556034928, 0.018587337059929508, 0.018572476595042714, 0.018552266945248863, 0.018538053713340746, 0.018528884941486166, 0.018514304920821775, 0.018504429444602417, 0.018498330272348446, 0.018487727443558814, 0.018480563436128833, 0.018475993562804993, 0.01846815900535508, 0.018462736291544844]
step_times_seconds [0.27666687965393066, 0.23465585708618164, 0.23420000076293945, 0.23513388633728027, 0.23572778701782227, 0.23443317413330078, 0.23718595504760742, 0.23495817184448242, 0.23486995697021484, 0.23687481880187988, 0.23462390899658203, 0.2341749668121338, 0.23671817779541016, 0.23504090309143066, 0.23480510711669922, 0.23647475242614746, 0.235001802444458, 0.23441314697265625, 0.23641109466552734, 0.235213041305542, 0.2358849048614502, 0.24380278587341309, 0.23554491996765137, 0.23475098609924316, 0.23668289184570312, 0.23499584197998047, 0.2346351146697998, 0.236893892288208, 0.23485994338989258, 0.23504900932312012, 0.23720502853393555]
