date 2025-01-26T23:42:30.059438
sample_ratio 0.04
rank 1
seed 0
l2_regularization_strength 0
input_shape (100, 100, 100)
input_size 1000000
num_train_samples 40000
num_test_samples 1000000
num_iterations 10
max_num_richardson_iterations None
num_richardson_iterations None
train_mses [4.340348360705821, 4.331553228361491, 4.3210531982024, 4.306603024929603, 4.298421155746194, 4.291457671729659, 4.285829167579663, 4.280910428752092, 4.266191744856493, 4.193515240617247, 3.5994337588562746, 1.472551567636935, 0.1739850710855029, 0.09156555224483398, 0.08754340003657861, 0.08715433051637887, 0.08713744404205011, 0.08713541309379694, 0.08713529422337936, 0.08713528558448391, 0.0871352847373112, 0.08713528468778281, 0.08713528468344521, 0.08713528468309731, 0.0871352846830719, 0.08713528468306994, 0.08713528468306976, 0.08713528468306975, 0.08713528468306976, 0.08713528468306975, 0.08713528468306975]
train_rres [0.9999997503424476, 0.9979733853095892, 0.9955542183061435, 0.9922249533568084, 0.9903398818231922, 0.9887355215969277, 0.9874387356532571, 0.9863054769397168, 0.9829143481643815, 0.9661699580704974, 0.8292958447337896, 0.33927027916345653, 0.04008549848761972, 0.021096354894866567, 0.020169666327536775, 0.020080026190217856, 0.020076135610773635, 0.02007566768802243, 0.02007564030073044, 0.020075638310361795, 0.020075638115176424, 0.02007563810376527, 0.020075638102765903, 0.02007563810268575, 0.020075638102679896, 0.02007563810267944, 0.0200756381026794, 0.0200756381026794, 0.0200756381026794, 0.0200756381026794, 0.0200756381026794]
test_mses [4.313511077090323, 4.322366142891136, 4.33308489594749, 4.347733542513531, 4.356079325908795, 4.362043785348379, 4.3663119738075835, 4.367642789582807, 4.353337517356386, 4.267419985826214, 3.6488329782779867, 1.4725152158605126, 0.1754293932911099, 0.09221279769603509, 0.08802072820025779, 0.08760406197013365, 0.08758031261858343, 0.08757518032133355, 0.08757585633144867, 0.08757570827996548, 0.08757564945968963, 0.08757567685197712, 0.08757567693182275, 0.08757567590755726, 0.08757567647242633, 0.0875756765621119, 0.08757567654800284, 0.08757567655901317, 0.08757567656181434, 0.08757567656173018, 0.08757567656195304]
test_rres [1.0000008015020367, 1.0020536704387126, 1.0045385977881254, 1.0079345919203213, 1.0098693939725873, 1.011252133952505, 1.0122416276164565, 1.0125501504921584, 1.009233760795583, 0.9893155088523877, 0.8459085505087821, 0.34137304153574644, 0.0406697770709011, 0.02137768281030645, 0.020405835797325713, 0.020309240110740846, 0.020303734301166946, 0.020302544481256506, 0.0203027012006076, 0.020302666877848437, 0.02030265324155031, 0.020302659591901327, 0.020302659610411933, 0.020302659372956576, 0.02030265950391011, 0.020302659524701908, 0.020302659521431007, 0.020302659523983527, 0.020302659524632925, 0.020302659524613416, 0.02030265952466508]
step_times_seconds [0.12058019638061523, 0.09682703018188477, 0.09577608108520508, 0.0966329574584961, 0.09613895416259766, 0.09599089622497559, 0.09581112861633301, 0.09576010704040527, 0.09568381309509277, 0.09591817855834961, 0.09563279151916504, 0.0956418514251709, 0.09565305709838867, 0.09546303749084473, 0.09528088569641113, 0.09480714797973633, 0.09500789642333984, 0.09488177299499512, 0.09492206573486328, 0.09477996826171875, 0.09480023384094238, 0.09507513046264648, 0.09476208686828613, 0.09517598152160645, 0.09491991996765137, 0.09450316429138184, 0.09442400932312012, 0.09476399421691895, 0.0942683219909668, 0.09428882598876953, 0.0944817066192627]
