date 2025-01-26T23:42:30.059438
sample_ratio 0.06
rank 2
seed 0
l2_regularization_strength 0
input_shape (100, 100, 100)
input_size 1000000
num_train_samples 60000
num_test_samples 1000000
num_iterations 10
max_num_richardson_iterations None
num_richardson_iterations None
train_mses [4.3392309090022865, 4.324726575784723, 4.298120009963951, 3.782270653704237, 1.850505111702649, 0.15441131504353264, 0.09010349957689062, 0.08495544739033221, 0.08318737002506665, 0.08206911618284664, 0.08147290278735742, 0.08097802739504392, 0.0805814954048808, 0.08034087526841749, 0.08009495566994869, 0.079895490891613, 0.07975621975225894, 0.07961328114607119, 0.0794891590341962, 0.07939576208934977, 0.0793003180272508, 0.07921545176731508, 0.07914762136369667, 0.07907940962531247, 0.07901814433617922, 0.07896690984961414, 0.07891595474377258, 0.07886996435003003, 0.07883013402241079, 0.0787907674800009, 0.07875507783435769]
train_rres [1.0000027338737754, 0.9966601201307529, 0.990528471661766, 0.8716477812019559, 0.42646040497889304, 0.03558504730970428, 0.020764911524195108, 0.019578510899604478, 0.019171046481129356, 0.018913337932578756, 0.018775936849768332, 0.018661889739665555, 0.018570506477850916, 0.018515054071806057, 0.018458380371802734, 0.018412412473843353, 0.01838031657412646, 0.018347375483882263, 0.018318770771708116, 0.01829724686525084, 0.018275251187898665, 0.01825569323080233, 0.01824006129268227, 0.018224341473595213, 0.018210222506914342, 0.018198415201032693, 0.01818667228017529, 0.018176073508079746, 0.018166894361510776, 0.018157822097126002, 0.018149597196455203]
test_mses [4.313504392026129, 4.325636786854677, 4.3275904806344645, 3.812092034545546, 1.8463825603510178, 0.1545599618981956, 0.09102450104478323, 0.08607992597467043, 0.08410632525762089, 0.08305686302266307, 0.08264793781670349, 0.08205976067251887, 0.08169822258645325, 0.08156061301588556, 0.08128248415655959, 0.08108265042266381, 0.08101635132531454, 0.08086585117545919, 0.08073336093721781, 0.080695258711431, 0.08060336549282918, 0.08051001492620179, 0.08048316944389242, 0.08042182663327926, 0.08035328705165842, 0.08033160298367513, 0.08028766705459059, 0.0802353477041877, 0.08021651160117454, 0.08018343371416559, 0.08014187444296093]
test_rres [0.9999992517043353, 1.002811903471274, 1.0032648280866885, 0.8837568796778245, 0.42804666714241474, 0.03583161907227054, 0.02110220012753666, 0.019955899829512354, 0.019498360191008438, 0.019255063475792433, 0.01916026238999348, 0.019023905346949428, 0.01894009001197572, 0.01890818800027279, 0.018843709417216865, 0.018797381984531167, 0.018782011872039685, 0.01874712143874954, 0.018716406241300235, 0.018707573006460948, 0.01868626941163712, 0.01866462795997982, 0.01865840437475046, 0.018644183277671252, 0.018628293753955992, 0.01862326673884566, 0.018613081077208528, 0.01860095188792353, 0.01859658511622092, 0.018588916673291298, 0.018579281991990673]
step_times_seconds [0.17002081871032715, 0.14124393463134766, 0.14102506637573242, 0.14211702346801758, 0.1413280963897705, 0.14125967025756836, 0.14223694801330566, 0.14148831367492676, 0.14115381240844727, 0.14257097244262695, 0.14154815673828125, 0.14153194427490234, 0.14233803749084473, 0.1415250301361084, 0.14115095138549805, 0.14233684539794922, 0.1417560577392578, 0.14301180839538574, 0.14366793632507324, 0.1421360969543457, 0.14202380180358887, 0.14281988143920898, 0.14203619956970215, 0.1419391632080078, 0.14246726036071777, 0.14168977737426758, 0.14118480682373047, 0.14236688613891602, 0.1455240249633789, 0.1449570655822754, 0.14377498626708984]
