date 2025-01-26T23:42:30.059438
sample_ratio 0.02
rank 1
seed 0
l2_regularization_strength 0
input_shape (100, 100, 100)
input_size 1000000
num_train_samples 20000
num_test_samples 1000000
num_iterations 10
max_num_richardson_iterations None
num_richardson_iterations None
train_mses [4.321481879165118, 4.299665568992191, 4.276825744872909, 4.249504695581425, 4.235703219447737, 4.222554156262526, 4.213973866140691, 4.207227473422402, 4.198839833910815, 4.19174294440948, 4.18079571187924, 4.155444274885166, 4.087849402653384, 3.6900564423321485, 2.2295773209489247, 0.5642381790092796, 0.13406345938460143, 0.09297360509472972, 0.0872473293726169, 0.08672760878666418, 0.08666043447975805, 0.08665247790240535, 0.08665167425805259, 0.08665156629676747, 0.08665155228721699, 0.0866515508284338, 0.08665155061727528, 0.08665155058987621, 0.08665155058707562, 0.08665155058664042, 0.0866515505865885]
train_rres [0.9999955462541029, 0.9949472286587414, 0.9896620688373788, 0.9833399487002581, 0.9801462723060657, 0.9771035649685619, 0.9751180766228233, 0.9735569541050834, 0.9716160453173799, 0.9699738174677601, 0.9674406161076372, 0.9615742663706547, 0.945932740368362, 0.8538830222912561, 0.5159265856759341, 0.13056532037218943, 0.031022428428166705, 0.02151419203263657, 0.020189125682979193, 0.020068861781433064, 0.020053317574698633, 0.020051476414157273, 0.020051290449991276, 0.020051265467633996, 0.020051262225808976, 0.02005126188824498, 0.02005126183938267, 0.020051261833042497, 0.020051261832394435, 0.02005126183229373, 0.020051261832281713]
test_mses [4.313511077090323, 4.336565161509074, 4.3614470379764185, 4.39208122456207, 4.415296613756236, 4.432556378008206, 4.444646723776885, 4.456259889064964, 4.46265803973154, 4.473066575732133, 4.4738910395642355, 4.436184326187314, 4.3493100342237625, 3.9135778868169977, 2.3302159097479285, 0.5962172975909253, 0.14130514832054777, 0.09532441085711242, 0.088896074963483, 0.08837970917735495, 0.08826093636211253, 0.08824759573453862, 0.0882505876100654, 0.08824839511160673, 0.0882484945243076, 0.08824873480613403, 0.08824863518875802, 0.08824864655072973, 0.08824865956002446, 0.08824865488091285, 0.08824865546940223]
test_rres [1.0000008015020367, 1.0053454273728477, 1.0111137900744924, 1.0182157102020928, 1.0235977313413562, 1.027599060601266, 1.0304019641392514, 1.0330942429785788, 1.0345775255482441, 1.036990535311529, 1.0371816706716048, 1.0284401274310662, 1.0083000698211817, 0.9072843337167338, 0.5402136996464081, 0.1382209909293851, 0.03275875708941713, 0.022099047749315846, 0.020608767341762105, 0.020489058318006778, 0.020461523229231907, 0.02045843047299968, 0.020459124079176022, 0.020458615792498, 0.020458638839333576, 0.020458694543843133, 0.02045867144955774, 0.020458674083602402, 0.02045867709954578, 0.020458676014787847, 0.020458676151217273]
step_times_seconds [0.06444907188415527, 0.04856276512145996, 0.04796910285949707, 0.047888994216918945, 0.0479130744934082, 0.047888755798339844, 0.047979116439819336, 0.04783892631530762, 0.048660993576049805, 0.049440860748291016, 0.0482633113861084, 0.04793810844421387, 0.04797077178955078, 0.04787707328796387, 0.04783987998962402, 0.04797005653381348, 0.04793095588684082, 0.049327850341796875, 0.0488588809967041, 0.04847097396850586, 0.04794812202453613, 0.04851794242858887, 0.047872066497802734, 0.04789876937866211, 0.04793906211853027, 0.048623085021972656, 0.04975700378417969, 0.048378944396972656, 0.04794883728027344, 0.04841899871826172, 0.04793190956115723]
