date 2025-01-28T11:36:04.233235
sample_ratio 0.6
rank 16
seed 0
l2_regularization_strength 0
input_shape (100, 100, 100)
input_size 1000000
num_train_samples 600000
num_test_samples 1000000
num_iterations 10
max_num_richardson_iterations None
num_richardson_iterations None
train_mses [4.315712483223459, 4.3050159556279235, 3.897842119286459, 0.8407317173764232, 0.24595408443068528, 0.13345147287366943, 0.07757285116767951, 0.051952472174561455, 0.04130798477854326, 0.031776140382233246, 0.02677307060016761, 0.023843854077611446, 0.020971343186074277, 0.019255586100597452, 0.017929851251794415, 0.016732012830517843, 0.015957212302090247, 0.015318376022355399, 0.014723917652197395, 0.014297638753102122, 0.013895958002550845, 0.013489391840275637, 0.013173350000034202, 0.012857701632576777, 0.012531452780790549, 0.012265423174796584, 0.011996159838245795, 0.011718258324031911, 0.011483531662692002, 0.011245750048500985, 0.011002030756832247]
train_rres [1.0000037523399115, 0.9975252351138164, 0.9031780408141681, 0.19480789680865065, 0.05699059153966295, 0.030922350399320484, 0.017974585320253922, 0.012038027862109156, 0.009571568991382309, 0.007362923211552534, 0.006203650304765381, 0.0055249147482705815, 0.0048593185851015025, 0.004461756530110506, 0.004154567432466862, 0.0038770135127769194, 0.003697482684726059, 0.0035494564481894303, 0.0034117131200417073, 0.0033129390473258615, 0.0032198646686791245, 0.003125658279947229, 0.0030524274918985795, 0.0029792878763416067, 0.0029036919979667027, 0.0028420496607485454, 0.0027796580283205117, 0.0027152648237047912, 0.002660875764418152, 0.0026057788349186095, 0.0025493060723947437]
test_mses [4.313541718804291, 4.308199171581859, 3.9084225689787413, 0.8473229324848223, 0.24850346091960523, 0.13466640174851632, 0.07811483641767103, 0.05230149362711965, 0.041593009210727803, 0.031974285758986566, 0.02694043875108736, 0.023996338496840144, 0.021096692326922035, 0.019373858733288094, 0.018036119378552023, 0.01682776027601232, 0.01605042322001112, 0.015404359339253526, 0.014806402684412289, 0.014380536154769611, 0.013974520171648144, 0.013566507282205853, 0.013251369654814311, 0.012932515963912391, 0.012605354856696544, 0.012339908989572714, 0.012067959515596327, 0.011789404766628478, 0.011554846607356263, 0.011314667906574519, 0.011070521611547045]
test_rres [1.0000079051672364, 0.9987693430286414, 0.9060891769458066, 0.19643478281906723, 0.05761053018165965, 0.031219697197288954, 0.0181093539881585, 0.012125049550621136, 0.009642502778888415, 0.00741259517247142, 0.006245598970868197, 0.005563068530738782, 0.004890843876120211, 0.004491439552426967, 0.004181311584043666, 0.003901177825384796, 0.0037209678606609344, 0.0035711909418046335, 0.003432566715874034, 0.003333838124857447, 0.003239711483871055, 0.0031451219003105838, 0.00307206357859936, 0.0029981437622907197, 0.0029222980385660855, 0.0028607597522060354, 0.002797713735380251, 0.0027331364183752027, 0.0026787588259501297, 0.0026230782240012703, 0.0025664778151121117]
step_times_seconds [0.021284103393554688, 0.038352012634277344, 0.0378727912902832, 0.03157782554626465, 0.03593873977661133, 0.02925705909729004, 0.03139686584472656, 0.022714853286743164, 0.024983644485473633, 0.02857494354248047, 0.027732133865356445, 0.02960515022277832, 0.025602102279663086, 0.02788686752319336, 0.038995981216430664, 0.05361485481262207, 0.029890060424804688, 0.029470205307006836, 0.026855945587158203, 0.029006004333496094, 0.036768198013305664, 0.03252887725830078, 0.036672115325927734, 0.033364057540893555, 0.036756038665771484, 0.03842806816101074, 0.028926849365234375, 0.02943730354309082, 0.02703094482421875, 0.03599214553833008, 0.03722214698791504]
