date 2025-01-28T11:36:04.233235
sample_ratio 0.8
rank 16
seed 0
l2_regularization_strength 0
input_shape (100, 100, 100)
input_size 1000000
num_train_samples 800000
num_test_samples 1000000
num_iterations 10
max_num_richardson_iterations None
num_richardson_iterations None
train_mses [4.313941005736653, 4.304343002927999, 3.6960642501351924, 0.28548839532928805, 0.0974765172303655, 0.066019683599382, 0.036283142361525675, 0.02817285777030631, 0.024562496513040388, 0.022031490098029557, 0.020530715623907375, 0.019200848528173914, 0.017568119281966832, 0.016436301318574306, 0.015434728191946263, 0.014455673745270571, 0.013866575991775099, 0.01326841703948073, 0.012665152227406152, 0.01222493988946089, 0.011762689538751004, 0.01131713124249838, 0.01095180192750402, 0.010572330925554863, 0.01021438498178895, 0.009899143288926607, 0.009576212247137717, 0.009273391898399048, 0.008995499410237813, 0.008714519879629916, 0.008450826553660435]
train_rres [1.000006144108762, 0.997781250034628, 0.8567773537563221, 0.06617850105539139, 0.02259583893406623, 0.015303892460213374, 0.008410723568275312, 0.006530694515744248, 0.005693783803493642, 0.005107076205400905, 0.004759184638722537, 0.004450910773870636, 0.0040724310320981024, 0.003810066545448865, 0.0035778938571644466, 0.0033509411796033145, 0.0032143835928878824, 0.003075725547575581, 0.0029358839229921725, 0.0028338391703930177, 0.002726685829582002, 0.0026234018409463785, 0.002538715573996601, 0.002450751150524967, 0.002367776408276818, 0.0022947008540857936, 0.0022198428471072794, 0.0021496466601642647, 0.0020852289513468825, 0.0020200956413171335, 0.0019589694122427686]
test_mses [4.313541718804291, 4.306735764834899, 3.7008746426382433, 0.2866715421559322, 0.09783309176165385, 0.06624161143612203, 0.03637262610670439, 0.028238204190084704, 0.02462875493434982, 0.022083931894389244, 0.020582437078805815, 0.019258211884566803, 0.017616666116538695, 0.016482092523100945, 0.01548367847984391, 0.014496329895309568, 0.013905388460508613, 0.013309397382173911, 0.012700309728114756, 0.012258809970852675, 0.011798189325427831, 0.011348817601920889, 0.010981931001072049, 0.010603657851931216, 0.010243355567125311, 0.009926189551726307, 0.009604141796843936, 0.009299975750319435, 0.009019916233086228, 0.00873957265840264, 0.008475219975021755]
test_rres [1.0000079051672364, 0.9984300816024554, 0.8579733638688677, 0.0664590322826136, 0.02268063496919764, 0.015356785538520467, 0.00843226193451054, 0.006546459790735244, 0.005709681564318687, 0.0051197155171332845, 0.004771624138161467, 0.004464629156128997, 0.004084069780160572, 0.003821041708011486, 0.0035895794894975123, 0.0033606825750696822, 0.0032236846868342033, 0.003085516140290261, 0.002944311416027675, 0.002841958575560913, 0.0027351729416814374, 0.002630995144140596, 0.002545939863569326, 0.0024582448407521602, 0.0023747160014494077, 0.0023011874387681326, 0.00222652714295604, 0.0021560123616379445, 0.0020910861943704215, 0.002026094174095226, 0.001964809320402809]
step_times_seconds [0.014213085174560547, 0.03886985778808594, 0.03836703300476074, 0.04033923149108887, 0.030436992645263672, 0.030321121215820312, 0.029118061065673828, 0.029105186462402344, 0.029928922653198242, 0.03619503974914551, 0.02921319007873535, 0.037780046463012695, 0.0304262638092041, 0.029201269149780273, 0.03968977928161621, 0.028089046478271484, 0.0395662784576416, 0.031625986099243164, 0.028957128524780273, 0.028901100158691406, 0.03693509101867676, 0.033544301986694336, 0.026776790618896484, 0.032525062561035156, 0.0382997989654541, 0.03791999816894531, 0.02642202377319336, 0.037674903869628906, 0.02054286003112793, 0.04018092155456543, 0.04841494560241699]
