date 2025-01-28T11:36:04.233235
sample_ratio 0.4
rank 16
seed 0
l2_regularization_strength 0
input_shape (100, 100, 100)
input_size 1000000
num_train_samples 400000
num_test_samples 1000000
num_iterations 10
max_num_richardson_iterations None
num_richardson_iterations None
train_mses [4.315993885738515, 4.304624253579956, 4.06842238986172, 1.7807179039326761, 0.7694170272520461, 0.40072759149402953, 0.22994379600597808, 0.14331464267066568, 0.10907412986391533, 0.08279175087868493, 0.06351615955344972, 0.054024533764018015, 0.04463643777335488, 0.03719691482507803, 0.033104783364540556, 0.028947632211286246, 0.025694129065062608, 0.02386288659186966, 0.022197027388754273, 0.0208991912829642, 0.02009475420999409, 0.019342839569487902, 0.018744545563466365, 0.018291951802690904, 0.01785693745839277, 0.017511642897799874, 0.01719374812971041, 0.016885943955934377, 0.01663921880863113, 0.016384724499796315, 0.016138815595392462]
train_rres [0.9999999404158451, 0.9973656383797188, 0.9426385335928383, 0.41258580178118204, 0.17827110088116513, 0.09284711198066159, 0.05327713346971652, 0.03320547663539173, 0.025272075506233407, 0.01918254477124724, 0.014716461016956398, 0.012517286162875929, 0.010342098783138721, 0.008618388624609112, 0.0076702567863706364, 0.0067070601240003325, 0.005953235387798304, 0.00552894322878229, 0.0051429697663635575, 0.00484226590467643, 0.00465588078775202, 0.004481664925633086, 0.004343042400622181, 0.0042381780876064555, 0.004137386860858984, 0.004057383378657635, 0.0039837283278017005, 0.003912411230608197, 0.003855245919642952, 0.0037962805224694474, 0.0037393043319877734]
test_mses [4.313541718804291, 4.309865258256334, 4.084536268467033, 1.7979740227149148, 0.7804983710799596, 0.40785853162007757, 0.23414523316014413, 0.14583805891117135, 0.1109362941189577, 0.08414652453835746, 0.06454790592609524, 0.05492945375542677, 0.0453825042494203, 0.03781868698206905, 0.033657876212540794, 0.029434347357873588, 0.026121394274291533, 0.024257883254261065, 0.02256397889847061, 0.02123586128117923, 0.02041851218873798, 0.019655927860363867, 0.01904157351150075, 0.0185841697680936, 0.01814602010368951, 0.017791156890412593, 0.017471086142359808, 0.017163045476317248, 0.016909673067101384, 0.016653280917108507, 0.016407914611097845]
test_rres [1.0000079051672364, 0.9991555917202689, 0.9469175966476006, 0.4168241211536611, 0.18094285205301452, 0.09455379880341987, 0.0542818638096481, 0.033809621256159536, 0.025718348939410968, 0.019507679585867504, 0.014964133975265947, 0.012734289259910398, 0.010521020999487651, 0.008767502069180795, 0.00780290176328956, 0.0068237615305761275, 0.006055719979340457, 0.005623702423262828, 0.005231004761616652, 0.004923107399573423, 0.004733621448815287, 0.004556831607324627, 0.004414405905781329, 0.004308366045944983, 0.004206789857139299, 0.004124521957194579, 0.004050319990659687, 0.003978906956722246, 0.003920167658789277, 0.0038607282946820556, 0.003803845050780021]
step_times_seconds [0.015155792236328125, 0.03684401512145996, 0.043666839599609375, 0.034442901611328125, 0.03455495834350586, 0.0413818359375, 0.027521610260009766, 0.024098873138427734, 0.024698734283447266, 0.03760695457458496, 0.024875164031982422, 0.04409503936767578, 0.03725790977478027, 0.027722835540771484, 0.03094196319580078, 0.022727251052856445, 0.029272794723510742, 0.02611994743347168, 0.03261113166809082, 0.03742480278015137, 0.028230905532836914, 0.043087005615234375, 0.0285031795501709, 0.031120777130126953, 0.02161717414855957, 0.025715112686157227, 0.03707528114318848, 0.03482508659362793, 0.02793407440185547, 0.03133893013000488, 0.024460792541503906]
