date 2025-01-28T11:36:04.233235
sample_ratio 0.7
rank 16
seed 0
l2_regularization_strength 0
input_shape (100, 100, 100)
input_size 1000000
num_train_samples 700000
num_test_samples 1000000
num_iterations 10
max_num_richardson_iterations None
num_richardson_iterations None
train_mses [4.315757786526374, 4.305504660826029, 3.796076237131693, 0.5147364426335859, 0.1477376793556728, 0.09269669127895433, 0.051835050292855706, 0.03635079711323171, 0.030010632231656086, 0.02523609561878949, 0.022618020442063933, 0.021111739059426666, 0.019710625466460636, 0.01872351890117303, 0.01802482692327725, 0.017297720759413555, 0.016763523002981368, 0.016328720441714382, 0.015830297458861387, 0.015444880310460875, 0.015100118307623275, 0.01471131667816945, 0.014391802361999903, 0.014092629128050994, 0.0137667002681387, 0.013482115550511207, 0.013209548452558567, 0.012920718983314096, 0.012655698188100816, 0.012398748110594895, 0.01213147255030447]
train_rres [1.000004789926255, 0.9976290368559434, 0.8795893115012582, 0.11926964710350091, 0.03423231662107995, 0.021478762218460557, 0.012010706147771267, 0.008422847858690194, 0.006953767441273883, 0.005847458950688322, 0.005240824415894422, 0.004891803763642671, 0.004567151553416448, 0.004338428964642588, 0.004176534956883364, 0.004008057094451277, 0.0038842780638328766, 0.0037835299066270593, 0.0036680402533804403, 0.0035787351965203234, 0.00349885034864992, 0.003408761073251104, 0.0033347263700948997, 0.003265404901707436, 0.003189883883798359, 0.0031239427223977425, 0.00306078616519245, 0.0029938614518505552, 0.0029324534494203137, 0.0028729155140245796, 0.002810985059689288]
test_mses [4.313541718804291, 4.307433369972651, 3.802555774510579, 0.5173394813852358, 0.14862428998922905, 0.093232780059955, 0.05208961165540016, 0.03651900577420546, 0.030138572772196923, 0.02532406938058591, 0.022695444007785417, 0.021185926090379965, 0.01978252466209781, 0.018794745507410945, 0.018095888768210833, 0.017369199788157725, 0.01683257806284251, 0.0163977720410111, 0.015898744678763035, 0.015510309850701544, 0.015165799940467411, 0.014775882316305314, 0.014453306114358962, 0.01415447899845064, 0.013827314791739546, 0.013539766668124398, 0.013267507494854003, 0.012977466991313755, 0.012709636333556585, 0.012452881428000488, 0.012184437305254904]
test_rres [1.0000079051672364, 0.9985918073252867, 0.8815460895563044, 0.1199347554203698, 0.03445555290242925, 0.021614145210242113, 0.012075928976277728, 0.008466197116826894, 0.006987022031401472, 0.005870876236386403, 0.00526148230353896, 0.004911530929748729, 0.004586180530032607, 0.004357183796573382, 0.0041951679151150155, 0.004026699688301978, 0.0039022947323790174, 0.0038014936998654715, 0.0036858042410230175, 0.003595753437292425, 0.003515885742460419, 0.0034254911822719043, 0.0033507083766347316, 0.003281431319017799, 0.0032055848767375207, 0.0031389226266710342, 0.003075804812291772, 0.0030085647540596862, 0.002946473601947785, 0.0028869501402579933, 0.002824716768624884]
step_times_seconds [0.014436006546020508, 0.04205203056335449, 0.03736615180969238, 0.03135204315185547, 0.037824153900146484, 0.029337167739868164, 0.038951873779296875, 0.0298917293548584, 0.02998805046081543, 0.028488874435424805, 0.02700209617614746, 0.029068946838378906, 0.030575037002563477, 0.03321480751037598, 0.03382396697998047, 0.027094125747680664, 0.030257225036621094, 0.024489164352416992, 0.03406572341918945, 0.0428471565246582, 0.031141996383666992, 0.03676271438598633, 0.03729510307312012, 0.03768205642700195, 0.023890972137451172, 0.027022123336791992, 0.036543846130371094, 0.03747701644897461, 0.023128747940063477, 0.038233041763305664, 0.028642892837524414]
