date 2025-01-28T11:36:04.233235
sample_ratio 0.2
rank 16
seed 0
l2_regularization_strength 0
input_shape (100, 100, 100)
input_size 1000000
num_train_samples 200000
num_test_samples 1000000
num_iterations 10
max_num_richardson_iterations None
num_richardson_iterations None
train_mses [4.322701599531434, 4.310122523505352, 4.216651011691805, 3.0338064075570808, 2.0458724295007933, 1.4277534141966113, 1.013523690581008, 0.7114137333727979, 0.5277135742561977, 0.4018546175750592, 0.30329767545975017, 0.24543367254592363, 0.20349427502347844, 0.16633261620512083, 0.14531806224385171, 0.1286082498273983, 0.11142801215100069, 0.10175518154158282, 0.09321951648902493, 0.08341489988539202, 0.0776946359144511, 0.07228964382082773, 0.0658220383255535, 0.06184183234027231, 0.05795982207722763, 0.053337892902876785, 0.050331430749859844, 0.047383393188715074, 0.043983662258543575, 0.041694862488307234, 0.03949026311282274]
train_rres [1.0000030669854074, 0.9970930547358253, 0.975469587018451, 0.7018332499578314, 0.4732870537220164, 0.3302929337639827, 0.2344660568643554, 0.1645766886489347, 0.12207994944717715, 0.09296405056061861, 0.07016413200998456, 0.05677801708866975, 0.047075860882811946, 0.03847897489913656, 0.033617520105477576, 0.02975191354429011, 0.025777479970203448, 0.0235397913273194, 0.021565171743991397, 0.01929699605605778, 0.017973684376267736, 0.016723306910647363, 0.015227107096154739, 0.014306336115121417, 0.013408281488927856, 0.012339055856920043, 0.011643548358989033, 0.0109615566612386, 0.010175071339775472, 0.009645586077549662, 0.00913557952581415]
test_mses [4.313541718804291, 4.311616678241461, 4.238436731285737, 3.074905107276971, 2.0888688132549866, 1.469460736026332, 1.0503700311826287, 0.7415024479164027, 0.5526686856665161, 0.4220165845925308, 0.3191880320768335, 0.2583662573428295, 0.21391084465903354, 0.1747112356464548, 0.1523237515170879, 0.13444193691464, 0.11634120008295061, 0.10605433913399741, 0.09696865678393857, 0.08672606585501902, 0.08072046818533786, 0.07503651675814112, 0.0683346766659632, 0.06421148977489348, 0.06017175480549622, 0.05540719975336884, 0.05231912372579651, 0.04927025573992353, 0.04577027189176511, 0.04342351567785623, 0.04114611647504493]
test_rres [1.0000079051672364, 0.9995616232239775, 0.9825963241203607, 0.7128549149093306, 0.4842622286475363, 0.3406649218096664, 0.243507169515576, 0.17190243144856035, 0.12812512098714626, 0.09783605867644003, 0.07399732658667463, 0.059897021198376504, 0.04959092773520934, 0.04050328666264084, 0.035313198664053275, 0.031167659539387126, 0.02697136769824581, 0.024586565848882712, 0.02248023310280327, 0.020105694367345522, 0.018713417316041186, 0.01739570747797361, 0.015842020621966477, 0.014886142655705705, 0.013949611339324323, 0.012845045062392008, 0.012129136734470289, 0.011422318002569988, 0.010610917129626474, 0.010066868893074414, 0.009538899684823854]
step_times_seconds [0.01588296890258789, 0.03347492218017578, 0.036871910095214844, 0.03234219551086426, 0.025954008102416992, 0.028339862823486328, 0.025761842727661133, 0.03630685806274414, 0.027915000915527344, 0.027179718017578125, 0.01880192756652832, 0.031504154205322266, 0.03219723701477051, 0.028428077697753906, 0.02841806411743164, 0.03245902061462402, 0.03066086769104004, 0.030694007873535156, 0.02163410186767578, 0.03261399269104004, 0.027588844299316406, 0.034192800521850586, 0.027997970581054688, 0.02782583236694336, 0.029375076293945312, 0.023097753524780273, 0.02450108528137207, 0.0243222713470459, 0.034661054611206055, 0.03702712059020996, 0.036170005798339844]
