date 2025-01-28T11:36:04.233235
sample_ratio 0.3
rank 16
seed 0
l2_regularization_strength 0
input_shape (100, 100, 100)
input_size 1000000
num_train_samples 300000
num_test_samples 1000000
num_iterations 10
max_num_richardson_iterations None
num_richardson_iterations None
train_mses [4.3187702566143145, 4.3069222479684415, 4.153141631473374, 2.384083259162635, 1.2936724588633832, 0.7676788641012839, 0.4753898570940085, 0.2989265524494552, 0.21679927747881841, 0.16321050093316636, 0.12314220058097912, 0.10406374951007342, 0.08788885799096398, 0.07281416705457372, 0.06494786173287148, 0.05725497479616246, 0.04945284325666339, 0.045030995906988745, 0.04057971130509299, 0.036124912685278544, 0.03342624331333469, 0.030758491071819796, 0.028208609708817774, 0.02657094347817787, 0.02500943693314051, 0.02356535082898095, 0.022577939385434943, 0.02164936451993518, 0.020807088528452585, 0.02020533024780584, 0.0196428219934177]
train_rres [0.9999939602574168, 0.9972506012957297, 0.961643315294764, 0.5520249326210825, 0.29954467789377354, 0.17775296714217298, 0.11007461791549963, 0.06921524629660855, 0.05019900462057647, 0.03779073798468303, 0.028513083474443212, 0.02409554452044274, 0.020350313154602843, 0.016859828828410608, 0.015038417328413446, 0.013257160161081978, 0.011450607843397595, 0.01042674679497003, 0.00939606966865951, 0.00836457888557029, 0.007739712798159769, 0.0071220054485056925, 0.006531590628807936, 0.006152395570434706, 0.005790834982313977, 0.00545646262711875, 0.005227831461030944, 0.005012823669003925, 0.004817798035708784, 0.0046784633153077555, 0.004548216781327026]
test_mses [4.313541718804291, 4.310799076183913, 4.172593662559318, 2.4115762462058496, 1.3164786193057394, 0.7858799229150002, 0.48853819494353506, 0.3078858478042059, 0.22332446229458586, 0.16793923316944687, 0.12661132565131528, 0.1068451314244761, 0.0901200366451015, 0.0746594175210314, 0.0665858087082734, 0.05868043364275661, 0.05072717176400546, 0.04621521717329815, 0.04165056520689478, 0.03710708574279073, 0.03434929721009829, 0.0316038438954564, 0.02899182785522038, 0.027311560186777897, 0.025694684752332452, 0.024209446816288033, 0.023192913416431656, 0.02222527938089518, 0.02135643053959083, 0.020736650084923324, 0.02014790052401534]
test_rres [1.0000079051672364, 0.999372078628346, 0.967331932694667, 0.5590754575541398, 0.30519909441244897, 0.18219045662668715, 0.11325775633279161, 0.07137714244216672, 0.051773285682678895, 0.03893333406862785, 0.02935228978615637, 0.02476989513914473, 0.020892518244623334, 0.017308284603054298, 0.015436580754499917, 0.01360387851717923, 0.011760074685180815, 0.010714068745608351, 0.009655845979188494, 0.008602531631662372, 0.0079631938175757, 0.007326715675741356, 0.006721172282646806, 0.006331636012737917, 0.0059567959575073035, 0.0056124734091420134, 0.005376810582168199, 0.005152484089479593, 0.004951058957571841, 0.004807375322513026, 0.004670885576162567]
step_times_seconds [0.01854109764099121, 0.03661298751831055, 0.037117958068847656, 0.03073883056640625, 0.03197479248046875, 0.02849578857421875, 0.02876901626586914, 0.021136045455932617, 0.03654289245605469, 0.024743080139160156, 0.036351919174194336, 0.027412891387939453, 0.034667015075683594, 0.028064966201782227, 0.040534019470214844, 0.02847003936767578, 0.03749489784240723, 0.037355899810791016, 0.027401208877563477, 0.04144692420959473, 0.025506019592285156, 0.042691946029663086, 0.03221297264099121, 0.027009010314941406, 0.02993321418762207, 0.027111053466796875, 0.060027122497558594, 0.027537107467651367, 0.028622150421142578, 0.029010295867919922, 0.032312870025634766]
