date 2025-01-28T11:36:04.233235
sample_ratio 0.1
rank 16
seed 0
l2_regularization_strength 0
input_shape (100, 100, 100)
input_size 1000000
num_train_samples 100000
num_test_samples 1000000
num_iterations 10
max_num_richardson_iterations None
num_richardson_iterations None
train_mses [4.329567173196105, 4.316602724330777, 4.268582951375013, 3.8075178140073236, 3.188742195260966, 2.675127470489717, 2.260800029464285, 1.8881384836403217, 1.5923444372686497, 1.3557202014785097, 1.1445465716536245, 0.9781047975787043, 0.844859194066192, 0.72367562633725, 0.6286995415764092, 0.5525766498679574, 0.4812169191661651, 0.42571190302714645, 0.3812176288530919, 0.33786785908909167, 0.3044882838200426, 0.277765141965767, 0.25051703583769763, 0.2297893615281758, 0.21324121403435703, 0.19548338231903606, 0.18214798468908408, 0.17154257634051057, 0.159522966590706, 0.15060012679567572, 0.14353284057046722]
train_rres [0.9999992178307167, 0.9970048218076694, 0.985913704964984, 0.879421587325349, 0.7365031130284616, 0.617873628257485, 0.5221765064952243, 0.4361029477693878, 0.36778345919743927, 0.3131304093094861, 0.2643556805193402, 0.22591265902756166, 0.19513695005674284, 0.16714720694959997, 0.14521060066215138, 0.12762851240198242, 0.11114657043600877, 0.09832658855229406, 0.08804975542046066, 0.07803726823109089, 0.0703275947636783, 0.06415535631968443, 0.05786186698797299, 0.05307440041965308, 0.049252278279404545, 0.04515075562937448, 0.042070681648314304, 0.039621152716414185, 0.03684498598481868, 0.03478407955724334, 0.03315174994675777]
test_mses [4.313541718804291, 4.312549872395804, 4.288905237290375, 3.8605572345486303, 3.2607362605091814, 2.760182745526476, 2.3543370181114676, 1.9830810011949862, 1.6865698418073085, 1.4476949666477386, 1.2315489348845703, 1.0599689009574593, 0.9215365369396102, 0.7942618397513546, 0.6937147707958251, 0.6124722931541616, 0.5357689144265863, 0.4755689541719808, 0.4269110634552693, 0.37939001509251097, 0.3424178772347552, 0.31256859550690547, 0.2822300933605886, 0.25887280521409545, 0.24006477257398148, 0.22007102602924822, 0.2048492241243621, 0.19263847322952884, 0.179014636409564, 0.16874747889795041, 0.16054635754698315]
test_rres [1.0000079051672364, 0.9997779655227734, 0.9942964323508215, 0.8949925616969218, 0.7559361308503849, 0.639892864186279, 0.5458056935617054, 0.45973745174108493, 0.39099730207118133, 0.3356189658737925, 0.2855098549565546, 0.24573247444624494, 0.21363971462770512, 0.18413363549065143, 0.1608238194852561, 0.1419893847740146, 0.12420724886786783, 0.11025109866235958, 0.09897074517618466, 0.0879539457286611, 0.07938269905043555, 0.07246274333022336, 0.06542937169387347, 0.060014454136002524, 0.055654189984906996, 0.051019041908911184, 0.04749017323716102, 0.04465935619194046, 0.04150094359115777, 0.03912070958751938, 0.03721944452117004]
step_times_seconds [0.02292799949645996, 0.027282238006591797, 0.03788304328918457, 0.03127431869506836, 0.027579069137573242, 0.03267812728881836, 0.034316062927246094, 0.03656125068664551, 0.03885221481323242, 0.02130293846130371, 0.026396751403808594, 0.03063178062438965, 0.02754688262939453, 0.030644893646240234, 0.030014991760253906, 0.035636186599731445, 0.034003257751464844, 0.03151988983154297, 0.028789043426513672, 0.027045011520385742, 0.031701087951660156, 0.030887126922607422, 0.025210142135620117, 0.0328218936920166, 0.03263092041015625, 0.03210806846618652, 0.028011083602905273, 0.03404998779296875, 0.030342817306518555, 0.03791618347167969, 0.02626180648803711]
