date 2025-01-28T11:36:04.233235
sample_ratio 0.5
rank 16
seed 0
l2_regularization_strength 0
input_shape (100, 100, 100)
input_size 1000000
num_train_samples 500000
num_test_samples 1000000
num_iterations 10
max_num_richardson_iterations None
num_richardson_iterations None
train_mses [4.315148045733087, 4.3039980035243905, 3.9841613454859246, 1.2657390935812094, 0.4382706892973687, 0.21692408180748726, 0.12495238916022099, 0.08051609453393638, 0.06266895927407129, 0.04642374116350326, 0.03607021799250672, 0.030574713667173094, 0.025333338289108578, 0.022142686371440203, 0.020393256329547554, 0.018814066996056852, 0.017820675876737718, 0.017130782592280337, 0.016447645268830052, 0.015990806088897955, 0.01558354584638849, 0.015168425874096737, 0.01486925118754013, 0.014561602725247896, 0.014252019120957101, 0.014011653803589087, 0.013751212911379833, 0.013494755534929211, 0.013283116407773682, 0.013051026908021006, 0.01282661555950468]
train_rres [1.0000006866070115, 0.9974167544345293, 0.9232971937031611, 0.2933248058309696, 0.10156569034762754, 0.050270402880749875, 0.028956706381595233, 0.01865895421513233, 0.014523024850789674, 0.010758326839857621, 0.00835898151727108, 0.007085442801949481, 0.005870796416407184, 0.005131388619831735, 0.004725972345691743, 0.0043600079799187745, 0.004129797616135143, 0.003969920422854339, 0.003811608868938441, 0.003705740080948, 0.0036113608110316616, 0.0035151601122569076, 0.00344582879643615, 0.0033745337515697213, 0.0033027902531840305, 0.00324708753340314, 0.0031867324613941215, 0.00312730053696927, 0.0030782548796186, 0.003024470013688809, 0.0029724644972568444]
test_mses [4.313541718804291, 4.309061474008049, 3.998199008395102, 1.2768495478172048, 0.4437612173841529, 0.21994090478814735, 0.12638922458152183, 0.0813765990461428, 0.0633796477859012, 0.04691764795135923, 0.03646009381533941, 0.030930877784497733, 0.025630584238368465, 0.022400562214276866, 0.02063690588741513, 0.019036984100370635, 0.018026328516100025, 0.01733019336179523, 0.016638471337383217, 0.0161721420657712, 0.015760960585040364, 0.015341571608176629, 0.015035836593195977, 0.014724994009866378, 0.014412987936305804, 0.01416722434009838, 0.01390389596233507, 0.013645936533428582, 0.013429393513578526, 0.013194631451059029, 0.012969237797440324]
test_rres [1.0000079051672364, 0.9989692505058488, 0.9269020390824487, 0.2960118911010232, 0.1028771145196668, 0.050988875915810014, 0.029300800119423504, 0.018865528061781465, 0.01469329681832433, 0.010876913196105183, 0.008452539563842508, 0.007170702015798161, 0.00594193554236171, 0.005193119889582712, 0.004784251636107507, 0.004413341943100692, 0.004179041769471635, 0.004017656832742062, 0.003857294991433142, 0.0037491859273686913, 0.0036538617696361478, 0.003556634868972257, 0.0034857563538684723, 0.0034136937517526473, 0.003341361417823754, 0.0032843860701788313, 0.0032233386811457727, 0.003163535974939323, 0.0031133348303172964, 0.0030589099670246937, 0.0030066569809435225]
step_times_seconds [0.01932501792907715, 0.036064863204956055, 0.0391080379486084, 0.04400992393493652, 0.029467105865478516, 0.02908015251159668, 0.03285622596740723, 0.0289762020111084, 0.02820897102355957, 0.02920818328857422, 0.027799129486083984, 0.03219485282897949, 0.03715181350708008, 0.028422117233276367, 0.028002023696899414, 0.03425121307373047, 0.022175073623657227, 0.025151968002319336, 0.027842998504638672, 0.02830791473388672, 0.03405284881591797, 0.02577519416809082, 0.02818775177001953, 0.02084207534790039, 0.03289294242858887, 0.028715133666992188, 0.04070091247558594, 0.0344240665435791, 0.036183834075927734, 0.030491113662719727, 0.02778482437133789]
