date 2025-01-28T11:36:04.233235
sample_ratio 0.9
rank 16
seed 0
l2_regularization_strength 0
input_shape (100, 100, 100)
input_size 1000000
num_train_samples 900000
num_test_samples 1000000
num_iterations 10
max_num_richardson_iterations None
num_richardson_iterations None
train_mses [4.31329169148168, 4.304197214285221, 3.5468532355457483, 0.14174548214243032, 0.07223068612194788, 0.04611921111621636, 0.02973084098009137, 0.026050402850429758, 0.02356730117065712, 0.02135873620749696, 0.019925482675526986, 0.018767803543017166, 0.01729821592863788, 0.016360724040914345, 0.015523009801030805, 0.014703380264675131, 0.014170312636518018, 0.013659979025955565, 0.013171856096845128, 0.012792850125632202, 0.012416264821406167, 0.01206548806856868, 0.011759419485569356, 0.011455360740605942, 0.011170269787018804, 0.01090545309418404, 0.010642295164463118, 0.010390001016481267, 0.010148739809875969, 0.009906861712161687, 0.009669964082704804]
train_rres [1.0000081612099474, 0.9978996668003627, 0.8223144725325193, 0.032862752880127404, 0.0167462070219808, 0.010692434178718416, 0.006892898914868762, 0.006039613667836097, 0.005463922960483593, 0.004951881775769784, 0.0046195914203821555, 0.004351191167540782, 0.004010476995370453, 0.0037931256994580705, 0.0035989071915144178, 0.0034088815025161293, 0.0032852932973208475, 0.003166975823798234, 0.0030538077499236704, 0.002965937721307536, 0.0028786289083279986, 0.0027973036373538686, 0.002726343659967283, 0.0026558496502412173, 0.0025897531975396077, 0.0025283571981495404, 0.0024673457720204538, 0.0024088530418613463, 0.002352918226215762, 0.002296840388445154, 0.0022419172393115063]
test_mses [4.313541718804291, 4.305975954025202, 3.548931028617103, 0.14207623353558158, 0.07230909999094434, 0.04618521170228949, 0.02975626837658222, 0.026075961460588083, 0.023587964315335434, 0.021375417197240756, 0.019941570036584314, 0.018782832698079305, 0.017308433101666524, 0.01637152943934696, 0.015534228991283858, 0.014711470804290545, 0.014179443047323048, 0.013669366193077747, 0.0131795929443486, 0.012801177423361936, 0.012425168965251464, 0.012073351078306139, 0.011767585554205167, 0.011464043528638598, 0.011178288844031525, 0.010913654866410726, 0.010650781841957883, 0.010398119004037568, 0.010156996047267835, 0.009915139987839591, 0.00967810759235139]
test_rres [1.0000079051672364, 0.9982539347454965, 0.822748292438948, 0.0329375176905329, 0.016763410746961933, 0.01070711258054424, 0.006898392445154915, 0.006045187295105741, 0.0054683951888789715, 0.004955460632339436, 0.004623052001814935, 0.004354422051288189, 0.004012612154014987, 0.0037954098803901913, 0.003601298609039077, 0.0034105586684821916, 0.0032872187317391274, 0.003168967670374748, 0.003055423591657839, 0.0029676955627912166, 0.0028805255630480714, 0.0027989636607739276, 0.002728078072744114, 0.0026577079581364856, 0.0025914614808392046, 0.0025301114147338963, 0.0024691695902090294, 0.002410594792111947, 0.0023546952834006068, 0.0022986258195800773, 0.0022436746252435047]
step_times_seconds [0.020862340927124023, 0.03303790092468262, 0.042960166931152344, 0.039582252502441406, 0.029814958572387695, 0.03051924705505371, 0.023747920989990234, 0.040223121643066406, 0.029239892959594727, 0.03111720085144043, 0.041487693786621094, 0.031052112579345703, 0.028773069381713867, 0.029124975204467773, 0.033687591552734375, 0.03378701210021973, 0.02532792091369629, 0.03365612030029297, 0.03748369216918945, 0.031278133392333984, 0.03062295913696289, 0.03726601600646973, 0.037331342697143555, 0.043640851974487305, 0.03747200965881348, 0.029419898986816406, 0.0294649600982666, 0.0299069881439209, 0.03728199005126953, 0.03157496452331543, 0.031052112579345703]
