date 2025-01-28T11:36:04.233235
sample_ratio 1.0
rank 16
seed 0
l2_regularization_strength 0
input_shape (100, 100, 100)
input_size 1000000
num_train_samples 1000000
num_test_samples 1000000
num_iterations 10
max_num_richardson_iterations None
num_richardson_iterations None
train_mses [4.31354171880429, 4.305276404557638, 3.3891102194357474, 0.05485950093798094, 0.04674117269781757, 0.036582724027013555, 0.03378595449133649, 0.031815905042572146, 0.03036972860217075, 0.029009709153732265, 0.02798619584199649, 0.027139186119713162, 0.026198888251875052, 0.025470950614162966, 0.024833789372237593, 0.02412640879198459, 0.023572366709529752, 0.0230891693346362, 0.02256168325304794, 0.02211844381328029, 0.0217243545734324, 0.021290628422631373, 0.02089696745452818, 0.020544179369073757, 0.020146284731462502, 0.019767209355274287, 0.01942815713333183, 0.01902669260997103, 0.01863880368839109, 0.018293809920142123, 0.0178680039559255]
train_rres [1.0000079051672366, 0.9980917582688975, 0.7856970517160736, 0.012718072105888316, 0.010836000957366724, 0.008480968912410505, 0.007832594136662834, 0.007375877788297294, 0.007040610862197204, 0.006725317702126257, 0.0064880367229444, 0.006291674551612109, 0.0060736853996929616, 0.00590492769671133, 0.005757214675642377, 0.005593222713044441, 0.005464779197629981, 0.005352759603025585, 0.005230472562389249, 0.005127716411517381, 0.005036354746120418, 0.004935804059989808, 0.004844541680784605, 0.004762754857496147, 0.004670510987151663, 0.004582629984125792, 0.004504027544573877, 0.004410956068006292, 0.0043210318217156455, 0.004241051954132951, 0.004142337403992465]
test_mses [4.313541718804291, 4.305276404557637, 3.3891102194357496, 0.0548595009379809, 0.04674117269781759, 0.036582724027013555, 0.03378595449133649, 0.03181590504257215, 0.030369728602170763, 0.02900970915373227, 0.027986195841996502, 0.027139186119713145, 0.02619888825187505, 0.02547095061416296, 0.024833789372237597, 0.024126408791984588, 0.023572366709529734, 0.0230891693346362, 0.022561683253047932, 0.02211844381328027, 0.02172435457343241, 0.02129062842263137, 0.02089696745452818, 0.020544179369073764, 0.020146284731462488, 0.0197672093552743, 0.019428157133331823, 0.019026692609971033, 0.01863880368839109, 0.018293809920142123, 0.01786800395592552]
test_rres [1.0000079051672364, 0.9980917582688968, 0.7856970517160738, 0.0127180721058883, 0.010836000957366724, 0.008480968912410502, 0.00783259413666283, 0.007375877788297292, 0.007040610862197204, 0.006725317702126255, 0.0064880367229444, 0.006291674551612102, 0.006073685399692958, 0.005904927696711327, 0.0057572146756423755, 0.005593222713044438, 0.005464779197629974, 0.005352759603025582, 0.0052304725623892444, 0.005127716411517375, 0.005036354746120419, 0.004935804059989805, 0.004844541680784603, 0.004762754857496146, 0.004670510987151657, 0.0045826299841257925, 0.004504027544573875, 0.0044109560680062904, 0.004321031821715644, 0.004241051954132949, 0.004142337403992468]
step_times_seconds [0.032202959060668945, 0.0383610725402832, 0.042919158935546875, 0.04239678382873535, 0.034567832946777344, 0.03977704048156738, 0.03749895095825195, 0.022668123245239258, 0.033979177474975586, 0.029708147048950195, 0.04312014579772949, 0.04509687423706055, 0.03277730941772461, 0.035772085189819336, 0.029154062271118164, 0.024936914443969727, 0.03566694259643555, 0.03969097137451172, 0.024041175842285156, 0.03726983070373535, 0.03711986541748047, 0.029076814651489258, 0.03870368003845215, 0.040631771087646484, 0.04780006408691406, 0.036370038986206055, 0.03127288818359375, 0.02838587760925293, 0.030677080154418945, 0.05711007118225098, 0.04035806655883789]
