date 2025-01-27T19:49:41.302964
sample_ratio 0.3
rank 16
seed 0
l2_regularization_strength 0
input_shape (1024, 1344, 33)
input_size 45416448
num_train_samples 13624934
num_test_samples 45416448
num_iterations 10
max_num_richardson_iterations 1024
num_richardson_iterations [2, 2, 2, 2, 4, 4, 4, 4, 2, 2, 2, 2, 2, 2, 2, 2, 2, 2, 2, 2, 2, 2, 2, 2, 2, 2, 2, 2, 2, 2]
train_mses [0.0010162476461319314, 0.0010073106470419595, 0.00100256674814346, 0.0010004640894035511, 0.00096646622723242, 0.0004098133649283748, 9.120294312422645e-05, 5.72248848750714e-05, 3.502115568968267e-05, 3.34012550355532e-05, 3.0618223419500305e-05, 2.9946541380814372e-05, 2.8694561888782867e-05, 2.7086219054766535e-05, 2.6476277827616126e-05, 2.5761553875346388e-05, 2.4912523720105882e-05, 2.4527166780539114e-05, 2.412935897143759e-05, 2.365599636527229e-05, 2.3407783703789267e-05, 2.3178341863698436e-05, 2.289035637840675e-05, 2.271875190486778e-05, 2.2578248350082744e-05, 2.2386792868860436e-05, 2.2259885327851562e-05, 2.216735704429791e-05, 2.2029800001880444e-05, 2.1931037797754588e-05, 2.1865524053826147e-05]
train_rres [1.0165374919136125, 1.007597943886384, 1.0028526919721215, 1.0007494335292086, 0.9667418747679067, 0.40993024852023663, 0.09122895527632548, 0.05724120608531121, 0.03503114413520073, 0.0334107814663516, 0.03062695609694806, 0.029955082486644437, 0.02870274591533615, 0.02709394436302638, 0.02648382917346392, 0.025768901373516482, 0.024919629064889495, 0.02453416221699103, 0.024136240948423374, 0.023662743333675153, 0.02341445987902162, 0.023184952599419325, 0.022896884977279982, 0.02272523156012676, 0.02258468793207531, 0.02239317784549788, 0.022266234108965634, 0.022173679435257204, 0.02203608315995331, 0.021937292787685206, 0.021871760358466427]
test_mses [0.0010162763318138244, 0.0010078461287253613, 0.0010036227763461944, 0.0010012873228767822, 0.0009676153809042541, 0.000410800146181187, 9.131457846791794e-05, 5.738655314446734e-05, 3.5228651859739624e-05, 3.3595326326274216e-05, 3.081732469750695e-05, 3.01455337710376e-05, 2.8883797852945764e-05, 2.7275922175832335e-05, 2.666346539748614e-05, 2.5941780735615726e-05, 2.5091222980841386e-05, 2.4702863546340234e-05, 2.430030886293428e-05, 2.382522025620146e-05, 2.35742828457072e-05, 2.334160995067609e-05, 2.3052145386913594e-05, 2.287822381050784e-05, 2.273550030377465e-05, 2.254285904403798e-05, 2.241400924243256e-05, 2.231992047660874e-05, 2.218142953412059e-05, 2.2081044112325857e-05, 2.201440241970787e-05]
test_rres [1.0165199786764887, 1.0080877544915285, 1.0038633895860192, 1.0015273762040193, 0.9678473615619184, 0.41089863333833687, 0.09133647065399246, 0.05740031126634331, 0.03523709774225486, 0.03360338062765204, 0.030824712987722123, 0.030152761002939715, 0.02889072259035073, 0.027282461433568026, 0.02666985782195622, 0.025948000140014207, 0.025097238468527475, 0.024708785926910823, 0.024306134733153704, 0.023830932226446153, 0.023579934655038094, 0.02334720597791394, 0.023057672016556906, 0.022883708743375274, 0.022740951019438006, 0.02254826357498062, 0.022419382882318376, 0.02232527155921177, 0.02218674741425438, 0.022086337925586973, 0.02201968025597649]
step_times_seconds [1.3159470558166504, 2.91670298576355, 3.009355068206787, 2.8920559883117676, 2.613877058029175, 5.577192068099976, 5.710357904434204, 5.374436855316162, 5.6288909912109375, 2.7095160484313965, 2.5673129558563232, 2.6667299270629883, 2.719449758529663, 2.5911500453948975, 2.6671690940856934, 2.7046380043029785, 2.5813729763031006, 2.6520259380340576, 2.685199022293091, 2.5846731662750244, 2.672966241836548, 2.697425127029419, 2.5698013305664062, 2.6877167224884033, 2.689969778060913, 2.6112492084503174, 2.694265842437744, 2.692476987838745, 2.6028177738189697, 2.672753095626831, 2.7198798656463623]
