date 2025-01-27T19:49:41.302964
sample_ratio 0.7
rank 16
seed 0
l2_regularization_strength 0
input_shape (1024, 1344, 33)
input_size 45416448
num_train_samples 31791513
num_test_samples 45416448
num_iterations 10
max_num_richardson_iterations 1024
num_richardson_iterations [5, 6, 7, 7, 6, 5, 5, 5, 4, 5, 5, 4, 4, 4, 4, 4, 4, 3, 4, 4, 3, 4, 4, 3, 4, 4, 3, 4, 4, 3]
train_mses [0.0010161646925080229, 0.0009993641588422262, 0.0008537114404019035, 0.0001505047708546116, 4.644756335565613e-05, 2.7923807023144448e-05, 2.689536546274638e-05, 2.3573230702539588e-05, 2.259149175660479e-05, 2.2437461618998935e-05, 2.1870455470807336e-05, 2.1555993204093093e-05, 2.1489992008711582e-05, 2.1242207087301064e-05, 2.107933869752428e-05, 2.1046841476481947e-05, 2.0900735355720414e-05, 2.078888735558082e-05, 2.0769858109732523e-05, 2.0665540851122805e-05, 2.0581146436055432e-05, 2.0567967843736336e-05, 2.0486601168820755e-05, 2.0419240113365475e-05, 2.0410155260616876e-05, 2.0344586009251297e-05, 2.0289468650816717e-05, 2.0282935671128566e-05, 2.022888611396166e-05, 2.018277334256362e-05, 2.0177815960477015e-05]
train_rres [1.0165087751933026, 0.9997025527127099, 0.8540005149259773, 0.15055573315047255, 0.046463290926631526, 0.02793326228032332, 0.026904472480179898, 0.023581212814672244, 0.022599141442925713, 0.02244505914930248, 0.02187786100762845, 0.021563292261106405, 0.02149726871711477, 0.021249399893457144, 0.021086476354949733, 0.021053968130050286, 0.020907812536416156, 0.020795926663517834, 0.02077689097419235, 0.020672538392802055, 0.020588115401011665, 0.020574932346300336, 0.02049353811988232, 0.020426154255355822, 0.02041706632639275, 0.02035147487267725, 0.02029633885099956, 0.020289803659184567, 0.020235735800341853, 0.020189607414736466, 0.02018464835403482]
test_mses [0.0010162763318138244, 0.0009997582466675888, 0.0008543626130960885, 0.00015060320785053235, 4.64984689431165e-05, 2.7963915875482158e-05, 2.6933004152699497e-05, 2.361082658128816e-05, 2.262566636557283e-05, 2.247042388770642e-05, 2.1904478960558232e-05, 2.1588904660633708e-05, 2.1522108531339398e-05, 2.1274988225150664e-05, 2.1111315160218372e-05, 2.1078424177540034e-05, 2.093257140452508e-05, 2.0820020333318007e-05, 2.0800810499313596e-05, 2.06965269008497e-05, 2.061159285741783e-05, 2.05983043865639e-05, 2.051685964806611e-05, 2.044912290696744e-05, 2.0439960995122555e-05, 2.0374256830923555e-05, 2.0318903877146345e-05, 2.0312310996683428e-05, 2.025809312062131e-05, 2.021185112813728e-05, 2.0206845642943788e-05]
test_rres [1.0165199786764887, 0.9999979334069113, 0.8545674420030914, 0.1506393141711769, 0.04650961670452943, 0.027970620076059875, 0.026939461197657156, 0.023616487151785923, 0.022631090749131794, 0.02247581105270435, 0.021909730443260292, 0.02159408048607041, 0.021527268342758223, 0.021280088790786217, 0.021116376486104333, 0.021083477617987276, 0.020937589877543242, 0.020825011822813547, 0.020805797383353277, 0.020701488783449518, 0.020616534377531023, 0.020603242720836655, 0.0205217784563946, 0.020454025475771364, 0.020444861367406683, 0.020379141450982657, 0.020323775226628236, 0.020317180765557184, 0.02026294989104672, 0.020216696812290144, 0.02021169012705812]
step_times_seconds [1.4527218341827393, 8.554882049560547, 10.765517234802246, 11.659070014953613, 11.084686040878296, 9.8280770778656, 8.174055814743042, 7.935579776763916, 8.266358137130737, 6.529004096984863, 7.9892778396606445, 8.23304295539856, 6.546815872192383, 6.312952756881714, 6.548684120178223, 6.539006948471069, 6.319055080413818, 6.564028739929199, 4.832722902297974, 6.311485052108765, 6.544842004776001, 4.841903209686279, 6.325021982192993, 6.623460054397583, 4.886184930801392, 6.35823392868042, 6.528834819793701, 4.843837261199951, 6.276733875274658, 6.530679225921631, 4.8712990283966064]
