date 2025-01-27T19:49:41.302964
sample_ratio 1.0
rank 16
seed 0
l2_regularization_strength 0
input_shape (1024, 1344, 33)
input_size 45416448
num_train_samples 45416448
num_test_samples 45416448
num_iterations 10
max_num_richardson_iterations 1024
num_richardson_iterations [2, 3, 3, 3, 3, 2, 3, 2, 2, 2, 2, 2, 2, 2, 2, 2, 2, 2, 2, 2, 2, 2, 2, 2, 2, 2, 2, 2, 2, 2]
train_mses [0.0010162763318138281, 0.0009996103826862039, 0.0007085304008149373, 5.898669780530652e-05, 4.020288402889566e-05, 3.096844223945529e-05, 2.9172835389132427e-05, 2.5220407955220826e-05, 2.4020940914595028e-05, 2.3697535586777687e-05, 2.3015365939017846e-05, 2.2703370403869773e-05, 2.2570512390014375e-05, 2.2259122899079353e-05, 2.2112561791500836e-05, 2.2029624340603616e-05, 2.1847865944058507e-05, 2.1757895264495254e-05, 2.1700954879274994e-05, 2.157508797834364e-05, 2.150825448039499e-05, 2.1466450826559116e-05, 2.1369523585852566e-05, 2.1313771392659734e-05, 2.1281735469012364e-05, 2.1201698610145915e-05, 2.1152165170332076e-05, 2.1126965695914338e-05, 2.1058119375841034e-05, 2.1013100796569737e-05, 2.0992894088629533e-05]
train_rres [1.0165199786764891, 0.9998500339759177, 0.7087002672221874, 0.059000839553381416, 0.04021252245720194, 0.030975866759299878, 0.029179829421754244, 0.025226454414319553, 0.02402669980782986, 0.02370321694529974, 0.02302088375098344, 0.022708813416559892, 0.022575923550700035, 0.02226445940578542, 0.02211786316095837, 0.022034905826247002, 0.02185310385408993, 0.021763111604533238, 0.0217061575681575, 0.021580260491303946, 0.021513410970378486, 0.02147159729433823, 0.021374646815839587, 0.021318881256354016, 0.021286837652263794, 0.02120678160498475, 0.021157236289791326, 0.02113203077393319, 0.02106316794831965, 0.02101813857608264, 0.020997927023691337]
test_mses [0.0010162763318138244, 0.0009996103826862036, 0.0007085304008149358, 5.898669780530662e-05, 4.020288402889566e-05, 3.0968442239455355e-05, 2.9172835389132332e-05, 2.52204079552207e-05, 2.4020940914595038e-05, 2.3697535586777677e-05, 2.3015365939017833e-05, 2.2703370403869732e-05, 2.2570512390014365e-05, 2.2259122899079407e-05, 2.2112561791500792e-05, 2.2029624340603697e-05, 2.1847865944058446e-05, 2.175789526449533e-05, 2.1700954879274903e-05, 2.1575087978343648e-05, 2.1508254480395e-05, 2.14664508265591e-05, 2.1369523585852593e-05, 2.1313771392659825e-05, 2.1281735469012344e-05, 2.120169861014582e-05, 2.1152165170332174e-05, 2.112696569591432e-05, 2.105811937584108e-05, 2.1013100796569737e-05, 2.09928940886295e-05]
test_rres [1.0165199786764887, 0.9998500339759205, 0.708700267222188, 0.05900083955338171, 0.040212522457202075, 0.03097586675930004, 0.02917982942175424, 0.025226454414319508, 0.024026699807829947, 0.023703216945299806, 0.0230208837509835, 0.022708813416559927, 0.022575923550700098, 0.022264459405785548, 0.022117863160958397, 0.02203490582624715, 0.02185310385408994, 0.021763111604533387, 0.021706157568157476, 0.02158026049130402, 0.021513410970378562, 0.02147159729433828, 0.021374646815839685, 0.021318881256354175, 0.02128683765226384, 0.021206781604984726, 0.021157236289791492, 0.021132030773933247, 0.02106316794831976, 0.021018138576082708, 0.02099792702369137]
step_times_seconds [1.553067922592163, 3.61106014251709, 5.623151063919067, 5.368031024932861, 5.034940958023071, 5.249871015548706, 3.3460769653320312, 5.213054895401001, 3.4234492778778076, 3.4803929328918457, 3.24843692779541, 3.282148838043213, 3.406697988510132, 3.271195888519287, 3.328386068344116, 3.4285521507263184, 3.249321937561035, 3.3302268981933594, 3.442312002182007, 3.3037259578704834, 3.376568078994751, 3.4960319995880127, 3.241178035736084, 3.289806842803955, 3.4690630435943604, 3.26967716217041, 3.3297488689422607, 3.475074052810669, 3.2882208824157715, 3.303067207336426, 3.453744888305664]
