date 2025-01-27T19:49:41.302964
sample_ratio 0.7
rank 16
seed 0
l2_regularization_strength 0
input_shape (1024, 1344, 33)
input_size 45416448
num_train_samples 31791513
num_test_samples 45416448
num_iterations 10
max_num_richardson_iterations 1024
num_richardson_iterations [2, 2, 3, 4, 3, 2, 3, 2, 2, 2, 2, 2, 2, 2, 2, 2, 2, 2, 2, 2, 2, 2, 2, 2, 2, 2, 2, 2, 2, 2]
train_mses [0.0010161646925080229, 0.0010008757019966796, 0.0009763863842079186, 0.0006594442278670795, 6.397027976996258e-05, 3.534239091371684e-05, 3.210447151121542e-05, 2.5653830321155063e-05, 2.4193991970510023e-05, 2.3644797542026584e-05, 2.3138878211855855e-05, 2.2692808128012485e-05, 2.2580201693404932e-05, 2.227653497390148e-05, 2.2047173295737323e-05, 2.200676858595696e-05, 2.180921295925579e-05, 2.165417092913114e-05, 2.1630058266139968e-05, 2.1485103755903983e-05, 2.136718858832906e-05, 2.1348072986420567e-05, 2.123367535739077e-05, 2.1138786879346648e-05, 2.1122222340765203e-05, 2.102812414795329e-05, 2.0949150434946535e-05, 2.0934752300787444e-05, 2.0855357160735733e-05, 2.0788111067602437e-05, 2.077588331971834e-05]
train_rres [1.0165087751933026, 1.0012146076895394, 0.9767169975931559, 0.6596675217311445, 0.06399194069343653, 0.035354358171445284, 0.032115342379735554, 0.025662516943402117, 0.02420218427810172, 0.02365280388734751, 0.023146713248251228, 0.022700492120986054, 0.022587847556806904, 0.022284078012966956, 0.022054638670834837, 0.02201422027964914, 0.02181659775880077, 0.02166150323002265, 0.021637382402262626, 0.021492378809099932, 0.021374423714367735, 0.021355301639741107, 0.021240865274624852, 0.021145944666471732, 0.021129374518985593, 0.02103524446366251, 0.020956244009432176, 0.020941840999932796, 0.02086241897595844, 0.020795150112681217, 0.020782918224369534]
test_mses [0.0010162763318138244, 0.0010011878337173122, 0.0009768470687570334, 0.0006597172288069096, 6.402596325728562e-05, 3.5392535548063635e-05, 3.2152026530523194e-05, 2.5695165847743474e-05, 2.423396826709663e-05, 2.3684169573599197e-05, 2.3177631333082562e-05, 2.2730714783448275e-05, 2.2617876810806077e-05, 2.2313653830839067e-05, 2.2084018489326346e-05, 2.204341523599653e-05, 2.1845566391439637e-05, 2.1690532746436315e-05, 2.1666190548271215e-05, 2.1521127827000103e-05, 2.1403318440101008e-05, 2.138394074012038e-05, 2.126950501092484e-05, 2.1174720114179686e-05, 2.115787404118235e-05, 2.106373881828522e-05, 2.09848267140096e-05, 2.097014401600681e-05, 2.089068564110305e-05, 2.082345293541407e-05, 2.0810952873365162e-05]
test_rres [1.0165199786764887, 1.0014278631925508, 0.9770812626629176, 0.6598753925149607, 0.06404131314253667, 0.0354010207208243, 0.03215973480842678, 0.02570132612753004, 0.024239778232509918, 0.02368984772769053, 0.02318318804731619, 0.022736164351808502, 0.022623299326860587, 0.022319003411046996, 0.02208931301567858, 0.02204870002793404, 0.02185080375016558, 0.021695732936667794, 0.021671384902589737, 0.021526287403300263, 0.021408449772225238, 0.021389067426543777, 0.02127460426198885, 0.021179796641067214, 0.021162946529313185, 0.021068788737995434, 0.020989857714961174, 0.02097517149685938, 0.020895694072231494, 0.020828445247857763, 0.02081594218898525]
step_times_seconds [1.4584109783172607, 3.2494866847991943, 3.430516004562378, 4.929474115371704, 6.32221794128418, 4.820972919464111, 3.1495461463928223, 4.5875890254974365, 3.1092798709869385, 3.1443369388580322, 2.9515810012817383, 3.1458182334899902, 3.1830480098724365, 2.965394973754883, 3.1128807067871094, 3.1621391773223877, 2.979033946990967, 3.1309399604797363, 3.1813859939575195, 2.9877870082855225, 3.190340995788574, 3.188460111618042, 2.9947309494018555, 3.178525924682617, 3.2032837867736816, 2.998394012451172, 3.148181200027466, 3.1816329956054688, 2.974442958831787, 3.1615781784057617, 3.1785459518432617]
