date 2025-01-27T19:49:41.302964
sample_ratio 0.2
rank 16
seed 0
l2_regularization_strength 0
input_shape (1024, 1344, 33)
input_size 45416448
num_train_samples 9083289
num_test_samples 45416448
num_iterations 10
max_num_richardson_iterations 1024
num_richardson_iterations [2, 2, 2, 2, 2, 4, 6, 4, 4, 4, 4, 4, 4, 4, 2, 2, 2, 2, 2, 2, 2, 2, 2, 2, 2, 2, 2, 2, 2, 2]
train_mses [0.0010161263045490852, 0.0010096024472526835, 0.0010052504519027733, 0.001003143807684496, 0.0010007151902199768, 0.0009919366595772152, 0.0008018094399719776, 0.00021253845362292488, 5.3154943985768744e-05, 4.88777414851509e-05, 3.68078708438819e-05, 2.8540270091736883e-05, 2.7198580442889567e-05, 2.461526323638984e-05, 2.3385068650171987e-05, 2.32710336795715e-05, 2.309819922626179e-05, 2.3090877233625443e-05, 2.3009473491778307e-05, 2.2884313463960514e-05, 2.2868122274838656e-05, 2.280674041187152e-05, 2.2710342190477147e-05, 2.268715054314381e-05, 2.2638575373039614e-05, 2.2560455726901373e-05, 2.2532777591379982e-05, 2.2492662835231622e-05, 2.242669822446602e-05, 2.2396584075869196e-05, 2.2362247591172865e-05]
train_rres [1.01651858021926, 1.0099922043870408, 1.0056385289488534, 1.003531071460347, 1.0011015164277919, 0.9923195968323227, 0.8021189785933176, 0.2126205041160177, 0.053175464457664585, 0.04889661074255707, 0.036822080526416785, 0.028551288066103932, 0.027209080457822034, 0.02462476596143431, 0.02339409645846291, 0.023280017464649642, 0.02310711628858047, 0.023099791469288068, 0.023018356301517558, 0.02289314795565744, 0.02287695051592526, 0.022815544956483268, 0.02271910952054506, 0.022695908920073747, 0.022647314997519864, 0.022569165193283752, 0.022541476372615138, 0.02250134613016081, 0.02243535605375006, 0.022405230279582904, 0.022370880539282927]
test_mses [0.0010162763318138244, 0.0010103320258515844, 0.0010066201278867897, 0.0010043111844505019, 0.0010022829690375127, 0.0009940265469551009, 0.0008031274082883976, 0.00021340050203437586, 5.364594506400691e-05, 4.920320070136007e-05, 3.7214941261081115e-05, 2.8944358742042806e-05, 2.7578016037126992e-05, 2.497585801479705e-05, 2.370813235879726e-05, 2.3592256944409546e-05, 2.3418866029803973e-05, 2.3410786809117037e-05, 2.3327971617345884e-05, 2.3202432717295734e-05, 2.3184963570847004e-05, 2.3122403155539283e-05, 2.302575109570415e-05, 2.3001005962981935e-05, 2.2951401183900876e-05, 2.287311679415908e-05, 2.2843756719146645e-05, 2.2802722456036106e-05, 2.27366573053814e-05, 2.270482044915242e-05, 2.266965310535294e-05]
test_rres [1.0165199786764887, 1.0105742475984083, 1.0068614597257555, 1.0045519627325201, 1.0025232610656383, 0.9942648595498045, 0.8033199538266763, 0.213451663673375, 0.05365880639492679, 0.04921499690787265, 0.03722386334594981, 0.028951297998599863, 0.02758462772026435, 0.024981845844344146, 0.0237138162578393, 0.023597913062935315, 0.023424480578777215, 0.02341639942113995, 0.023333564374865622, 0.023207995377529742, 0.023190522042945763, 0.023127946629110146, 0.023031271397456077, 0.02300652033221948, 0.02295690366065562, 0.022878600502646416, 0.022849233388711653, 0.02280818928785408, 0.022742108298429754, 0.02271026380948328, 0.02267508803449957]
step_times_seconds [1.2719361782073975, 2.8151519298553467, 2.8663768768310547, 2.768104314804077, 2.5147130489349365, 2.5462539196014404, 5.409045219421387, 7.814150810241699, 5.37401008605957, 5.366964101791382, 5.149827003479004, 5.363856077194214, 5.356687068939209, 5.1957597732543945, 5.395586729049683, 2.6539528369903564, 2.498922109603882, 2.5492939949035645, 2.5869269371032715, 2.5084280967712402, 2.5954430103302, 2.6098179817199707, 2.5113837718963623, 2.5815627574920654, 2.616802930831909, 2.487828016281128, 2.5690228939056396, 2.61924409866333, 2.507733106613159, 2.6000521183013916, 2.6218910217285156]
