date 2025-01-27T19:49:41.302964
sample_ratio 0.5
rank 16
seed 0
l2_regularization_strength 0
input_shape (1024, 1344, 33)
input_size 45416448
num_train_samples 22708224
num_test_samples 45416448
num_iterations 10
max_num_richardson_iterations 1024
num_richardson_iterations [4, 4, 4, 4, 4, 4, 4, 4, 4, 4, 4, 3, 4, 4, 2, 4, 4, 2, 4, 3, 2, 3, 3, 2, 3, 3, 2, 3, 3, 2]
train_mses [0.0010162049495591444, 0.0009991837561916749, 0.0008907905639383429, 0.00022980794891188112, 5.357135963769699e-05, 3.0437464074497774e-05, 2.7902148113974893e-05, 2.3347378754558423e-05, 2.211227998961551e-05, 2.2006485968408895e-05, 2.146131608011888e-05, 2.116192921298678e-05, 2.1125470799076958e-05, 2.0896364451552807e-05, 2.073524053061534e-05, 2.0717881948542167e-05, 2.0589418286440802e-05, 2.0487460153021673e-05, 2.046807765096071e-05, 2.037798628298193e-05, 2.030218655456599e-05, 2.0284587221805437e-05, 2.021444669666949e-05, 2.0153608513497866e-05, 2.0138632728148005e-05, 2.0081097624108036e-05, 2.0030381289450005e-05, 2.0017981789081377e-05, 1.9969551782344576e-05, 1.9926468682656004e-05, 1.9916278097484284e-05]
train_rres [1.0165217883538324, 0.9994952880112364, 0.8910683002441149, 0.22987959988501855, 0.053588062454412035, 0.030446954059205, 0.027910847621865967, 0.023354658147703405, 0.022119174295870125, 0.022013347289535676, 0.02146800742473612, 0.021168527212876494, 0.021132057431732215, 0.020902879651984636, 0.020741705494813887, 0.02072434150057241, 0.020595837785259457, 0.020493847862689808, 0.020474459317429982, 0.02038433986019573, 0.020308516498461927, 0.020290911678470296, 0.02022074928447861, 0.020159892132794153, 0.02014491167819939, 0.020087358635501453, 0.02003662648818442, 0.020024223121821286, 0.019975778015271235, 0.01993268148286185, 0.01992248772040515]
test_mses [0.0010162763318138244, 0.0009999643880310076, 0.0008922983443735719, 0.00023002734368591355, 5.364820611601439e-05, 3.0514493461248273e-05, 2.7975320398798335e-05, 2.341164967573043e-05, 2.217347404644539e-05, 2.2067541843569535e-05, 2.1519862223443324e-05, 2.1219018689322985e-05, 2.1182599814028536e-05, 2.095245061044758e-05, 2.0790455999310115e-05, 2.0773098377713137e-05, 2.0644287723123526e-05, 2.0541804086257686e-05, 2.0522389876805913e-05, 2.0432099337627358e-05, 2.0355902632202503e-05, 2.0338232625911346e-05, 2.0267948830983405e-05, 2.0206772097466005e-05, 2.0191697790654194e-05, 2.013399857684604e-05, 2.0082996552225074e-05, 2.007048453511226e-05, 2.0021880449879982e-05, 1.9978559245588025e-05, 1.996825437070488e-05]
test_rres [1.0165199786764887, 1.0002041241916293, 0.8925122681710287, 0.23008249152204982, 0.053661067989009506, 0.03052180914928004, 0.027982027333550052, 0.023417262494621036, 0.02217879001929319, 0.0220728324197333, 0.021525021496321746, 0.02122410583655905, 0.021187678230032328, 0.020957473849399975, 0.020795440400913315, 0.020778078617918583, 0.020649237081657435, 0.020546728874882986, 0.02052731001097742, 0.020436997825120786, 0.02036078285193977, 0.02034310860935828, 0.02027280796426312, 0.0202116165639482, 0.020196538643151244, 0.02013882559626248, 0.020087811344176504, 0.02007529632737392, 0.020026680589569888, 0.01998334899924887, 0.019973041653826604]
step_times_seconds [1.3821561336517334, 6.34557580947876, 6.581622123718262, 6.356116056442261, 5.787204265594482, 6.159621000289917, 6.175583124160767, 5.926450967788696, 6.107708930969238, 6.059223175048828, 5.968858242034912, 6.17522120475769, 4.526294946670532, 6.078477144241333, 6.213802814483643, 3.002305030822754, 5.90096378326416, 6.190256834030151, 3.0223159790039062, 5.834743022918701, 4.598186016082764, 2.9918527603149414, 4.356018304824829, 4.590039014816284, 3.304030179977417, 4.337085962295532, 4.563760757446289, 2.9724297523498535, 4.294523239135742, 4.577699899673462, 2.9923861026763916]
