date 2025-01-27T19:49:41.302964
sample_ratio 0.9
rank 16
seed 0
l2_regularization_strength 0
input_shape (1024, 1344, 33)
input_size 45416448
num_train_samples 40874803
num_test_samples 45416448
num_iterations 10
max_num_richardson_iterations 1024
num_richardson_iterations [3, 3, 4, 4, 3, 3, 3, 3, 2, 3, 3, 2, 3, 2, 2, 2, 2, 2, 2, 2, 2, 2, 2, 2, 2, 2, 2, 2, 2, 2]
train_mses [0.0010163408706207972, 0.0009996423235245746, 0.0007971359382692491, 9.686747741063536e-05, 4.125825920141942e-05, 2.81604479658944e-05, 2.6782701530548353e-05, 2.3976611623066083e-05, 2.2995540986391737e-05, 2.2796057994343587e-05, 2.2110877878972905e-05, 2.1738216590988147e-05, 2.161699924853932e-05, 2.1319843424466204e-05, 2.116944476077492e-05, 2.1087279851534937e-05, 2.0944838123736572e-05, 2.085903178499152e-05, 2.0807779357395327e-05, 2.0697439397091444e-05, 2.0630896182352324e-05, 2.0592700660448804e-05, 2.0506952021801877e-05, 2.0454411507939033e-05, 2.0426599324340915e-05, 2.0360677986520558e-05, 2.0319632415692314e-05, 2.0299742400824996e-05, 2.024935329583501e-05, 2.021724999012022e-05, 2.0202923346996475e-05]
train_rres [1.0165127868673869, 0.9998114151759688, 0.7972707755295527, 0.09688386275300863, 0.041265238124798154, 0.028165211366301224, 0.026787231882179158, 0.02398066731854713, 0.022999430731662208, 0.022799913996636438, 0.02211461798157395, 0.021741893657129942, 0.02162065581050664, 0.021323449721886063, 0.021173025617936988, 0.021090846810325695, 0.020948380988202377, 0.02086256013513037, 0.020811299038075697, 0.02070094041352995, 0.02063438594286278, 0.02059618396010449, 0.020510420816890706, 0.020457871415686817, 0.020430054527597958, 0.020364122039041373, 0.020323069525266444, 0.020303176145960285, 0.020252778517544694, 0.020220669781486626, 0.020206340714980345]
test_mses [0.0010162763318138244, 0.0009996498179421524, 0.0007971947049516644, 9.685443104081917e-05, 4.125419860543165e-05, 2.8161270424311782e-05, 2.6782441542554725e-05, 2.397827412633273e-05, 2.2997582871451364e-05, 2.2797911879119407e-05, 2.2112620654053685e-05, 2.1740232985033923e-05, 2.1618881060983233e-05, 2.1321551506111604e-05, 2.11714245819388e-05, 2.1089166803615433e-05, 2.0946647839325248e-05, 2.0861002593525566e-05, 2.080967649432469e-05, 2.0699280257255282e-05, 2.0632844874425363e-05, 2.0594585382650532e-05, 2.0508806998613097e-05, 2.0456336453363453e-05, 2.0428472795564348e-05, 2.03625337600015e-05, 2.032153585482722e-05, 2.030160742234296e-05, 2.02512044254275e-05, 2.021913396766018e-05, 2.020477982857878e-05]
test_rres [1.0165199786764887, 0.9998894786862629, 0.797385828155771, 0.09687765137717798, 0.04126408908083414, 0.028168021939596288, 0.02678886249092482, 0.023984022790431356, 0.023003096420020866, 0.02280337755762707, 0.022117922037623274, 0.021745445090634117, 0.021624064073102994, 0.021326663235046905, 0.02117650031873994, 0.021094222819550323, 0.020951669687094027, 0.02086600390830072, 0.02081466550393967, 0.020704242799957705, 0.020637791489596966, 0.020599522825311817, 0.02051372387636157, 0.020461240751576883, 0.020433370413613542, 0.020367415569516496, 0.020326407835311807, 0.020306474625091508, 0.02025605954432476, 0.020223981397835215, 0.020209623817425068]
step_times_seconds [1.513227939605713, 5.402188062667847, 5.554943799972534, 7.0755767822265625, 6.95979642868042, 5.183716773986816, 5.174929141998291, 4.99799108505249, 5.127894878387451, 3.3534648418426514, 5.010070085525513, 5.127290964126587, 3.3645451068878174, 5.050909757614136, 3.3347840309143066, 3.356924057006836, 3.2506470680236816, 3.2565150260925293, 3.4132070541381836, 3.293775796890259, 3.224745988845825, 3.3730978965759277, 3.2647361755371094, 3.2477760314941406, 3.3717942237854004, 3.291043281555176, 3.2612040042877197, 3.380579948425293, 3.270925998687744, 3.2419168949127197, 3.368434190750122]
