date 2025-01-27T19:49:41.302964
sample_ratio 0.6
rank 16
seed 0
l2_regularization_strength 0
input_shape (1024, 1344, 33)
input_size 45416448
num_train_samples 27249868
num_test_samples 45416448
num_iterations 10
max_num_richardson_iterations 1024
num_richardson_iterations [3, 4, 4, 4, 4, 3, 4, 3, 2, 3, 3, 2, 2, 2, 2, 2, 2, 2, 2, 2, 2, 2, 2, 2, 2, 2, 2, 2, 2, 2]
train_mses [0.0010162045198280568, 0.0009993180099154627, 0.0008746923401848017, 0.0001836417472471873, 4.913700582060537e-05, 2.8636749453709682e-05, 2.731371847793812e-05, 2.3220481974386072e-05, 2.209267624767293e-05, 2.2007049391431613e-05, 2.153499885940301e-05, 2.1276838271846896e-05, 2.1233887113106733e-05, 2.1071674419431433e-05, 2.102604704731111e-05, 2.1008171864573638e-05, 2.0924303399615508e-05, 2.08675957168952e-05, 2.0856132742409948e-05, 2.0789792594127327e-05, 2.0735632506548036e-05, 2.072646123583172e-05, 2.0667973668765318e-05, 2.061814281274748e-05, 2.061006714570832e-05, 2.0557158281111376e-05, 2.0511617324163475e-05, 2.0504204319211617e-05, 2.0456127244895104e-05, 2.0414679904910995e-05, 2.040771749914414e-05]
train_rres [1.016508593877586, 0.9996170310948743, 0.8749540702172731, 0.1836966974945622, 0.049151708853361155, 0.02864531829216871, 0.02732189143212523, 0.023227430128865023, 0.022099286934203533, 0.022013634456244918, 0.02154144267477877, 0.021283204839056807, 0.021240240828245514, 0.02107797959643671, 0.021032338571454645, 0.021014458040011185, 0.02093056447949082, 0.020873839828400083, 0.02086237342390345, 0.020796013424973503, 0.02074183713132857, 0.020732663116336498, 0.02067415804831333, 0.02062431228164524, 0.020616234198162605, 0.02056330950189753, 0.02051775491794549, 0.020510339694835386, 0.020462248234644383, 0.020420788492569685, 0.02041382400347524]
test_mses [0.0010162763318138244, 0.000999843535993487, 0.0008756782787433364, 0.00018379653298555593, 4.921142107161737e-05, 2.8701447162460494e-05, 2.7374977423015604e-05, 2.327569206504497e-05, 2.2141774652005713e-05, 2.2055678387711086e-05, 2.158382265373957e-05, 2.132441175578324e-05, 2.128127867157953e-05, 2.1119204952069282e-05, 2.107336740724113e-05, 2.1055437493793726e-05, 2.0971574517417184e-05, 2.0914645681637643e-05, 2.0903172569027064e-05, 2.0836734976673667e-05, 2.0782365157417743e-05, 2.077319670148663e-05, 2.0714522495668295e-05, 2.0664494877527345e-05, 2.065642055899185e-05, 2.0603258332917604e-05, 2.0557533037377454e-05, 2.0550113947828906e-05, 2.0501743983133027e-05, 2.0460124761202523e-05, 2.045314735450221e-05]
test_rres [1.0165199786764887, 1.0000832431804734, 0.8758882179681712, 0.18384059722992396, 0.04922321924892013, 0.02870832818225417, 0.027381540428721655, 0.023281272288819214, 0.02214708302509175, 0.022060966119674206, 0.02158899726079206, 0.021329524170448234, 0.021286380745316264, 0.021124268169491013, 0.0210784196353545, 0.021060485423305405, 0.020976602341224882, 0.02091965985705878, 0.02090818399383028, 0.02084173047341634, 0.020787347619284496, 0.02077817696526468, 0.02071948869261657, 0.020669449080619396, 0.020661372826308835, 0.020608197854872737, 0.020562461596935394, 0.020555040728699462, 0.020506659167560986, 0.02046502996764267, 0.020458050888146093]
step_times_seconds [1.448279857635498, 4.817105770111084, 6.850914001464844, 6.466470003128052, 6.09714412689209, 6.334682941436768, 4.732043743133545, 6.175839900970459, 4.715803146362305, 3.087984085083008, 4.50004768371582, 4.72738790512085, 3.098867893218994, 2.8896219730377197, 3.0487959384918213, 3.074009656906128, 2.877697229385376, 3.072924852371216, 3.099626064300537, 2.8930790424346924, 3.0720109939575195, 3.0707931518554688, 2.8753652572631836, 3.093047857284546, 3.076338052749634, 2.8857028484344482, 3.0550730228424072, 3.0921990871429443, 2.9048168659210205, 3.0649592876434326, 3.0955491065979004]
