date 2025-01-27T19:49:41.302964
sample_ratio 0.9
rank 16
seed 0
l2_regularization_strength 0
input_shape (1024, 1344, 33)
input_size 45416448
num_train_samples 40874803
num_test_samples 45416448
num_iterations 10
max_num_richardson_iterations 1024
num_richardson_iterations [4, 4, 5, 5, 4, 4, 4, 4, 3, 4, 4, 3, 4, 3, 3, 3, 3, 3, 3, 3, 3, 3, 3, 3, 3, 3, 3, 3, 3, 3]
train_mses [0.0010163408706207972, 0.000999642331520338, 0.0007971548896764816, 9.690986730976118e-05, 4.1249207749425326e-05, 2.8149830632025202e-05, 2.6772145599480044e-05, 2.3981956168793485e-05, 2.3011425157621342e-05, 2.2810113384696224e-05, 2.2104117253608624e-05, 2.1718536895274934e-05, 2.16035036713778e-05, 2.1284222905533368e-05, 2.1124948788300658e-05, 2.1046806232885586e-05, 2.0873158946749668e-05, 2.0774441367550534e-05, 2.0720083885510573e-05, 2.0598343782126534e-05, 2.0525850719070897e-05, 2.0488278238874985e-05, 2.040029946126933e-05, 2.0346749165515483e-05, 2.032158735624507e-05, 2.0258329224069456e-05, 2.0218673970819426e-05, 2.0201716970526702e-05, 2.0155405228031597e-05, 2.0125430552988625e-05, 2.011356625425494e-05]
train_rres [1.0165127868673869, 0.9998114231730847, 0.7972897301424565, 0.09692625982247714, 0.04125618514173147, 0.02815459223648714, 0.026776674165552378, 0.023986012768315947, 0.02301531758973358, 0.022813971764488617, 0.022107856212635335, 0.021722210632553824, 0.021607157950539187, 0.021287823177665754, 0.021128522118873175, 0.021050366345476603, 0.020876689686528345, 0.020777955409038137, 0.02072358873231305, 0.0206018280363284, 0.020529322710915062, 0.020491743875253227, 0.02040375021584791, 0.020350190861946234, 0.020325024796501605, 0.02026175596407673, 0.02022209400305523, 0.020205134134449396, 0.020158814558223333, 0.020128834812899534, 0.020116968507294178]
test_mses [0.0010162763318138244, 0.0009996497557543352, 0.000797213205197958, 9.689670675417954e-05, 4.124509360495063e-05, 2.815061588136894e-05, 2.6771867866878604e-05, 2.3983603196703748e-05, 2.3013483433119113e-05, 2.2811984182672275e-05, 2.210589128806543e-05, 2.1720623072957024e-05, 2.1605447856254012e-05, 2.128595234744008e-05, 2.1126990268217217e-05, 2.1048736373148566e-05, 2.0874956559841367e-05, 2.0776442595607424e-05, 2.072199501642814e-05, 2.0600173002114742e-05, 2.0527807654632855e-05, 2.0490166406320444e-05, 2.0402134691758217e-05, 2.034867068656792e-05, 2.0323460648890047e-05, 2.0260160743863335e-05, 2.022056658705241e-05, 2.0203576946164034e-05, 2.0157230262313523e-05, 2.0127295751196756e-05, 2.0115409396337357e-05]
test_rres [1.0165199786764887, 0.9998894164835366, 0.7974043328374005, 0.0969199372259165, 0.041254981897477526, 0.02815736484228326, 0.026778286280266017, 0.023989353138418743, 0.023019000793763972, 0.022817453234940107, 0.0221111910583052, 0.021725830477184762, 0.021610627647834158, 0.021291055541665823, 0.02113205535212722, 0.021053782696102096, 0.020879961220005967, 0.02078142363757138, 0.020726963004873648, 0.02060511178437817, 0.020532729087687874, 0.020495078815085742, 0.020407025995386657, 0.02035354917248456, 0.020328333090833806, 0.020265018009990456, 0.02022541436069035, 0.02020842064662564, 0.02016206285140339, 0.02013212116364628, 0.020120231959096322]
step_times_seconds [1.5235209465026855, 7.342973947525024, 7.624766111373901, 8.890399932861328, 8.473294734954834, 6.951927900314331, 7.045252084732056, 6.7103729248046875, 7.030776023864746, 5.171267032623291, 6.810271978378296, 7.113597869873047, 5.16613507270813, 6.767426013946533, 5.265213966369629, 5.26911187171936, 5.111176013946533, 5.2899839878082275, 5.2907679080963135, 5.113614082336426, 5.262006044387817, 5.2933349609375, 5.11506199836731, 5.24127984046936, 5.26731014251709, 5.115671157836914, 5.256261110305786, 5.22872519493103, 5.092995882034302, 5.25151515007019, 5.243852138519287]
