date 2025-01-27T19:49:41.302964
sample_ratio 0.4
rank 16
seed 0
l2_regularization_strength 0
input_shape (1024, 1344, 33)
input_size 45416448
num_train_samples 18166579
num_test_samples 45416448
num_iterations 10
max_num_richardson_iterations 1024
num_richardson_iterations [5, 6, 9, 10, 9, 7, 7, 6, 4, 5, 5, 3, 4, 4, 2, 4, 4, 2, 3, 3, 2, 3, 3, 2, 3, 3, 2, 3, 3, 2]
train_mses [0.001016055593368369, 0.0009991525412726622, 0.0009318972493810179, 0.00037580466395352956, 5.956464814812669e-05, 3.387444871422732e-05, 3.0550813893655546e-05, 2.4556231580826733e-05, 2.3039612305680853e-05, 2.2934403090924328e-05, 2.2331433689344023e-05, 2.2022616307330298e-05, 2.1984523754279545e-05, 2.176302600060655e-05, 2.1629749012011647e-05, 2.161084887937372e-05, 2.1490419154250092e-05, 2.1396186156263422e-05, 2.1377115662098153e-05, 2.1298677261745124e-05, 2.1250012086174355e-05, 2.1235326520254146e-05, 2.1179938424694904e-05, 2.113460398701462e-05, 2.11226322081255e-05, 2.1075872776738577e-05, 2.1035562794079668e-05, 2.1025380313361152e-05, 2.0983939510244053e-05, 2.0947679654044122e-05, 2.093873768932735e-05]
train_rres [1.0165168448206106, 0.9996061193678776, 0.9323202960749413, 0.37597526529477415, 0.05959168828317432, 0.0338898264541515, 0.030564682826977288, 0.024567379196717205, 0.02305007143282354, 0.02294481445699625, 0.022341571329732083, 0.022032613756111857, 0.02199450391045868, 0.021772905605043028, 0.021639568113651877, 0.021620659401056633, 0.021500175005316584, 0.02140589922905336, 0.02138682007759297, 0.021308346069123307, 0.021259658801372688, 0.02124496656875171, 0.021189553329056966, 0.021144198311227966, 0.021132221097596462, 0.021085440439166672, 0.021045112157274767, 0.021034925054088695, 0.020993465438388165, 0.020957189121562025, 0.020948243097525823]
test_mses [0.0010162763318138244, 0.0010002945168172083, 0.00093400093678874, 0.00037627592246217574, 5.971431409509496e-05, 3.4011421495115005e-05, 3.0666891528385764e-05, 2.4658956789413482e-05, 2.313512185131371e-05, 2.303002309379903e-05, 2.2424576747891447e-05, 2.211313559219048e-05, 2.207498001031294e-05, 2.1852971885813612e-05, 2.171867520632374e-05, 2.1699640388609867e-05, 2.1579039693057917e-05, 2.148421555392314e-05, 2.1464956902806287e-05, 2.138644100654757e-05, 2.133750230877477e-05, 2.1322625230623453e-05, 2.126715160225302e-05, 2.1221601656238955e-05, 2.1209443926894705e-05, 2.1162592498355027e-05, 2.1122120294528294e-05, 2.11117625648588e-05, 2.1070225277860775e-05, 2.1033846687919086e-05, 2.102474348462288e-05]
test_rres [1.0165199786764887, 1.0005343321244562, 0.934224858561638, 0.3763661326197225, 0.059728630285317996, 0.03401957555310358, 0.030674243753046174, 0.02466486864357188, 0.02314066837412445, 0.023035544419739852, 0.022429952921280673, 0.02211843709921376, 0.022080272369737752, 0.021858211019967568, 0.021723882143560778, 0.02170484276235027, 0.02158421315342094, 0.021489366280701524, 0.02147010301242517, 0.021391568292396582, 0.021342617861830445, 0.021327737216978514, 0.02127225028909978, 0.021226689422727645, 0.021214528778632242, 0.021167666117710957, 0.021127184210887922, 0.021116823998007656, 0.021075276752665285, 0.02103888944114952, 0.02102978405540859]
step_times_seconds [1.3502979278564453, 7.767887115478516, 9.692825078964233, 13.467286825180054, 14.260590076446533, 13.418937921524048, 10.273934125900269, 9.932698726654053, 8.889414072036743, 5.793717861175537, 7.078375816345215, 7.329239130020142, 4.261778354644775, 5.568504095077515, 5.768939971923828, 2.804492235183716, 5.582649230957031, 5.829715967178345, 2.7985999584198, 4.100277900695801, 4.285895109176636, 2.7898828983306885, 4.090601205825806, 4.268239736557007, 2.798919916152954, 4.117316007614136, 4.254246234893799, 2.7975921630859375, 4.159759044647217, 4.305145740509033, 2.786587953567505]
