date 2025-01-27T19:49:41.302964
sample_ratio 0.8
rank 16
seed 0
l2_regularization_strength 0
input_shape (1024, 1344, 33)
input_size 45416448
num_train_samples 36333158
num_test_samples 45416448
num_iterations 10
max_num_richardson_iterations 1024
num_richardson_iterations [2, 2, 3, 4, 3, 2, 3, 2, 2, 2, 2, 2, 2, 2, 2, 2, 2, 2, 2, 2, 2, 2, 2, 2, 2, 2, 2, 2, 2, 2]
train_mses [0.0010162426101400419, 0.00100017959316247, 0.000945174300230487, 0.00040849014164716287, 5.40310529363603e-05, 3.039049851409038e-05, 2.783605253551565e-05, 2.4118221538642718e-05, 2.308807331507569e-05, 2.287681234584212e-05, 2.2479482994981588e-05, 2.2173492693032137e-05, 2.211251964218024e-05, 2.1863191258035797e-05, 2.169026147281043e-05, 2.165259948610639e-05, 2.148460968858792e-05, 2.1361798782009464e-05, 2.133348870336487e-05, 2.1205115462200796e-05, 2.1106553735171283e-05, 2.1084297096749447e-05, 2.097808854278259e-05, 2.0893162676962675e-05, 2.087570323474799e-05, 2.0783657902698128e-05, 2.0707549498439694e-05, 2.0693924143513318e-05, 2.061196173074697e-05, 2.0542416390813445e-05, 2.053170542137343e-05]
train_rres [1.0165027406840228, 1.0004356120097926, 0.9454162392147636, 0.40859470404367854, 0.05404488342039232, 0.030398277657408563, 0.027843177809949233, 0.02412439514918227, 0.023093983235611393, 0.02288266818929987, 0.02248523713290254, 0.022179168505735366, 0.022118179847436265, 0.02186878764198818, 0.021695813591428283, 0.021658141964277178, 0.02149010916592704, 0.02136726682308758, 0.021338949497830724, 0.021210543396598867, 0.021111956440440588, 0.021089694104922996, 0.02098345836444709, 0.020898510759909023, 0.020881046848550695, 0.020788977955392432, 0.02071285006944685, 0.02069922122679918, 0.020617237833878286, 0.02054767469222406, 0.020536960981066388]
test_mses [0.0010162763318138244, 0.001000337378341987, 0.0009454053306928397, 0.0004085846060343838, 5.405700221171663e-05, 3.0410221928692744e-05, 2.7855694106423346e-05, 2.413635700681714e-05, 2.3106077228532385e-05, 2.2894704048563486e-05, 2.2496353468773395e-05, 2.2190393802904107e-05, 2.212944886113027e-05, 2.1879360302799472e-05, 2.1706559935490093e-05, 2.1668871500842805e-05, 2.1500306161927974e-05, 2.137766687463303e-05, 2.1349278526156937e-05, 2.1220449135990528e-05, 2.1122090855282816e-05, 2.109973417029095e-05, 2.0993156760915135e-05, 2.0908455293475356e-05, 2.089089686335772e-05, 2.079854921908459e-05, 2.0722671821185298e-05, 2.0708961660691026e-05, 2.062674719579873e-05, 2.055742344205534e-05, 2.054664785896842e-05]
test_rres [1.0165199786764887, 1.0005772039250582, 0.9456319866087146, 0.40868256202752934, 0.054069962091408415, 0.03041751261817739, 0.02786237236140568, 0.02414214357044827, 0.0231116167880488, 0.02290019293248062, 0.02250174685025092, 0.02219571383217381, 0.02213475427917329, 0.021884605763436503, 0.02171176396815518, 0.021674066497905493, 0.02150546074634432, 0.021382792056930434, 0.021354396902498296, 0.0212255366261686, 0.02112715476458454, 0.021104792719695974, 0.020998189758951295, 0.02091346798478375, 0.020895905345125584, 0.020803535560994325, 0.020727639971891157, 0.02071392652445859, 0.020631692349084206, 0.020562351975338383, 0.02055157380886255]
step_times_seconds [1.471724033355713, 3.329066038131714, 3.5186641216278076, 5.099509000778198, 6.546570062637329, 5.033721923828125, 3.258999824523926, 4.856474876403809, 3.26406192779541, 3.1521410942077637, 3.1817626953125, 3.2638587951660156, 3.1735219955444336, 3.1892809867858887, 3.217802047729492, 3.172495126724243, 3.1723880767822266, 3.2322349548339844, 3.187168836593628, 3.158756971359253, 3.233034133911133, 3.203120708465576, 3.186372995376587, 3.244281768798828, 3.168874979019165, 3.1647090911865234, 3.254892110824585, 3.161275863647461, 3.1755621433258057, 3.2655248641967773, 3.155154228210449]
