date 2025-01-27T19:49:41.302964
sample_ratio 0.3
rank 16
seed 0
l2_regularization_strength 0
input_shape (1024, 1344, 33)
input_size 45416448
num_train_samples 13624934
num_test_samples 45416448
num_iterations 10
max_num_richardson_iterations 1024
num_richardson_iterations [4, 4, 6, 6, 6, 4, 4, 4, 4, 4, 4, 4, 4, 4, 4, 4, 4, 4, 4, 4, 4, 4, 4, 4, 4, 4, 4, 4, 4, 4]
train_mses [0.0010162476461319314, 0.0009987452407448478, 0.0009230238827901781, 0.00035613826743376473, 6.252760158228866e-05, 3.576847293503531e-05, 3.214981693521255e-05, 2.6171449824328313e-05, 2.4525316824794698e-05, 2.4283833584879347e-05, 2.344547558114843e-05, 2.296965328346257e-05, 2.2868321897816672e-05, 2.2479560528687165e-05, 2.2209904083044547e-05, 2.211698746011966e-05, 2.18164505759624e-05, 2.1601137828532806e-05, 2.1510261948479142e-05, 2.1270825578774836e-05, 2.1107045825637077e-05, 2.1007858850088386e-05, 2.0805860134789617e-05, 2.0654647560448862e-05, 2.0557419666477523e-05, 2.0388587992323463e-05, 2.0259121983708657e-05, 2.020597780064134e-05, 2.009295175688595e-05, 2.0005668379801875e-05, 1.998396239935713e-05]
train_rres [1.0165374919136125, 0.9990300946346509, 0.9232871400580654, 0.3562398422564999, 0.06254543518970339, 0.03577867452422162, 0.03215898644114544, 0.026178914229644214, 0.02453231173361748, 0.0242907596198418, 0.02345216250654754, 0.022976204498745805, 0.02287484421219687, 0.022485971963752314, 0.022216238608919726, 0.022123295485081105, 0.0218226728842696, 0.021607298727111948, 0.021516396928188422, 0.02127689226841525, 0.021113065803365534, 0.021013850538524788, 0.020811794210816525, 0.020660538508871024, 0.020563282884360736, 0.020394403057427426, 0.020264900123584197, 0.020211740783170794, 0.020098682503058324, 0.02001137423172849, 0.019989662060482815]
test_mses [0.0010162763318138244, 0.001000431199552128, 0.0009267173318480936, 0.0003566461653365347, 6.271848900215552e-05, 3.5995172997827696e-05, 3.233591240288908e-05, 2.6351315215371426e-05, 2.4692883007961922e-05, 2.4451412900615283e-05, 2.3604599667692452e-05, 2.3115692053109062e-05, 2.3015043436889098e-05, 2.262320854462158e-05, 2.2347370316308188e-05, 2.2255581314600128e-05, 2.1954494901456273e-05, 2.173503293439385e-05, 2.164384385119821e-05, 2.1405116082270287e-05, 2.1240116292022707e-05, 2.1139078852947096e-05, 2.0938130464828856e-05, 2.078654528754314e-05, 2.0686724963092238e-05, 2.0518304210092527e-05, 2.038757655232907e-05, 2.0332694164942868e-05, 2.0219936533037486e-05, 2.013125180557176e-05, 2.0108630062514102e-05]
test_rres [1.0165199786764887, 1.000671047628337, 0.9269395074153216, 0.3567316693638796, 0.0627335254273856, 0.036003802649722, 0.03234366476645568, 0.02635763280349024, 0.024698802995751352, 0.024457274997226653, 0.023610258745320693, 0.023121233917728697, 0.023020561171536592, 0.022628632338931004, 0.022352727979864758, 0.022260916972230163, 0.021959758375214997, 0.02174024379330947, 0.021649032848014584, 0.021410247845369698, 0.02124520849729717, 0.0211441468350312, 0.020943150270602253, 0.020791528751573928, 0.020691684495729445, 0.020523223364747104, 0.02039246436572076, 0.02033756882057315, 0.020224784155623312, 0.020136078166464347, 0.020113450999963724]
step_times_seconds [1.3088200092315674, 5.968679904937744, 6.161513090133667, 8.695459842681885, 8.11515498161316, 8.571137189865112, 5.534701108932495, 5.397019863128662, 5.605871200561523, 5.626199960708618, 5.404852867126465, 5.62217378616333, 5.562153100967407, 5.351502180099487, 5.594344854354858, 5.609553098678589, 5.350062131881714, 5.623010873794556, 5.638001918792725, 5.364024877548218, 5.595262050628662, 5.5974509716033936, 5.3907270431518555, 5.621532917022705, 5.658853054046631, 5.36080265045166, 5.589856863021851, 5.5813679695129395, 5.404361009597778, 5.595818042755127, 5.571964979171753]
