date 2025-01-27T19:49:41.302964
sample_ratio 0.9
rank 16
seed 0
l2_regularization_strength 0
input_shape (1024, 1344, 33)
input_size 45416448
num_train_samples 40874803
num_test_samples 45416448
num_iterations 10
max_num_richardson_iterations 1024
num_richardson_iterations [3, 3, 4, 4, 3, 3, 3, 3, 2, 3, 3, 2, 3, 2, 2, 2, 2, 2, 2, 2, 2, 2, 2, 2, 2, 2, 2, 2, 2, 2]
train_mses [0.0010163408706207972, 0.000999644024608511, 0.0007991051273540992, 9.79798331828531e-05, 4.132045580267841e-05, 2.801401109306599e-05, 2.6657725016187076e-05, 2.3969305418597677e-05, 2.3096262342613193e-05, 2.290948802482724e-05, 2.2313566305029317e-05, 2.1970470145582816e-05, 2.18522693052786e-05, 2.1530794373689545e-05, 2.1358402079552668e-05, 2.1276156694776164e-05, 2.1122035429852125e-05, 2.1031320345507386e-05, 2.098020110556924e-05, 2.087074536919518e-05, 2.0804558521079354e-05, 2.0767123263168823e-05, 2.0683538652655383e-05, 2.062987466126037e-05, 2.0602396729030345e-05, 2.053465907473685e-05, 2.0488887471222186e-05, 2.0468652494829514e-05, 2.0411923021628654e-05, 2.0372046062163663e-05, 2.0356982456975484e-05]
train_rres [1.0165127868673869, 0.9998131165476474, 0.7992402977069766, 0.0979964066826003, 0.04132744524674616, 0.028018749723360475, 0.026662234227771385, 0.023973359878218508, 0.023100169125117937, 0.022913363214053975, 0.022317340692814047, 0.021974186497913443, 0.021855965663682586, 0.021534436353916674, 0.021362014899252057, 0.02127975560249163, 0.02112560826762379, 0.02103487783862721, 0.02098374995175956, 0.020874275700712017, 0.020808077656948323, 0.020770636066783314, 0.020687037317753038, 0.020633364248978336, 0.02060588166879691, 0.02053813255653334, 0.020492353210653392, 0.020472114811470894, 0.020415375742357494, 0.02037549203761895, 0.020360425884389518]
test_mses [0.0010162763318138244, 0.000999650810521573, 0.0007991626028753954, 9.796647278938114e-05, 4.131617176424445e-05, 2.8014603482293827e-05, 2.6657386403101297e-05, 2.3970930415922288e-05, 2.3098292967534457e-05, 2.291141343047274e-05, 2.231549854257944e-05, 2.197273078368433e-05, 2.185433958550678e-05, 2.1532691935774617e-05, 2.136062239158703e-05, 2.1278186573020846e-05, 2.112393112891981e-05, 2.103353066184754e-05, 2.0982257447077623e-05, 2.0872673969781672e-05, 2.0806806397267907e-05, 2.0769243318669877e-05, 2.0685541185593144e-05, 2.0632175174215382e-05, 2.060459431448063e-05, 2.0536746881268777e-05, 2.0491243243065658e-05, 2.047092826232991e-05, 2.0414097725461432e-05, 2.0374455265722343e-05, 2.0359331682711223e-05]
test_rres [1.0165199786764887, 0.9998904715036492, 0.7993541978725962, 0.09798995973185357, 0.04132607709738321, 0.028021319834956548, 0.0266637773701647, 0.02397667731940528, 0.023103830660815568, 0.0229169063203756, 0.02232084856504723, 0.02197799862939914, 0.021859579047559488, 0.02153785428450855, 0.02136574348755999, 0.021283287905443343, 0.021128995479417385, 0.0210385733393124, 0.020987287832061073, 0.02087767808270741, 0.020811794718792336, 0.020774222634645356, 0.020690500434425975, 0.02063712162882991, 0.020609534156730256, 0.02054167045745599, 0.020496155909996854, 0.020475836058852177, 0.020418991897163778, 0.020379339933355136, 0.020364212724545167]
step_times_seconds [1.5455801486968994, 5.406736850738525, 5.577182054519653, 7.066759824752808, 6.780972003936768, 5.109930992126465, 5.15533185005188, 4.97842812538147, 5.116401195526123, 3.348757028579712, 5.003814935684204, 5.120861053466797, 3.3717010021209717, 4.986968994140625, 3.3333401679992676, 3.344175100326538, 3.2520031929016113, 3.226646900177002, 3.332512855529785, 3.2533118724823, 3.2053167819976807, 3.3508338928222656, 3.2282066345214844, 3.2023398876190186, 3.342735767364502, 3.224454164505005, 3.262354850769043, 3.351254940032959, 3.2488980293273926, 3.247673988342285, 3.349822998046875]
