date 2025-01-27T19:49:41.302964
sample_ratio 0.7
rank 16
seed 0
l2_regularization_strength 0
input_shape (1024, 1344, 33)
input_size 45416448
num_train_samples 31791513
num_test_samples 45416448
num_iterations 10
max_num_richardson_iterations 1024
num_richardson_iterations [3, 4, 4, 4, 4, 3, 4, 3, 2, 3, 3, 2, 2, 2, 2, 2, 2, 2, 2, 2, 2, 2, 2, 2, 2, 2, 2, 2, 2, 2]
train_mses [0.0010161646925080229, 0.0009993633662593495, 0.000853282313473832, 0.00015001003550074452, 4.641855796815507e-05, 2.7912206243138958e-05, 2.6884484273524096e-05, 2.3587815479746436e-05, 2.263483224673565e-05, 2.2535939659248344e-05, 2.2061275646940295e-05, 2.1790682189669564e-05, 2.1733636180885597e-05, 2.155005064573106e-05, 2.1478746564682308e-05, 2.1453845198783404e-05, 2.1357905297022733e-05, 2.1281667148162362e-05, 2.1263745349148733e-05, 2.118424789629197e-05, 2.1113615631825797e-05, 2.109803549134342e-05, 2.1025643260646673e-05, 2.095986128280415e-05, 2.0945263461648294e-05, 2.0877684268209786e-05, 2.081616253620101e-05, 2.0802087422254757e-05, 2.073884342213454e-05, 2.0681637909894728e-05, 2.0667960098592385e-05]
train_rres [1.0165087751933026, 0.9997017598614574, 0.8535712426915919, 0.15006083027467687, 0.046434275717640215, 0.027921657572187317, 0.026893587606487142, 0.023595802530418427, 0.022642496608544057, 0.02254357053511957, 0.022068745797223274, 0.02179806071452599, 0.02174099538944022, 0.021557347690539606, 0.021486019465275, 0.021461109667545206, 0.021365137279653827, 0.021288873315856983, 0.02127094544835783, 0.021191421076934364, 0.021120764895735597, 0.02110517947967475, 0.021032762736304698, 0.020966958484081116, 0.02095235571996912, 0.020884753643595873, 0.020823211079764353, 0.02080913119985542, 0.020745865784736674, 0.020688640902185723, 0.02067495845945102]
test_mses [0.0010162763318138244, 0.000999759599219367, 0.0008539337740214396, 0.00015011023924830916, 4.647051839066586e-05, 2.79530906228713e-05, 2.692251559303654e-05, 2.362715090377317e-05, 2.267210779099959e-05, 2.2572811485654647e-05, 2.2099777197488996e-05, 2.182805184066421e-05, 2.1770798157579546e-05, 2.158780079952539e-05, 2.1516042135782438e-05, 2.149105872652653e-05, 2.1395443764497318e-05, 2.1318690180384996e-05, 2.13007388840513e-05, 2.1221478968500416e-05, 2.1150334787699403e-05, 2.113475571599683e-05, 2.106253513064624e-05, 2.0996263072851877e-05, 2.0981682448081652e-05, 2.091421327188772e-05, 2.085223032811836e-05, 2.0838177526233242e-05, 2.0774984425602007e-05, 2.0717348947799345e-05, 2.0703690412470848e-05]
test_rres [1.0165199786764887, 0.9999992862829568, 0.8541385001165479, 0.15014622738234484, 0.04648165945108203, 0.02795979222815209, 0.026928970123417623, 0.023632815387940702, 0.022677543308644084, 0.022578223197536367, 0.02210507550190797, 0.02183328500036946, 0.021776017591017813, 0.021592976360317245, 0.02152120049281509, 0.021496211093919266, 0.021400573208709823, 0.021323801223332627, 0.021305845623270807, 0.02122656670557537, 0.02115540546833419, 0.02113982266163177, 0.021067584761778724, 0.021001296815609853, 0.020986712695212142, 0.02091922734364091, 0.020857229539789388, 0.020843173368819523, 0.020779965117977438, 0.02072231582237453, 0.0207086540124846]
step_times_seconds [1.457124948501587, 5.025557041168213, 7.068497180938721, 6.6125428676605225, 6.39615797996521, 6.583714246749878, 4.844894886016846, 6.249794006347656, 4.789189100265503, 3.157323122024536, 4.721780061721802, 4.755649089813232, 3.187664747238159, 3.117379903793335, 3.075890302658081, 3.193289041519165, 3.059974193572998, 3.0435290336608887, 3.201766014099121, 3.0910260677337646, 3.023712158203125, 3.1748149394989014, 3.091975212097168, 3.109495162963867, 3.245598077774048, 3.0751049518585205, 3.0435657501220703, 3.217690944671631, 3.0607993602752686, 3.026848077774048, 3.18691086769104]
