date 2025-01-27T19:49:41.302964
sample_ratio 0.3
rank 16
seed 0
l2_regularization_strength 0
input_shape (1024, 1344, 33)
input_size 45416448
num_train_samples 13624934
num_test_samples 45416448
num_iterations 10
max_num_richardson_iterations 1024
num_richardson_iterations [4, 4, 4, 6, 4, 4, 4, 4, 4, 4, 4, 4, 4, 4, 4, 4, 4, 2, 4, 4, 4, 4, 4, 4, 4, 4, 4, 4, 4, 2]
train_mses [0.0010162476461319314, 0.0009987452407448478, 0.0009230238827901781, 0.0003562622893705472, 6.281713634760364e-05, 3.713636293239826e-05, 3.282438916716549e-05, 2.647735043826208e-05, 2.447699948570965e-05, 2.3964494499723683e-05, 2.2949157469014177e-05, 2.246596674263019e-05, 2.237221014709512e-05, 2.201671464867836e-05, 2.1772610566370016e-05, 2.1727454274574203e-05, 2.151978405496557e-05, 2.136568771167889e-05, 2.1344675816924417e-05, 2.1222030288263374e-05, 2.112207728728582e-05, 2.106523106441023e-05, 2.0936923884328017e-05, 2.0841910600700552e-05, 2.0790436191780208e-05, 2.0673230160241187e-05, 2.0586440533356158e-05, 2.0540242315915434e-05, 2.0436707238351086e-05, 2.035833886225608e-05, 2.0338468207199832e-05]
train_rres [1.0165374919136125, 0.9990300946346509, 0.9232871400580654, 0.3563638995657975, 0.06283505253373892, 0.037146954659900804, 0.03283375106903318, 0.02648490209003105, 0.02448398061385902, 0.023971329455423015, 0.02295570283865006, 0.022472374300587662, 0.022378590964568797, 0.02202299407465458, 0.021778820370990836, 0.02173365120008948, 0.021525921750491617, 0.021371781457115366, 0.021350763569521366, 0.021228083060913006, 0.021128101552163936, 0.021071239116076963, 0.020942895341277856, 0.020847854958744364, 0.020796365868717158, 0.02067912640863938, 0.020592312028331946, 0.02054610063461623, 0.020442536027629993, 0.02036414529995236, 0.020344268977551577]
test_mses [0.0010162763318138244, 0.001000431199552128, 0.0009267173318480936, 0.0003569914584705664, 6.301497367227355e-05, 3.737246700531995e-05, 3.300513503041463e-05, 2.6650758382803297e-05, 2.46388232306711e-05, 2.4127802157726837e-05, 2.3106159150355728e-05, 2.2614103872005758e-05, 2.25223871698244e-05, 2.2165128984787605e-05, 2.19168580705863e-05, 2.1872715927039576e-05, 2.166588711678219e-05, 2.150940609983699e-05, 2.1488439017282568e-05, 2.1366768137978454e-05, 2.126558839699174e-05, 2.1208447820597876e-05, 2.1082188887373383e-05, 2.0985358788132132e-05, 2.0932926184966634e-05, 2.0817386291902245e-05, 2.07287609936364e-05, 2.068113013236812e-05, 2.057866738393893e-05, 2.0498294667115035e-05, 2.0477924557722466e-05]
test_rres [1.0165199786764887, 1.000671047628337, 0.9269395074153216, 0.35707704528010964, 0.06303008117813144, 0.03738142685615069, 0.03301304783655823, 0.026657147760833975, 0.024644730257915526, 0.02413358667037825, 0.023111698729512468, 0.022619525483518192, 0.022527786792743733, 0.022170442956951114, 0.02192211252111436, 0.021877959794722745, 0.021671081398354622, 0.02151456286591521, 0.021493590756613903, 0.021371890707361528, 0.021270686709068325, 0.02121353243352421, 0.021087243230389848, 0.02099038991664566, 0.020937944743041524, 0.02082237714990032, 0.020733730604189073, 0.020686088323674325, 0.020583601010344413, 0.020503209024587764, 0.02048283403156946]
step_times_seconds [1.30401611328125, 5.946311950683594, 6.1552348136901855, 5.771756887435913, 8.175579071044922, 5.682992219924927, 5.673058271408081, 5.363955974578857, 5.615077972412109, 5.623405933380127, 5.407075881958008, 5.649780035018921, 5.606490135192871, 5.357303857803345, 5.596418142318726, 5.629333019256592, 5.363476991653442, 5.60209321975708, 2.7156190872192383, 5.362297058105469, 5.577337980270386, 5.596311092376709, 5.323566198348999, 5.599676847457886, 5.684973955154419, 5.357950210571289, 5.6253557205200195, 5.579049825668335, 5.503957033157349, 5.615277051925659, 2.733515977859497]
