date 2025-01-27T19:49:41.302964
sample_ratio 0.1
rank 16
seed 0
l2_regularization_strength 0
input_shape (1024, 1344, 33)
input_size 45416448
num_train_samples 4541644
num_test_samples 45416448
num_iterations 10
max_num_richardson_iterations 1024
num_richardson_iterations [2, 2, 2, 2, 2, 2, 2, 2, 2, 11, 19, 21, 8, 9, 7, 8, 8, 7, 7, 6, 5, 4, 4, 3, 3, 2, 2, 2, 2, 2]
train_mses [0.0010162743593017482, 0.0010124942581137423, 0.0010092361490700362, 0.0010074147765383953, 0.0010053052512188612, 0.0010033035069953377, 0.0010025136052455672, 0.0010007950823244897, 0.0009971095530036896, 0.0009904726354955323, 0.0007833971051693025, 0.00029123753635646024, 7.971457311475855e-05, 7.008127860173627e-05, 5.994154028738075e-05, 5.4643110088396175e-05, 4.844379305398162e-05, 4.2766290735644574e-05, 3.89431055080379e-05, 3.512705865900176e-05, 3.265298026024528e-05, 3.103848971973353e-05, 2.991547876906524e-05, 2.8940123817349593e-05, 2.8387506749283355e-05, 2.7814938155028965e-05, 2.7553021679673402e-05, 2.7328741339280707e-05, 2.7102515470304345e-05, 2.6871780336533387e-05, 2.6678806446968843e-05]
train_rres [1.0164791184840383, 1.01269825568041, 1.0094394901921746, 1.007617750689994, 1.0055078003428328, 1.003505652807441, 1.0027155919080917, 1.0009967227386367, 0.9973104508565753, 0.990672196140813, 0.7835549441910141, 0.2912962149595861, 0.07973063402454945, 0.07009539859322181, 0.05995361732215202, 0.054654119594281146, 0.048453553520101784, 0.04277490729734413, 0.03895095177353369, 0.03513413606653589, 0.03265955918991739, 0.031044743361495087, 0.02992150614633251, 0.02894595467988585, 0.028393226270410726, 0.02782054231490955, 0.02755857306856471, 0.02733424754011951, 0.027107976091105122, 0.02687719446876847, 0.02668418169878205]
test_mses [0.0010162763318138244, 0.0010131462542219514, 0.0010106641663733683, 0.0010087249397959675, 0.0010071375462556392, 0.0010058017363015932, 0.0010048393844759077, 0.0010035817971470382, 0.0010005010517320175, 0.0009937818693801662, 0.0007885884436276454, 0.0002945717324055645, 8.028188411047439e-05, 7.087579389246577e-05, 6.103744661655056e-05, 5.563511023597123e-05, 4.951814661737632e-05, 4.387853434724975e-05, 3.9946311598591195e-05, 3.612044980689114e-05, 3.361992681610198e-05, 3.194602201122104e-05, 3.0805528102795544e-05, 2.9809394999769474e-05, 2.9233247504489508e-05, 2.864904249283631e-05, 2.8380156166694267e-05, 2.814560132738408e-05, 2.7914110821554506e-05, 2.7676793428859723e-05, 2.7474613201104638e-05]
test_rres [1.0165199786764887, 1.0133891506651072, 1.0109064677491215, 1.0089667762524297, 1.0073790021429159, 1.0060428719355154, 1.0050802893910815, 1.0038224005623173, 1.0007409165549164, 0.9940201233147185, 0.7887775035262264, 0.29464235441670794, 0.08030113126656763, 0.07089278598829654, 0.0610520800207809, 0.055648448458695335, 0.049530018330502544, 0.04388905399323317, 0.03995588851501768, 0.03612910949323625, 0.033627987015316815, 0.031953680900633274, 0.030812913564839672, 0.02981654164418325, 0.02924025602059579, 0.02865591094888827, 0.028386960158675062, 0.028152349086085663, 0.02792080308163459, 0.027683428793353067, 0.027481200093960257]
step_times_seconds [1.255873680114746, 2.813544750213623, 2.871306896209717, 2.629138946533203, 2.4064090251922607, 2.5948479175567627, 2.570098876953125, 2.4196739196777344, 2.6206319332122803, 2.5128071308135986, 13.959434032440186, 25.551374912261963, 28.109491109848022, 10.189604043960571, 12.106581211090088, 9.366546869277954, 10.15733003616333, 10.6995689868927, 9.332460880279541, 8.856483936309814, 8.145873069763184, 6.705885887145996, 5.099902868270874, 5.3174660205841064, 3.9513657093048096, 3.828162908554077, 2.5905051231384277, 2.5650854110717773, 2.4547200202941895, 2.622101068496704, 2.5371439456939697]
