date 2025-01-27T19:49:41.302964
sample_ratio 0.8
rank 16
seed 0
l2_regularization_strength 0
input_shape (1024, 1344, 33)
input_size 45416448
num_train_samples 36333158
num_test_samples 45416448
num_iterations 10
max_num_richardson_iterations 1024
num_richardson_iterations [3, 3, 4, 4, 4, 3, 3, 3, 2, 3, 3, 2, 3, 2, 2, 2, 2, 2, 2, 2, 2, 2, 2, 2, 2, 2, 2, 2, 2, 2]
train_mses [0.0010162426101400419, 0.0009995098115254631, 0.0008315105652232588, 0.00012170020556072583, 4.362665804422312e-05, 2.726785381026329e-05, 2.6265225578742944e-05, 2.336214781806179e-05, 2.245796610767271e-05, 2.2254661920168166e-05, 2.1706833588290254e-05, 2.142884786946634e-05, 2.1317594856416274e-05, 2.109233092926744e-05, 2.0965047571215698e-05, 2.0893276442839243e-05, 2.079973992132126e-05, 2.0726906032702458e-05, 2.06902002990963e-05, 2.0609920723206565e-05, 2.055224074949012e-05, 2.0528018897579086e-05, 2.0462947172741967e-05, 2.0414692002483888e-05, 2.0397775966305786e-05, 2.034343394606547e-05, 2.030205087296238e-05, 2.0289389019468353e-05, 2.024285199429181e-05, 2.020678555250046e-05, 2.0196684365847423e-05]
train_rres [1.0165027406840228, 0.9997656589268535, 0.8317234093743495, 0.12173135751239489, 0.043637825285367984, 0.027274833641234834, 0.026271948764082162, 0.023368127894236358, 0.022463714737854128, 0.02226035850999194, 0.02171238994892017, 0.021434333073292226, 0.02132305158248841, 0.021097729993884207, 0.020970414054745194, 0.02089862455490657, 0.02080506409057613, 0.020732211558457364, 0.020695496429178995, 0.02061519630389531, 0.020557501565670086, 0.020533273513621945, 0.020468185132188253, 0.020419917609915444, 0.020402997243690903, 0.020348641313367364, 0.020307247647320018, 0.02029458255273493, 0.020248033615342196, 0.02021195794152, 0.020201854169237164]
test_mses [0.0010162763318138244, 0.000999698011583642, 0.0008317971986600023, 0.00012173701963116719, 4.365060083433979e-05, 2.7287033841729574e-05, 2.6282179997138332e-05, 2.3377847333853977e-05, 2.2474514587428863e-05, 2.22709212651621e-05, 2.1722307952134516e-05, 2.144451156438253e-05, 2.1333004841417652e-05, 2.1107325365869436e-05, 2.0979891032273393e-05, 2.0907922415939934e-05, 2.081426533136202e-05, 2.0741272077231296e-05, 2.0704449727945395e-05, 2.062412300271646e-05, 2.0566290412199235e-05, 2.0541983286900506e-05, 2.047693548598243e-05, 2.0428531098222385e-05, 2.0411545337732062e-05, 2.0357280378791424e-05, 2.031574714412892e-05, 2.030302289490722e-05, 2.0256601223152976e-05, 2.0220381234913558e-05, 2.0210220702867302e-05]
test_rres [1.0165199786764887, 0.9999376838819226, 0.831996617628527, 0.12176620543622306, 0.0436610658344719, 0.027293575763428255, 0.026288481010455104, 0.023383452048812328, 0.022479902733150366, 0.02227626060046396, 0.021727515760303105, 0.021449652772339917, 0.021338119316229375, 0.021112385735223355, 0.02098492084992144, 0.02091293497949376, 0.020819255441126353, 0.020746244687249935, 0.020709413510001006, 0.02062906752686556, 0.020571221071291362, 0.020546908118488208, 0.020481844722704718, 0.02043342873024933, 0.020416438897512983, 0.02036216092883613, 0.020320617736800807, 0.020307890437007814, 0.020261457635903878, 0.020225228964114304, 0.020215065996134356]
step_times_seconds [1.498702049255371, 5.143019914627075, 5.3861448764801025, 6.829878091812134, 6.560034990310669, 6.750180006027222, 5.0321691036224365, 4.806378126144409, 4.934730052947998, 3.2617669105529785, 4.8814311027526855, 5.009984016418457, 3.288378953933716, 4.7798919677734375, 3.2337558269500732, 3.177166700363159, 3.1678550243377686, 3.253809928894043, 3.185466766357422, 3.1577858924865723, 3.2320001125335693, 3.1766998767852783, 3.1511590480804443, 3.2223386764526367, 3.164980173110962, 3.164486885070801, 3.245789051055908, 3.2047159671783447, 3.1550521850585938, 3.21903395652771, 3.163357973098755]
