date 2025-01-27T19:49:41.302964
sample_ratio 0.5
rank 16
seed 0
l2_regularization_strength 0
input_shape (1024, 1344, 33)
input_size 45416448
num_train_samples 22708224
num_test_samples 45416448
num_iterations 10
max_num_richardson_iterations 1024
num_richardson_iterations [4, 5, 8, 8, 7, 6, 6, 5, 4, 5, 4, 3, 4, 4, 3, 4, 4, 3, 4, 3, 3, 3, 3, 2, 3, 3, 2, 3, 3, 2]
train_mses [0.0010162049495591444, 0.0009994504861303645, 0.0009233519066348351, 0.0003325151215238195, 5.666520639136317e-05, 3.219532009231094e-05, 2.8901232988342618e-05, 2.4130800549696433e-05, 2.275643611711142e-05, 2.2632179798248728e-05, 2.190969503142828e-05, 2.152290625886397e-05, 2.1450102227420017e-05, 2.118313700692619e-05, 2.0998596302270563e-05, 2.0945476848856066e-05, 2.0773049057590014e-05, 2.0647776727995386e-05, 2.0606060935097577e-05, 2.047989209730438e-05, 2.038948102748314e-05, 2.035766695728825e-05, 2.028230555129502e-05, 2.021849736107022e-05, 2.0201691116818954e-05, 2.0140451113332436e-05, 2.0089507172206783e-05, 2.0072078506771088e-05, 2.0020458530821983e-05, 1.9977090890035165e-05, 1.99609173362298e-05]
train_rres [1.0165217883538324, 0.9997621011126704, 0.9236397951215995, 0.33261879518764575, 0.056682873827151176, 0.03220535815246511, 0.028910243997223254, 0.02413832420303461, 0.022763531262430154, 0.022639236202147913, 0.02191652617446567, 0.02152961680645597, 0.021456790075711468, 0.021189741619115788, 0.02100514337719422, 0.02095200736186118, 0.020779525809969796, 0.020654214422177374, 0.020612485622866297, 0.020486277447356323, 0.02039583818860095, 0.020364014199214405, 0.020288629296566243, 0.020224801211821065, 0.02020798972761286, 0.020146730630331434, 0.020095770805582197, 0.020078336706127162, 0.02002670063577607, 0.019983319473552415, 0.019967140877054337]
test_mses [0.0010162763318138244, 0.0010001431647622047, 0.0009246219729020436, 0.0003327400362047549, 5.674289166877101e-05, 3.22653858681853e-05, 2.8967769542297184e-05, 2.4193336336616507e-05, 2.2814553859687855e-05, 2.2690505240560805e-05, 2.1964956551540666e-05, 2.1575435733477118e-05, 2.150275254583474e-05, 2.1235258590367637e-05, 2.1049440246106715e-05, 2.0996415100336242e-05, 2.0824247105249083e-05, 2.069824992681316e-05, 2.0656603410373646e-05, 2.0530915251278427e-05, 2.0440078020590206e-05, 2.0408274991910602e-05, 2.0333316416112248e-05, 2.0269191059687713e-05, 2.0252346347597566e-05, 2.0191439122178795e-05, 2.0140236001529212e-05, 2.012274468318116e-05, 2.0071446643505212e-05, 2.00278553333631e-05, 2.0011596221473846e-05]
test_rres [1.0165199786764887, 1.0003829437835998, 0.9248436461180731, 0.3328198088643812, 0.05675649547622062, 0.0322731213233891, 0.02897471441146949, 0.024199136560739874, 0.02282002352802213, 0.022695945168896302, 0.021970222533424535, 0.02158060832980994, 0.02150790771675866, 0.02124034963103388, 0.021054486737810057, 0.021001448879542, 0.02082923960809079, 0.02070321222249932, 0.020661555721528283, 0.02053583742936327, 0.02044497842093057, 0.020413167767643448, 0.020338191220923948, 0.020274050490785175, 0.020257201740264612, 0.020196279912661447, 0.02014506451633515, 0.020127569004536255, 0.020076258666427257, 0.020032656905499643, 0.020016393895574514]
step_times_seconds [1.3831260204315186, 6.393401861190796, 8.256859302520752, 12.44679069519043, 11.813425064086914, 10.774992227554321, 9.25411081314087, 9.01360821723938, 7.735244989395142, 6.169184923171997, 7.407574892044067, 6.119565010070801, 4.54494309425354, 5.870703935623169, 6.141628265380859, 4.5580549240112305, 5.936271905899048, 6.1662609577178955, 4.570095062255859, 5.930114030838013, 4.52816104888916, 4.532794237136841, 4.38456392288208, 4.571725130081177, 3.010021924972534, 4.299582242965698, 4.518985986709595, 2.9561901092529297, 4.310227870941162, 4.5535728931427, 3.0039501190185547]
