date 2025-01-27T19:49:41.302964
sample_ratio 0.2
rank 16
seed 0
l2_regularization_strength 0
input_shape (1024, 1344, 33)
input_size 45416448
num_train_samples 9083289
num_test_samples 45416448
num_iterations 10
max_num_richardson_iterations 1024
num_richardson_iterations [7, 8, 14, 21, 15, 11, 14, 11, 8, 8, 6, 5, 6, 6, 4, 5, 4, 3, 4, 4, 3, 4, 3, 2, 3, 3, 2, 3, 3, 2]
train_mses [0.0010161263045490852, 0.0009992804471571036, 0.0009726483469374367, 0.0006805137836980958, 7.558883969862406e-05, 4.2627576077932214e-05, 3.807796357504217e-05, 2.77664312597068e-05, 2.4679620429268733e-05, 2.4009663822058903e-05, 2.3243147168368333e-05, 2.2910645212736804e-05, 2.2728134196592227e-05, 2.2428675059820864e-05, 2.2210569410142483e-05, 2.2115519415470786e-05, 2.1949956525307182e-05, 2.1853323389732974e-05, 2.180569049950182e-05, 2.1719912320878125e-05, 2.164267562120574e-05, 2.160393277949135e-05, 2.152673215212121e-05, 2.1472888314484552e-05, 2.14540419668452e-05, 2.1412347720347298e-05, 2.1367048248703448e-05, 2.134855607133071e-05, 2.1307377253073247e-05, 2.126689189308826e-05, 2.1248942805634165e-05]
train_rres [1.01651858021926, 0.9996662194822037, 0.9730238379373558, 0.6807764961181643, 0.07561802077839512, 0.04264403245830445, 0.0380926635770138, 0.02777715049350874, 0.0246891479994145, 0.024018932755383735, 0.023252120187855798, 0.022919489869808202, 0.02273690839526603, 0.022437333652262408, 0.022219143802874295, 0.022124057114141837, 0.021958430308406513, 0.021861759867599827, 0.02181410858868623, 0.021728297295387364, 0.021651030778478686, 0.021612272980086045, 0.02153504254940533, 0.021481177925349308, 0.0214623243020754, 0.021420613959509116, 0.02137529699999932, 0.021356797683719498, 0.021315602968374776, 0.021275101979012175, 0.021257145962310917]
test_mses [0.0010162763318138244, 0.0010015330602710381, 0.0009771765762377452, 0.0006834249184643315, 7.601681833100813e-05, 4.309223849400151e-05, 3.846723770342812e-05, 2.8093905822346917e-05, 2.499119339014179e-05, 2.4316668464763125e-05, 2.3543732050077486e-05, 2.3204770359575596e-05, 2.3022777357315607e-05, 2.271895386218781e-05, 2.249633866848495e-05, 2.2401236413330194e-05, 2.2233913170161848e-05, 2.2134377202723468e-05, 2.208661533475122e-05, 2.199988588603583e-05, 2.1919916790064385e-05, 2.188092342271289e-05, 2.1802798523362348e-05, 2.1747070581169656e-05, 2.1728036526888494e-05, 2.1685724066049444e-05, 2.163875894706388e-05, 2.1620028532632928e-05, 2.157818862211645e-05, 2.153622192341295e-05, 2.151798761632546e-05]
test_rres [1.0165199786764887, 1.001773172512513, 0.9774108491413012, 0.6835887659652894, 0.0760350429601924, 0.04310256962972274, 0.0384764600197297, 0.02810064118732524, 0.024997184896263822, 0.024322498257110362, 0.023549376535017097, 0.023210333580246947, 0.02302829694612952, 0.022724400610929514, 0.02250173204641418, 0.02240660699099795, 0.022239243632969134, 0.02213968380231026, 0.022091910483683377, 0.022005160242042465, 0.021925171973904225, 0.02188616925809963, 0.02180802562871866, 0.021752284326047273, 0.02173324570845251, 0.021690923103425297, 0.02164394672480145, 0.021625211819852934, 0.021583361878439726, 0.021541385118442703, 0.02152314643977676]
step_times_seconds [1.2781200408935547, 10.25197696685791, 12.08786392211914, 19.36715292930603, 27.836195707321167, 20.869836807250977, 15.073181867599487, 18.457035779953003, 15.276952028274536, 10.9948410987854, 10.54818606376648, 8.236871004104614, 6.817548036575317, 7.824028968811035, 8.217581987380981, 5.381856918334961, 6.5014731884002686, 5.36824893951416, 4.021316051483154, 5.1531081199646, 5.353879690170288, 4.000994920730591, 5.15074610710144, 3.9827749729156494, 2.6298959255218506, 3.8300259113311768, 4.014567136764526, 2.642083168029785, 3.8536739349365234, 3.989677906036377, 2.631319761276245]
