date 2025-01-27T19:49:41.302964
sample_ratio 0.7
rank 16
seed 0
l2_regularization_strength 0
input_shape (1024, 1344, 33)
input_size 45416448
num_train_samples 31791513
num_test_samples 45416448
num_iterations 10
max_num_richardson_iterations 1024
num_richardson_iterations [4, 5, 6, 6, 5, 4, 4, 4, 3, 4, 4, 3, 3, 3, 3, 3, 3, 3, 3, 3, 2, 3, 3, 2, 3, 3, 2, 3, 3, 2]
train_mses [0.0010161646925080229, 0.0009993754654173059, 0.0008579167090982546, 0.00015605928516808435, 4.6616969395553334e-05, 2.791288819161904e-05, 2.694972688457487e-05, 2.3789030622118792e-05, 2.2779931391094238e-05, 2.2652315840841e-05, 2.205039048101232e-05, 2.1711397320420945e-05, 2.165117403970709e-05, 2.1392099109832254e-05, 2.125207794903593e-05, 2.1214238970134897e-05, 2.1080734495932437e-05, 2.0990150651616498e-05, 2.0963169525506398e-05, 2.087228874482645e-05, 2.080479495721291e-05, 2.0786955120514482e-05, 2.0721386856460603e-05, 2.0666956861498468e-05, 2.065091020759421e-05, 2.0594523665106154e-05, 2.0545417782065356e-05, 2.0531566518690927e-05, 2.0479807790077584e-05, 2.0433412681784703e-05, 2.0421154699091363e-05]
train_rres [1.0165087751933026, 0.9997138631162995, 0.8582072075648803, 0.1561121282734386, 0.04663275432896765, 0.02792233975158141, 0.02695885230928443, 0.023797085806083564, 0.022787644884803795, 0.02265998612275473, 0.022057856945478276, 0.021718748998693433, 0.021658505325824355, 0.021399342670801992, 0.021259274097556333, 0.02122142230602998, 0.021087872625988033, 0.020997258109151564, 0.020970267846984688, 0.020879356293238827, 0.020811839651609744, 0.020793993774178978, 0.02072840330810949, 0.02067395488265182, 0.020657902795203367, 0.020601497159714842, 0.020552374648971642, 0.020538518695432387, 0.020486742440838798, 0.02044033162273671, 0.020428069489377997]
test_mses [0.0010162763318138244, 0.000999764122727452, 0.0008585622317816761, 0.0001561563551396387, 4.66671757579633e-05, 2.7952513450548977e-05, 2.6987766938477845e-05, 2.3823710158745956e-05, 2.281091336727782e-05, 2.26832401544236e-05, 2.2081262742248196e-05, 2.1740609068772958e-05, 2.1680343888737747e-05, 2.1421633387053554e-05, 2.1280543849824434e-05, 2.1242653295933068e-05, 2.110947952657627e-05, 2.1018129252841622e-05, 2.0991105468828704e-05, 2.090051972574129e-05, 2.0832516192028943e-05, 2.081465494659188e-05, 2.0749331657648784e-05, 2.069459708266365e-05, 2.0678539583941978e-05, 2.0622336549586834e-05, 2.0573060712876263e-05, 2.0559208255440176e-05, 2.0507566219279378e-05, 2.0461097248261913e-05, 2.0448846219078217e-05]
test_rres [1.0165199786764887, 1.000003810875529, 0.8587680675249941, 0.1561937927979053, 0.046678363965940675, 0.027959214917455767, 0.02699423711252306, 0.023829421766952786, 0.02281638216282334, 0.022688678340993206, 0.02208655660792468, 0.021745821264537234, 0.02168554163624461, 0.02142676911008922, 0.021285645747391547, 0.021247746109440767, 0.0211145404123788, 0.021023168237900326, 0.02099613797507846, 0.020905530514539392, 0.02083751067734036, 0.020819645149764397, 0.020754306199909096, 0.02069955850259979, 0.02068349715417793, 0.020627280645443266, 0.020577992995112083, 0.020564137216622765, 0.020512482799557585, 0.020466002687850676, 0.020453748721547683]
step_times_seconds [1.4561200141906738, 6.783621072769165, 8.961053133010864, 9.995800971984863, 9.592586040496826, 8.242328882217407, 6.534219741821289, 6.386241912841797, 6.5743749141693115, 4.945379018783569, 6.311237096786499, 6.622449159622192, 4.877672910690308, 4.694085121154785, 4.87936806678772, 4.857020854949951, 4.731913805007935, 4.864486217498779, 4.86287784576416, 4.679511070251465, 4.863107919692993, 3.1843578815460205, 4.63648796081543, 4.852932929992676, 3.2031829357147217, 4.6218931674957275, 4.872781753540039, 3.1891121864318848, 4.651738166809082, 4.869498014450073, 3.1757960319519043]
