date 2025-01-27T19:49:41.302964
sample_ratio 0.9
rank 16
seed 0
l2_regularization_strength 0
input_shape (1024, 1344, 33)
input_size 45416448
num_train_samples 40874803
num_test_samples 45416448
num_iterations 10
max_num_richardson_iterations 1024
num_richardson_iterations [4, 4, 4, 4, 4, 4, 4, 4, 3, 4, 4, 3, 4, 3, 3, 3, 3, 3, 3, 3, 3, 3, 3, 3, 3, 3, 3, 3, 3, 3]
train_mses [0.0010163408706207972, 0.0009996423138249738, 0.0007971222859943865, 9.689609982783902e-05, 4.123914270194921e-05, 2.8158633778226904e-05, 2.6781592861768426e-05, 2.3967233237702334e-05, 2.297033528141222e-05, 2.2767928835176847e-05, 2.2052374116322335e-05, 2.1684602508543827e-05, 2.1569878418314155e-05, 2.126683093158872e-05, 2.1116586775773047e-05, 2.1038705830963983e-05, 2.0867027110410097e-05, 2.0769336648426364e-05, 2.0714294615253446e-05, 2.0592336555800524e-05, 2.05195761547733e-05, 2.048165775552938e-05, 2.0393143361443515e-05, 2.0339334994464415e-05, 2.031409846236858e-05, 2.025063761853732e-05, 2.021097222208766e-05, 2.019407406949968e-05, 2.014783672068242e-05, 2.011800032827552e-05, 2.0106225303964684e-05]
train_rres [1.0165127868673869, 0.9998114054747275, 0.7972571209453785, 0.09691249001175578, 0.0412461183917309, 0.028163396871759977, 0.026786123025865517, 0.023971287346809304, 0.022974220763083423, 0.02277178007936186, 0.022056104322885964, 0.021688270505748133, 0.021573527009691586, 0.021270428261831266, 0.02112015869189314, 0.021042264573354574, 0.020870556812975456, 0.02077284982643974, 0.020717798482788395, 0.020595819793867123, 0.0205230470852614, 0.02048512227203861, 0.0203965929055524, 0.02034277543677217, 0.020317534635862593, 0.020254063057492954, 0.020214390951556083, 0.020197489940609208, 0.020151244770644842, 0.020121403331347924, 0.02010962631526637]
test_mses [0.0010162763318138244, 0.0009996498093907998, 0.0007971805626083359, 9.688296696821078e-05, 4.123505566854473e-05, 2.8159455952310378e-05, 2.678133462103466e-05, 2.3968860015271632e-05, 2.2972335435136098e-05, 2.276972626526639e-05, 2.20540546157966e-05, 2.1686561734832012e-05, 2.1571701061102834e-05, 2.1268480607935628e-05, 2.1118538524277092e-05, 2.1040547191886263e-05, 2.086875796893828e-05, 2.0771266850540405e-05, 2.0716133836243574e-05, 2.0594114502034918e-05, 2.052147559855547e-05, 2.0483488500042436e-05, 2.0394939743201507e-05, 2.0341210359084112e-05, 2.0315926663999845e-05, 2.0252439966945602e-05, 2.021282809993615e-05, 2.0195898818875203e-05, 2.0149640076488946e-05, 2.011983613363611e-05, 2.0108040598709017e-05]
test_rres [1.0165199786764887, 0.9998894701328602, 0.7973716824218907, 0.0969061941459069, 0.041244941554529596, 0.028166207032584836, 0.026787755304026193, 0.02397460642238704, 0.02297784293076659, 0.02277518518642256, 0.022059341958469012, 0.02169176097303451, 0.021576872762067753, 0.021273579613404453, 0.021123601581926294, 0.021045591551527004, 0.020873761143023573, 0.020776246651646922, 0.020721100419502207, 0.02059905183180507, 0.020526395513533618, 0.020488399307815104, 0.020399829321879174, 0.02034608705642679, 0.020320797299710668, 0.020257295382057387, 0.02021767401831283, 0.0202007406785465, 0.020154470845871998, 0.02012465975768187, 0.020112861394837814]
step_times_seconds [1.5271618366241455, 7.360703945159912, 7.596420049667358, 7.071326017379761, 6.878373146057129, 6.989268064498901, 7.13613486289978, 6.8036110401153564, 7.076096057891846, 5.16515588760376, 6.768590688705444, 7.040041923522949, 5.1736979484558105, 6.73190712928772, 5.249328136444092, 5.323878049850464, 5.156827211380005, 5.240872859954834, 5.20526909828186, 5.144351005554199, 5.2414422035217285, 5.252560138702393, 5.151860952377319, 5.239212989807129, 5.233277320861816, 5.079648971557617, 5.2113800048828125, 5.216009140014648, 5.135061979293823, 5.246932029724121, 5.266083002090454]
