date 2025-01-27T19:49:41.302964
sample_ratio 0.8
rank 16
seed 0
l2_regularization_strength 0
input_shape (1024, 1344, 33)
input_size 45416448
num_train_samples 36333158
num_test_samples 45416448
num_iterations 10
max_num_richardson_iterations 1024
num_richardson_iterations [4, 4, 4, 4, 4, 4, 4, 4, 4, 4, 4, 4, 4, 4, 4, 4, 4, 3, 4, 4, 3, 4, 4, 3, 4, 3, 3, 4, 3, 3]
train_mses [0.0010162426101400419, 0.0009995097270256536, 0.0008314240035301094, 0.00012166276618725577, 4.355199803830388e-05, 2.7285724834732068e-05, 2.6277422414885198e-05, 2.3376623910653882e-05, 2.2463181936233963e-05, 2.2248541429635302e-05, 2.1651488385252585e-05, 2.1359191404977615e-05, 2.1264306657466437e-05, 2.1017486864320685e-05, 2.087800177028538e-05, 2.0817625731351906e-05, 2.067456359243726e-05, 2.0581139119609175e-05, 2.05451346945482e-05, 2.0445945740153446e-05, 2.0374820701843492e-05, 2.035284317941762e-05, 2.0276764672322678e-05, 2.0219707063583455e-05, 2.020435075999795e-05, 2.014284541456307e-05, 2.0095679895220608e-05, 2.0083759688097142e-05, 2.0032526634801954e-05, 1.999269526444213e-05, 1.998288830547332e-05]
train_rres [1.0165027406840228, 0.9997655744054145, 0.8316368255237545, 0.12169390855546071, 0.043563146168512284, 0.02729270924020115, 0.026284148722283646, 0.023382607692315507, 0.02246893190152602, 0.022254236452779505, 0.02165703057901169, 0.021364658778637934, 0.021269749743205012, 0.02102286677088687, 0.02088334597245084, 0.020822954478889016, 0.02067985571994718, 0.020586407332988062, 0.020550393691770842, 0.020451179347694127, 0.02038003610330354, 0.020358052955228037, 0.020281954974098806, 0.02022488276015936, 0.020209522525776652, 0.02014800143664159, 0.02010082384420548, 0.02008890058583231, 0.020037654418265105, 0.01999781285215484, 0.019988003382870538]
test_mses [0.0010162763318138244, 0.0009996980162416702, 0.0008317085688607748, 0.00012169926936448352, 4.357588599538881e-05, 2.730497658999022e-05, 2.6294442121260903e-05, 2.3392320043178153e-05, 2.2479685595108794e-05, 2.2264677386238206e-05, 2.1666715408692535e-05, 2.1374538141269325e-05, 2.12794025285473e-05, 2.103215335358925e-05, 2.089244453823675e-05, 2.0831885832446503e-05, 2.0688688290003682e-05, 2.059504433133764e-05, 2.0558915326806824e-05, 2.0459774073295383e-05, 2.038844145185895e-05, 2.0366362700690707e-05, 2.029044497395197e-05, 2.023317041737487e-05, 2.021771869041005e-05, 2.0156444123770774e-05, 2.010904663160963e-05, 2.0097030980019264e-05, 2.0046073288155557e-05, 2.000599506449856e-05, 1.9996091018863344e-05]
test_rres [1.0165199786764887, 0.9999376885410675, 0.8319079665807749, 0.1217284461191131, 0.0435863330830344, 0.02731152281336767, 0.02630074607435692, 0.023397928227891836, 0.02248507498055197, 0.022270015224603194, 0.02167190988884356, 0.021379662573469495, 0.021284504152488688, 0.02103719570085176, 0.02089745339105146, 0.020836880166632554, 0.02069364829333811, 0.02059998188402944, 0.020563844217761328, 0.020464679195659967, 0.020393329472605717, 0.020371245428173937, 0.020295309500562696, 0.020238021212714306, 0.020222565781279865, 0.02016127652438809, 0.020113867668929482, 0.020101849136650352, 0.02005087922795018, 0.020010791395751536, 0.02000088497567389]
step_times_seconds [1.5210931301116943, 7.015008926391602, 7.284311056137085, 6.88362717628479, 6.5604469776153564, 6.81243896484375, 6.787609815597534, 6.529870986938477, 6.7733659744262695, 6.780120134353638, 6.572710037231445, 6.779991149902344, 6.776760816574097, 6.544538974761963, 6.829232931137085, 6.761464834213257, 6.610014200210571, 6.722947835922241, 4.964187145233154, 6.548382043838501, 6.7435829639434814, 5.015247821807861, 6.537585973739624, 6.776504993438721, 5.012559175491333, 6.524080276489258, 4.987805128097534, 4.983338117599487, 6.549265146255493, 5.005502939224243, 5.022859811782837]
