date 2025-01-27T19:49:41.302964
sample_ratio 0.6
rank 16
seed 0
l2_regularization_strength 0
input_shape (1024, 1344, 33)
input_size 45416448
num_train_samples 27249868
num_test_samples 45416448
num_iterations 10
max_num_richardson_iterations 1024
num_richardson_iterations [2, 2, 3, 5, 4, 3, 3, 2, 2, 2, 2, 2, 2, 2, 2, 2, 2, 2, 2, 2, 2, 2, 2, 2, 2, 2, 2, 2, 2, 2]
train_mses [0.0010162045198280568, 0.0010020191178082554, 0.0009905562461401155, 0.0008427300143749194, 7.9835094599605e-05, 4.079358119809606e-05, 3.5245686294948706e-05, 2.713589910263237e-05, 2.5040619455817283e-05, 2.458555823888938e-05, 2.3907029271313312e-05, 2.3224234517736268e-05, 2.307012943698095e-05, 2.2677736618739628e-05, 2.2358775570618614e-05, 2.2274686790805518e-05, 2.2030858756891472e-05, 2.184174015150385e-05, 2.178224330564749e-05, 2.1610816425619206e-05, 2.1478413746720746e-05, 2.14314892581327e-05, 2.129977871880241e-05, 2.119718982113555e-05, 2.1159404244202438e-05, 2.1053044061124517e-05, 2.0968910982522185e-05, 2.093898737488752e-05, 2.0850727752473862e-05, 2.077948306831544e-05, 2.075632636012959e-05]
train_rres [1.016508593877586, 1.0023189472273464, 0.9908526455785881, 0.8429821804725216, 0.07985898327559077, 0.04080578766754948, 0.03525623269417349, 0.02714401884877279, 0.025048112241385624, 0.0245929148586522, 0.02391418285807749, 0.02323118379507093, 0.023077032602184598, 0.022684522370104897, 0.022365465880785137, 0.022281351939486042, 0.02203745094606806, 0.02184827575161883, 0.02178876110280401, 0.021617282927525027, 0.021484840630402128, 0.021437902100822342, 0.02130615215037325, 0.021203532555518035, 0.02116573567218629, 0.021059343663456208, 0.02097518541011256, 0.02094525284857898, 0.02085696681665791, 0.020785700814291194, 0.020762537177033594]
test_mses [0.0010162763318138244, 0.001002365195076759, 0.0009911268269000406, 0.0008431711726384722, 7.990865938935174e-05, 4.0880340585725775e-05, 3.531831770409558e-05, 2.7195194127064605e-05, 2.5097575703534907e-05, 2.464104634913729e-05, 2.3961002232810135e-05, 2.327722141397493e-05, 2.312223451113523e-05, 2.2729287062651816e-05, 2.2409740700926353e-05, 2.232499076898049e-05, 2.2080932988121645e-05, 2.1891427547142605e-05, 2.1831401809219725e-05, 2.165987565462039e-05, 2.1527198771694517e-05, 2.1479855654989136e-05, 2.1348081283095068e-05, 2.1245263374885886e-05, 2.1207156724408555e-05, 2.110071811078721e-05, 2.1016362133198974e-05, 2.0986200415565673e-05, 2.0897831578680814e-05, 2.082635732282216e-05, 2.0803029467373468e-05]
test_rres [1.0165199786764887, 1.0026055068181416, 0.9913644443022342, 0.843373318456958, 0.07992781706679676, 0.04089014143065008, 0.03532678508352163, 0.027201714030678593, 0.02510359271425258, 0.02464695390936258, 0.023966746756063858, 0.02328280200440247, 0.023127777944274487, 0.02273473628872355, 0.02241511331745197, 0.022330343067159236, 0.022086226774741324, 0.02189667590083749, 0.021836635772062175, 0.02166506849497664, 0.021532359803471485, 0.021485005336504867, 0.021353199372403753, 0.021250356814146176, 0.02121224102780142, 0.021105776896086753, 0.021021400694600113, 0.02099123174585491, 0.020902841723009907, 0.02083135033157734, 0.020808016883398978]
step_times_seconds [1.4227728843688965, 3.2055742740631104, 3.3531157970428467, 4.812424898147583, 7.531292200088501, 6.3350441455841064, 4.671764135360718, 4.562498092651367, 3.036834716796875, 3.063214063644409, 2.8843657970428467, 3.040955066680908, 3.077291965484619, 2.8704447746276855, 3.0700039863586426, 3.0757288932800293, 2.8826329708099365, 3.0376479625701904, 3.07708477973938, 2.882943868637085, 3.046769857406616, 3.0597620010375977, 2.8827781677246094, 3.026501178741455, 3.065537214279175, 2.8784053325653076, 3.040416955947876, 3.0858161449432373, 2.868576765060425, 3.0491578578948975, 3.084742784500122]
