date 2025-01-27T19:49:41.302964
sample_ratio 0.7
rank 16
seed 0
l2_regularization_strength 0
input_shape (1024, 1344, 33)
input_size 45416448
num_train_samples 31791513
num_test_samples 45416448
num_iterations 10
max_num_richardson_iterations 1024
num_richardson_iterations [4, 4, 5, 4, 4, 4, 4, 4, 4, 4, 4, 4, 4, 4, 4, 4, 4, 4, 4, 4, 3, 4, 4, 4, 4, 4, 4, 4, 4, 3]
train_mses [0.0010161646925080229, 0.000999363053456514, 0.0008530835279480585, 0.00014978537139471448, 4.643340528272022e-05, 2.7880978597504308e-05, 2.6863908018046874e-05, 2.3582169420510084e-05, 2.263783599298923e-05, 2.252603240902178e-05, 2.202560596680668e-05, 2.1744283407612432e-05, 2.1698473362726452e-05, 2.148559782521447e-05, 2.133290921419942e-05, 2.1303168704353888e-05, 2.1164148334557917e-05, 2.105083968840336e-05, 2.1026585284714708e-05, 2.091268535571831e-05, 2.0815253626882635e-05, 2.0792332307299625e-05, 2.068865565435734e-05, 2.059889800674353e-05, 2.057454775520422e-05, 2.0475050312284266e-05, 2.0390436553777157e-05, 2.0364525256853088e-05, 2.0270418205657022e-05, 2.0193586531593223e-05, 2.0171244560253746e-05]
train_rres [1.0165087751933026, 0.999701446952704, 0.8533723898552161, 0.14983609009531987, 0.046449128059642256, 0.02789041935258543, 0.026873004383701087, 0.023590154559374632, 0.02264550137189367, 0.02253365993020721, 0.0220330640390088, 0.02175164622141568, 0.02170582066482833, 0.021492873045706823, 0.021340132732927602, 0.02131038215267265, 0.021171314709304355, 0.021057967695802926, 0.02103370507935072, 0.02091976658279366, 0.020822301862680945, 0.020799372781728886, 0.02069566102292098, 0.020605872982544418, 0.020581514485786594, 0.020481983352119863, 0.020397340942618036, 0.020371420871891165, 0.020277281955184405, 0.020200424265211056, 0.02017807472867516]
test_mses [0.0010162763318138244, 0.000999759424135779, 0.0008537356786018547, 0.00014988442575653292, 4.648491918878187e-05, 2.7921662863337007e-05, 2.6902052344631255e-05, 2.3621662406039847e-05, 2.267516784453002e-05, 2.2562475783106393e-05, 2.206365304269485e-05, 2.1781481615391035e-05, 2.173510317928624e-05, 2.1523141988804947e-05, 2.136971590203057e-05, 2.1339546717655994e-05, 2.1201053589808588e-05, 2.1087057047118572e-05, 2.1062385168559844e-05, 2.0948789590713342e-05, 2.0850721392369636e-05, 2.08273219286548e-05, 2.072376571153278e-05, 2.063342713496587e-05, 2.0608514313010427e-05, 2.0508915038465024e-05, 2.042380790010972e-05, 2.039730805803059e-05, 2.0302844669212646e-05, 2.022568141978398e-05, 2.020285518770382e-05]
test_rres [1.0165199786764887, 0.9999991111573934, 0.8539403572046365, 0.14992035975298112, 0.046496063701713046, 0.02792835693397907, 0.026908501969057023, 0.023627325574369144, 0.02268060409580613, 0.022567885017058222, 0.022068942686539222, 0.021786703610131672, 0.0217403140550427, 0.021528302047989722, 0.021374839178124445, 0.02134466276084786, 0.021206136430007287, 0.021092112557250523, 0.021067434763739713, 0.020953811951955663, 0.02085572024228132, 0.020832315168669114, 0.02072873412449305, 0.02063837388973135, 0.02061345509505892, 0.02051383194211548, 0.020428704399774962, 0.02040219820449918, 0.020307712168584575, 0.020230530419675947, 0.020207698715127658]
step_times_seconds [1.4446799755096436, 6.859161138534546, 7.058552980422974, 8.3192138671875, 6.422770023345947, 6.549872159957886, 6.538812160491943, 6.35409688949585, 6.564792156219482, 6.516345024108887, 6.296505928039551, 6.564138889312744, 6.532274007797241, 6.334027051925659, 6.593900203704834, 6.512919902801514, 6.345691919326782, 6.541064023971558, 6.515499830245972, 6.359739780426025, 6.520355939865112, 4.8424577713012695, 6.3182148933410645, 6.5461859703063965, 6.533779859542847, 6.328397035598755, 6.567627906799316, 6.542435884475708, 6.315541982650757, 6.55774188041687, 4.919609785079956]
