date 2025-01-27T19:49:41.302964
sample_ratio 0.9
rank 16
seed 0
l2_regularization_strength 0
input_shape (1024, 1344, 33)
input_size 45416448
num_train_samples 40874803
num_test_samples 45416448
num_iterations 10
max_num_richardson_iterations 1024
num_richardson_iterations [3, 4, 4, 4, 4, 3, 4, 3, 3, 3, 3, 3, 3, 3, 3, 3, 3, 3, 3, 3, 3, 3, 3, 3, 3, 3, 2, 3, 3, 2]
train_mses [0.0010163408706207972, 0.0009996423235245746, 0.0007971357887949651, 9.686735621380779e-05, 4.12308402578523e-05, 2.8160702326384917e-05, 2.6782431927484354e-05, 2.3977420517659876e-05, 2.2992795828679526e-05, 2.2791202314718227e-05, 2.2077244588234258e-05, 2.169931618098864e-05, 2.1585629940762938e-05, 2.1275921905262144e-05, 2.1122608442394112e-05, 2.1045358172359856e-05, 2.0872831054895947e-05, 2.077463375368669e-05, 2.071997702246223e-05, 2.0597876220519084e-05, 2.0524808613662288e-05, 2.0487007662464388e-05, 2.039811673648199e-05, 2.0343934160805874e-05, 2.031868411292953e-05, 2.0254769428876783e-05, 2.0214775394098033e-05, 2.0198011105092935e-05, 2.015388242048498e-05, 2.0124112525090542e-05, 2.0111943946508856e-05]
train_rres [1.0165127868673869, 0.9998114151759688, 0.797270626029985, 0.09688374153568036, 0.04123781454325769, 0.028165465769817367, 0.02678696223351122, 0.02398147634996719, 0.02299668510960066, 0.022795057495662414, 0.022080979001691762, 0.021702986667042325, 0.021589281196544303, 0.02127952077326246, 0.021126181377092077, 0.021048918040008316, 0.020876361739211015, 0.020778147827716826, 0.020723481851188597, 0.020601360395631898, 0.02052828042923208, 0.020490473083921892, 0.02040156712184797, 0.020347375381072515, 0.02032212106209621, 0.020258195566737035, 0.02021819476688119, 0.02020142764216051, 0.020157291493090538, 0.020127516562054196, 0.020115345925131242]
test_mses [0.0010162763318138244, 0.0009996498179421524, 0.0007971939080533079, 9.685427648963112e-05, 4.122673287287523e-05, 2.8161526137028456e-05, 2.678218742135365e-05, 2.397907760959664e-05, 2.2994833286495907e-05, 2.2793044514115457e-05, 2.2078988037808105e-05, 2.1701333613991394e-05, 2.1587507221597733e-05, 2.1277620255807497e-05, 2.1124605370730818e-05, 2.104724357396833e-05, 2.0874603681257808e-05, 2.0776602181386402e-05, 2.0721853149880027e-05, 2.0599692586083035e-05, 2.052674138774274e-05, 2.048886984680334e-05, 2.039994823401488e-05, 2.0345838695410622e-05, 2.0320539366507527e-05, 2.0256603070769677e-05, 2.0216657181490377e-05, 2.0199863094811395e-05, 2.0155717276427024e-05, 2.0125976425696924e-05, 2.0113786894847966e-05]
test_rres [1.0165199786764887, 0.9998894786862629, 0.7973850310663623, 0.0968774967889371, 0.04123661676351395, 0.02816827771361873, 0.026788608308799537, 0.023984826466326117, 0.023000346175866992, 0.022798509025698164, 0.022084281358136258, 0.021706536393673606, 0.021592682712005835, 0.021282721452458443, 0.021129669882874295, 0.021052289539031172, 0.02087960825682164, 0.020781583261610205, 0.020726821104313783, 0.020604631253169265, 0.020531662565165927, 0.020493781944725366, 0.020404839013451664, 0.0203507165023724, 0.020325411108089324, 0.020261459483963535, 0.020221504017869055, 0.020204705904896827, 0.020160549502786545, 0.020130801521845154, 0.020118609068620803]
step_times_seconds [1.5479049682617188, 5.4214699268341064, 7.522984981536865, 7.124135971069336, 6.756508111953735, 7.0716540813446045, 5.149249076843262, 6.750442028045654, 5.296061038970947, 5.258569002151489, 5.115367889404297, 5.269855976104736, 5.244491100311279, 5.120441913604736, 5.259513854980469, 5.2594828605651855, 5.166406154632568, 5.304928779602051, 5.287586212158203, 5.11386775970459, 5.291070938110352, 5.265580654144287, 5.098414897918701, 5.251216888427734, 5.221622705459595, 5.046144008636475, 5.19542121887207, 3.3590829372406006, 4.866590976715088, 5.147754907608032, 3.3255300521850586]
