date 2025-01-27T19:49:41.302964
sample_ratio 0.8
rank 16
seed 0
l2_regularization_strength 0
input_shape (1024, 1344, 33)
input_size 45416448
num_train_samples 36333158
num_test_samples 45416448
num_iterations 10
max_num_richardson_iterations 1024
num_richardson_iterations [4, 5, 6, 6, 5, 4, 5, 4, 4, 4, 4, 4, 4, 4, 4, 4, 4, 3, 4, 4, 3, 4, 4, 3, 4, 3, 3, 3, 3, 3]
train_mses [0.0010162426101400419, 0.0009995108240712426, 0.0008322163678905798, 0.0001223964104068785, 4.356489895548831e-05, 2.7219734558969327e-05, 2.623758467441472e-05, 2.330514739847152e-05, 2.2366811395680875e-05, 2.2159171498823995e-05, 2.1584158377558398e-05, 2.1303494717947742e-05, 2.1221215132252828e-05, 2.0986238221371888e-05, 2.0850642494917144e-05, 2.0795637916248e-05, 2.0654196203019254e-05, 2.056251824171102e-05, 2.0525956182517456e-05, 2.042841064976673e-05, 2.0359339717822686e-05, 2.0335437749334032e-05, 2.0261041807383986e-05, 2.020569567117002e-05, 2.0189134742613408e-05, 2.0129272014589604e-05, 2.0083500516538284e-05, 2.007099926511757e-05, 2.002381346248945e-05, 1.9986838887677932e-05, 1.997733383486549e-05]
train_rres [1.0165027406840228, 0.9997666717318171, 0.8324293927080093, 0.12242774056810453, 0.04357605038798159, 0.02722670207271771, 0.026244300784432153, 0.02331111288408473, 0.022372536692728474, 0.02216484364568995, 0.02158968333666177, 0.021308947834766875, 0.02122664718772975, 0.020991610129133056, 0.02085597969385019, 0.02080096103550083, 0.020659483117029916, 0.02056778168865023, 0.020531210270561207, 0.02043363976879989, 0.020364551156570727, 0.02034064306982645, 0.020266228084533152, 0.020210867781209507, 0.020194302613504377, 0.020134424562245894, 0.020088641347932562, 0.020076136896530563, 0.020028939015616823, 0.01999195497631704, 0.019982447490468888]
test_mses [0.0010162763318138244, 0.0009996978550712331, 0.000832500103168609, 0.00012243227295102968, 4.358822109908101e-05, 2.7238062960689863e-05, 2.6253860653638686e-05, 2.332005016214896e-05, 2.2382414968667362e-05, 2.2174358512789e-05, 2.1598445478727666e-05, 2.1317893974166845e-05, 2.1235377040765968e-05, 2.1000060323551698e-05, 2.0864315720061682e-05, 2.080916793538441e-05, 2.0667663301325314e-05, 2.0575817873797783e-05, 2.053917691021726e-05, 2.044172706210781e-05, 2.037249652108089e-05, 2.0348533305913783e-05, 2.027432148424794e-05, 2.02188096881112e-05, 2.020218910455697e-05, 2.014255800454561e-05, 2.0096615434722734e-05, 2.0084051026445225e-05, 2.0037110896661427e-05, 1.9999953190339223e-05, 1.9990385946481673e-05]
test_rres [1.0165199786764887, 0.9999375273319906, 0.832699690654763, 0.12246162543938303, 0.0435986711440023, 0.027244593141879436, 0.02626015487754299, 0.023325641020541812, 0.022387781033993543, 0.022179674697682915, 0.02160362359152492, 0.021323004826228252, 0.021240468109830067, 0.021005094976680398, 0.020869317829141358, 0.020814156823075084, 0.020672618264030173, 0.020580750817048316, 0.020544101068991034, 0.020446627857797137, 0.020377380719115042, 0.02035341175889414, 0.020279182145337492, 0.020223657040541933, 0.020207032472290908, 0.020147387076039462, 0.02010143349172904, 0.020088866071201257, 0.0200419146877702, 0.020004748073084902, 0.019995178535531358]
step_times_seconds [1.4870688915252686, 7.006747245788574, 9.211937189102173, 10.357529163360596, 9.881271123886108, 8.509286880493164, 6.719308853149414, 8.189049005508423, 6.721746921539307, 6.6877429485321045, 6.469501972198486, 6.734025955200195, 6.735592842102051, 6.493161916732788, 6.772864103317261, 6.753591060638428, 6.540266036987305, 6.7617199420928955, 4.979238748550415, 6.519423961639404, 6.752209901809692, 4.999388933181763, 6.517604112625122, 6.716400146484375, 5.022777080535889, 6.538035869598389, 4.994645118713379, 5.007320165634155, 4.822006940841675, 4.9468019008636475, 5.03180193901062]
