date 2025-01-27T19:49:41.302964
sample_ratio 0.4
rank 16
seed 0
l2_regularization_strength 0
input_shape (1024, 1344, 33)
input_size 45416448
num_train_samples 18166579
num_test_samples 45416448
num_iterations 10
max_num_richardson_iterations 1024
num_richardson_iterations [3, 3, 5, 9, 6, 5, 6, 4, 3, 3, 3, 2, 2, 2, 2, 2, 2, 2, 2, 2, 2, 2, 2, 2, 2, 2, 2, 2, 2, 2]
train_mses [0.001016055593368369, 0.001001090808797194, 0.0009859298119653634, 0.0007897023393045654, 7.671503086120209e-05, 4.1696486081368666e-05, 3.646949562455161e-05, 2.6719206202808564e-05, 2.4181257157173605e-05, 2.3574594626597217e-05, 2.2934249669980444e-05, 2.254581972720774e-05, 2.247312689850601e-05, 2.2268358110566165e-05, 2.2167448515205326e-05, 2.213403480997042e-05, 2.20006778394191e-05, 2.1911810791928104e-05, 2.189386439591526e-05, 2.1796036863668845e-05, 2.172033297172248e-05, 2.1708693479994498e-05, 2.16311421819398e-05, 2.156653579100336e-05, 2.1557486896681915e-05, 2.1492636210136382e-05, 2.1436621969837273e-05, 2.1428619464526003e-05, 2.1372244575080824e-05, 2.1322709994949297e-05, 2.1315108896125646e-05]
train_rres [1.0165168448206106, 1.0015452667937812, 0.9863773874332269, 0.7900608347975485, 0.07674985663217805, 0.041715414735355644, 0.03648605141926317, 0.026731335728736306, 0.02419223454862105, 0.023585296615817587, 0.022944660966404965, 0.022556054690883964, 0.022483328862341456, 0.022278467116987243, 0.022177511712422944, 0.022144082838608515, 0.022010665328952118, 0.02192175793912653, 0.021903803396117322, 0.02180593145380948, 0.0217301931951116, 0.021718548419487248, 0.02164096191602737, 0.021576326196192156, 0.02156727319400922, 0.021502393067663796, 0.02144635339898276, 0.02143834726083169, 0.02138194677928329, 0.021332389712294578, 0.021324785162854742]
test_mses [0.0010162763318138244, 0.0010019921985887535, 0.0009873742255351744, 0.0007907211929772722, 7.687349798154495e-05, 4.185936159233501e-05, 3.660469372395639e-05, 2.6836141773759503e-05, 2.4284000485654438e-05, 2.367834631806851e-05, 2.303765343281699e-05, 2.264508984736997e-05, 2.2572614373361223e-05, 2.2367666033025957e-05, 2.2265145353346575e-05, 2.223184199557736e-05, 2.2098351939316358e-05, 2.200802793177548e-05, 2.1990133472733426e-05, 2.1892237375076026e-05, 2.1815279971582827e-05, 2.1803648407761167e-05, 2.172608067456159e-05, 2.1660419672619172e-05, 2.1651340849738218e-05, 2.158650962622372e-05, 2.152961612535108e-05, 2.1521551151177017e-05, 2.1465217842702422e-05, 2.1414951463734096e-05, 2.140726092611494e-05]
test_rres [1.0165199786764887, 1.0022324209062057, 0.9876109432710855, 0.7909107641912028, 0.07689192799513367, 0.041869397152355284, 0.03661346950521335, 0.026842575596475335, 0.024289822446026874, 0.0236840230760652, 0.02304317658809114, 0.02265051888760572, 0.022578026037986317, 0.02237302856237301, 0.022270483303904194, 0.02223717196183152, 0.022103649902037236, 0.022013304239794414, 0.021995405490650675, 0.021897485922922864, 0.021820510069300175, 0.021808875716872754, 0.021731289387220378, 0.021665612643400854, 0.021656531643920247, 0.021591684877463622, 0.02153477773667577, 0.021526710828966907, 0.021470364014880262, 0.02142008558481407, 0.021412393203429293]
step_times_seconds [1.3575339317321777, 4.592091083526611, 4.734105825424194, 7.494555950164795, 12.813451051712036, 8.921086072921753, 7.34719181060791, 8.448703050613403, 5.790964841842651, 4.291461944580078, 4.128882169723511, 4.294380187988281, 2.8020260334014893, 2.6825199127197266, 2.7380177974700928, 2.888139009475708, 2.7032508850097656, 2.7351810932159424, 2.9151368141174316, 2.6816272735595703, 2.7828710079193115, 2.875129222869873, 2.6596031188964844, 2.790684223175049, 2.873173952102661, 2.704429864883423, 2.768990993499756, 2.900397777557373, 2.682039737701416, 2.7582530975341797, 2.892803192138672]
