date 2025-01-27T19:49:41.302964
sample_ratio 0.4
rank 16
seed 0
l2_regularization_strength 0
input_shape (1024, 1344, 33)
input_size 45416448
num_train_samples 18166579
num_test_samples 45416448
num_iterations 10
max_num_richardson_iterations 1024
num_richardson_iterations [2, 2, 2, 4, 6, 3, 3, 3, 2, 3, 2, 2, 2, 2, 2, 2, 2, 2, 2, 2, 2, 2, 2, 2, 2, 2, 2, 2, 2, 2]
train_mses [0.001016055593368369, 0.0010050480481941415, 0.0009999072663739238, 0.0009909348336166366, 0.00043932027736567225, 9.049492477742077e-05, 6.630180625663103e-05, 5.2007083476772266e-05, 4.309717091372814e-05, 3.88746981673891e-05, 3.281292247241741e-05, 3.057180237759239e-05, 2.808056010209149e-05, 2.683912870397405e-05, 2.5785648784098125e-05, 2.4683554952334785e-05, 2.4078072009084543e-05, 2.363747084914819e-05, 2.3146803989527885e-05, 2.2845926361060877e-05, 2.26374518206713e-05, 2.2406908698329797e-05, 2.2237953852347358e-05, 2.2123063373743002e-05, 2.2004149538903224e-05, 2.1896904232180575e-05, 2.182388993035457e-05, 2.1755328492115285e-05, 2.1679984458756062e-05, 2.1628110415373385e-05, 2.158412097789402e-05]
train_rres [1.0165168448206106, 1.005504302630245, 1.0003611870862668, 0.9913846811781928, 0.43951971243325777, 0.0905360061077599, 0.06633190481090474, 0.052030692758525225, 0.04311673542653748, 0.03889234583460554, 0.03282781831890601, 0.03058568083890528, 0.028093307632060697, 0.0268513126702574, 0.02579735450967681, 0.02469476036830076, 0.024089002558312218, 0.02364820138183523, 0.023157311777708574, 0.022856297561987895, 0.02264772838191016, 0.022417080601565016, 0.022248049056365942, 0.02213310642175708, 0.022014138604458694, 0.02190684461235525, 0.021833797164751624, 0.02176520460216918, 0.021689826365420856, 0.021637928773151682, 0.02159391936610367]
test_mses [0.0010162763318138244, 0.0010056975613115695, 0.0010009547864406317, 0.0009917816758143881, 0.0004400358702753618, 9.075219305511575e-05, 6.644771446716326e-05, 5.2170446825465256e-05, 4.3258062537192044e-05, 3.9017057265125106e-05, 3.29588852741753e-05, 3.071380671300048e-05, 2.8209917862997677e-05, 2.6970327705518603e-05, 2.591427716841387e-05, 2.4804998265757578e-05, 2.4201033379399313e-05, 2.37588212260487e-05, 2.3263891727613846e-05, 2.2963965577160593e-05, 2.2754276683133672e-05, 2.2521054467435377e-05, 2.23525400873242e-05, 2.223664212159834e-05, 2.2115997844929407e-05, 2.2008865830745306e-05, 2.1935009404052257e-05, 2.1865316155236134e-05, 2.1789905775733386e-05, 2.173734001484452e-05, 2.169259978437257e-05]
test_rres [1.0165199786764887, 1.0059386719700902, 1.0011947600440212, 0.9920194502131372, 0.4401413665423672, 0.0907739504122691, 0.06646364495442772, 0.05218295441350494, 0.04326843342834849, 0.03902641139775168, 0.03296678699218504, 0.030721170185327672, 0.028216681041247697, 0.026976793698600177, 0.025920489978977924, 0.024810945132585673, 0.024206835448847882, 0.023764517277477935, 0.02326946912231975, 0.02296947106616201, 0.02275973190033443, 0.022526453770846375, 0.02235789899030596, 0.022241973238657262, 0.022121300038162605, 0.022014142339646076, 0.02194026820626628, 0.02187055824886324, 0.021795129790121805, 0.021742551426870444, 0.021697800470165438]
step_times_seconds [1.3532600402832031, 2.9693539142608643, 3.098033905029297, 3.043412923812866, 5.590615749359131, 8.931506156921387, 4.2971031665802, 4.146928071975708, 4.304682016372681, 2.8241488933563232, 4.134344816207886, 2.974760055541992, 2.802086114883423, 2.6847589015960693, 2.755146026611328, 2.882716178894043, 2.7271032333374023, 2.775122880935669, 2.9116249084472656, 2.71809983253479, 2.7836639881134033, 3.034240961074829, 2.766348123550415, 2.7658979892730713, 2.9088261127471924, 2.717503070831299, 2.7619478702545166, 2.8953869342803955, 2.6916000843048096, 2.758975028991699, 2.894512891769409]
