date 2025-01-27T19:49:41.302964
sample_ratio 0.2
rank 16
seed 0
l2_regularization_strength 0
input_shape (1024, 1344, 33)
input_size 45416448
num_train_samples 9083289
num_test_samples 45416448
num_iterations 10
max_num_richardson_iterations 1024
num_richardson_iterations [2, 2, 2, 2, 2, 2, 4, 4, 4, 2, 2, 2, 4, 2, 2, 2, 2, 2, 2, 2, 2, 2, 2, 2, 2, 2, 2, 2, 2, 2]
train_mses [0.0010161263045490852, 0.0010096024472526835, 0.0010052504519027733, 0.001003143807684496, 0.0010007151902199768, 0.0009919366595772152, 0.0009235413300476654, 0.00025660387525142613, 9.413732093679144e-05, 6.43208503272329e-05, 5.8156045004705214e-05, 5.329909200043064e-05, 5.238960268802421e-05, 3.649614325589205e-05, 3.38246844851543e-05, 3.3027373370829196e-05, 3.287954194908304e-05, 3.1027618578108894e-05, 3.038879468431674e-05, 3.010150468736335e-05, 2.8806986695578248e-05, 2.8323564288956473e-05, 2.799217265047736e-05, 2.708532826211682e-05, 2.6728820870214188e-05, 2.6415149710956164e-05, 2.578065236143844e-05, 2.5518534646512967e-05, 2.5248414439912733e-05, 2.480326408180124e-05, 2.4608936049912957e-05]
train_rres [1.01651858021926, 1.0099922043870408, 1.0056385289488534, 1.003531071460347, 1.0011015164277919, 0.9923195968323227, 0.9238978632783835, 0.2567029372053221, 0.09417366265975798, 0.06434568139848396, 0.0581784961521923, 0.053319668120683186, 0.05240982769982898, 0.03651023259595776, 0.03383774250827157, 0.033040123591904225, 0.03289223509982166, 0.031039596793629116, 0.030400526281803418, 0.030113125376515518, 0.02881810763591916, 0.028334498604024833, 0.02800297903176771, 0.027095784556032603, 0.026739139534412627, 0.026425347282369525, 0.025790604985081143, 0.025528386079583368, 0.025258161593048053, 0.02481283938459249, 0.0246184363323464]
test_mses [0.0010162763318138244, 0.0010103320258515844, 0.0010066201278867897, 0.0010043111844505019, 0.0010022829690375127, 0.0009940265469551009, 0.0009254637561134142, 0.00025759616233518107, 9.476850359051285e-05, 6.454867293612508e-05, 5.843102532561762e-05, 5.361439998088253e-05, 5.2720973749605305e-05, 3.690786641422364e-05, 3.423154172648463e-05, 3.342324688079004e-05, 3.3275611374247e-05, 3.141659828655298e-05, 3.0769072318726145e-05, 3.0481833659401092e-05, 2.9179037234672485e-05, 2.8687975698284355e-05, 2.8356068293359267e-05, 2.744112299380876e-05, 2.7078005275683675e-05, 2.6763473993173285e-05, 2.6121737248452408e-05, 2.5853956806665224e-05, 2.5582859201479133e-05, 2.5131501665771038e-05, 2.4932328818080895e-05]
test_rres [1.0165199786764887, 1.0105742475984083, 1.0068614597257555, 1.0045519627325201, 1.0025232610656383, 0.9942648595498045, 0.9256856311425059, 0.25765791964942975, 0.0947912238368242, 0.06456414813825043, 0.058445033854161645, 0.053627253749035965, 0.05273361332355638, 0.03691671487952579, 0.034239748557131695, 0.0334312599270331, 0.033283589025660074, 0.031424130249434024, 0.030776449040689317, 0.030489141517418515, 0.029186032754153983, 0.028694853488365913, 0.028362866510400136, 0.02744770185756473, 0.02708449708389183, 0.026769890394173976, 0.026127999796470784, 0.025860155155742342, 0.02558899255634266, 0.0251375268100583, 0.024938306211733853]
step_times_seconds [1.278061866760254, 2.7849202156066895, 2.8638768196105957, 2.7407288551330566, 2.5128488540649414, 2.5906822681427, 2.601966142654419, 5.154859781265259, 5.416690111160278, 5.444103956222534, 2.521038770675659, 2.6318020820617676, 2.6014888286590576, 5.172214031219482, 2.5660030841827393, 2.669160842895508, 2.511781692504883, 2.5646657943725586, 2.617155075073242, 2.495579957962036, 2.5650482177734375, 2.5913569927215576, 2.4956319332122803, 2.601193904876709, 2.6295671463012695, 2.4981319904327393, 2.5740158557891846, 2.6295101642608643, 2.543148994445801, 2.5846967697143555, 2.618136167526245]
