date 2025-01-27T19:49:41.302964
sample_ratio 0.5
rank 16
seed 0
l2_regularization_strength 0
input_shape (1024, 1344, 33)
input_size 45416448
num_train_samples 22708224
num_test_samples 45416448
num_iterations 10
max_num_richardson_iterations 1024
num_richardson_iterations [4, 4, 6, 6, 5, 4, 4, 4, 4, 4, 4, 4, 4, 4, 4, 4, 4, 4, 4, 4, 4, 4, 4, 4, 4, 4, 3, 4, 4, 3]
train_mses [0.0010162049495591444, 0.0009991837561916749, 0.0008907905639383429, 0.0002297806583610768, 5.351697125239744e-05, 2.9833574887035566e-05, 2.750731747648159e-05, 2.3326856064708223e-05, 2.2168486520251344e-05, 2.207953812078837e-05, 2.1541707505387937e-05, 2.1237048757686267e-05, 2.120528241524023e-05, 2.0968918921531048e-05, 2.080001609720522e-05, 2.07783974284358e-05, 2.0630973460837876e-05, 2.0517329949692256e-05, 2.0502222876280702e-05, 2.039692312271755e-05, 2.0311828096544044e-05, 2.0300693768123013e-05, 2.0219212250186486e-05, 2.0151458632397282e-05, 2.0142806490169584e-05, 2.007689382290543e-05, 2.002118724103617e-05, 2.0014194165694904e-05, 1.9959539380425676e-05, 1.9912929868457815e-05, 1.9907098323138796e-05]
train_rres [1.0165217883538324, 0.9994952880112364, 0.8910683002441149, 0.22985230082539398, 0.05353365711155835, 0.02984287658735945, 0.027515893881583858, 0.023334129059159405, 0.022175398350932924, 0.022086422218576415, 0.021548423914951275, 0.021243670178821873, 0.02121189393206504, 0.020975456743453576, 0.02080650125753886, 0.02078487584836441, 0.020637405915991152, 0.02052372697235417, 0.020508615188763894, 0.020403282604178796, 0.020318161046540807, 0.020307023246588566, 0.02022551632382997, 0.020157741581390068, 0.02014908674154284, 0.020083153523611164, 0.020027429573192125, 0.020020434317505678, 0.019965762491622456, 0.019919138447446697, 0.019913305083931663]
test_mses [0.0010162763318138244, 0.0009999643880310076, 0.0008922983443735719, 0.00022997676986011742, 5.35899655973192e-05, 2.990903286178639e-05, 2.7578528060054426e-05, 2.3390810243540397e-05, 2.2229224164976678e-05, 2.2140130580506665e-05, 2.159979540202139e-05, 2.129391826971975e-05, 2.1262233036740537e-05, 2.1024726410825565e-05, 2.085520938136154e-05, 2.0833638798955642e-05, 2.0685675388080382e-05, 2.0571632731538743e-05, 2.0556486723946945e-05, 2.0450832505311116e-05, 2.03654179205193e-05, 2.0354168363898973e-05, 2.027240638357102e-05, 2.020437770879218e-05, 2.0195568308315784e-05, 2.0129421015235095e-05, 2.0073479779826422e-05, 2.0066316289122694e-05, 2.00114599685562e-05, 1.9964655411989926e-05, 1.9958656659578253e-05]
test_rres [1.0165199786764887, 1.0002041241916293, 0.8925122681710287, 0.2300319055714471, 0.05360281350745873, 0.029916203393849344, 0.027585139865946566, 0.02339641806628762, 0.022234553503619827, 0.02214543855943528, 0.0216049738384556, 0.02129902337373313, 0.02126733054438729, 0.02102976697751792, 0.02086020930724479, 0.020838633553406122, 0.020690634669087545, 0.02057656467142361, 0.020561415032656787, 0.02045573548398218, 0.02037030042149649, 0.020359048167854606, 0.02027726658552534, 0.02020922160123238, 0.020200410088748927, 0.02013424693720541, 0.020078292290182122, 0.020071127082069477, 0.020016257609990953, 0.01996944183228038, 0.01996344164169962]
step_times_seconds [1.391117811203003, 6.415345907211304, 6.6153130531311035, 11.144567012786865, 8.861412286758423, 7.681774854660034, 6.108598947525024, 5.883327007293701, 6.087918758392334, 6.041993856430054, 5.872521162033081, 6.1239728927612305, 6.099619150161743, 5.920283794403076, 6.175216913223267, 6.114229917526245, 5.937587022781372, 6.1837286949157715, 6.19687819480896, 5.914305925369263, 6.075371026992798, 6.150499105453491, 5.9422447681427, 6.16663670539856, 6.098650217056274, 5.928580284118652, 6.179171800613403, 4.579781770706177, 5.943065881729126, 6.117100238800049, 4.528903007507324]
