date 2025-01-27T19:49:41.302964
sample_ratio 0.9
rank 16
seed 0
l2_regularization_strength 0
input_shape (1024, 1344, 33)
input_size 45416448
num_train_samples 40874803
num_test_samples 45416448
num_iterations 10
max_num_richardson_iterations 1024
num_richardson_iterations [3, 4, 4, 4, 4, 3, 4, 3, 3, 3, 3, 3, 3, 3, 3, 3, 3, 3, 3, 3, 3, 3, 3, 3, 3, 3, 2, 3, 3, 2]
train_mses [0.0010163408706207972, 0.000999644024608511, 0.0007990845476533717, 9.79786143733007e-05, 4.1250867179720284e-05, 2.8014329573882816e-05, 2.665133936067266e-05, 2.3956542144339474e-05, 2.3073364234559066e-05, 2.288168311872497e-05, 2.2266259472480594e-05, 2.1917425545019053e-05, 2.1806420616840312e-05, 2.14756111797535e-05, 2.130220964738099e-05, 2.1225700032834093e-05, 2.104651021855814e-05, 2.0947881904076165e-05, 2.08947971449892e-05, 2.0779360885139418e-05, 2.0710039592147604e-05, 2.067343844397749e-05, 2.0589044230135744e-05, 2.053484184065451e-05, 2.050960254546051e-05, 2.0443856215296614e-05, 2.0399310728852e-05, 2.0381827158212204e-05, 2.033086079941029e-05, 2.029343251898449e-05, 2.0280356724050505e-05]
train_rres [1.0165127868673869, 0.9998131165476474, 0.7992197145251483, 0.09799518766688364, 0.04125784485272264, 0.028019068258049017, 0.026655847492109586, 0.02396059444502498, 0.02307726714379953, 0.022885553604691976, 0.022270025858212743, 0.021921132924741283, 0.02181010921983993, 0.021479243825624557, 0.021305812962009486, 0.021229290405696554, 0.021050070281077693, 0.020951425283403966, 0.020898331544915705, 0.020782875758774015, 0.020713542739936235, 0.0206769354006031, 0.02059252691129837, 0.020538315353366247, 0.020513071788891123, 0.020447314337593923, 0.02040276131618436, 0.020385274788160948, 0.020334299808289706, 0.020296865196789683, 0.02028378719005683]
test_mses [0.0010162763318138244, 0.000999650810521573, 0.0007991415692325438, 9.796517384905562e-05, 4.1246519202108476e-05, 2.801495337137718e-05, 2.665102010082659e-05, 2.395816127203017e-05, 2.307532377326049e-05, 2.288354395409748e-05, 2.226808242518545e-05, 2.1919568071424422e-05, 2.180835564067285e-05, 2.1477370539445072e-05, 2.1304336154674847e-05, 2.122762300985508e-05, 2.104829942166064e-05, 2.095008473240811e-05, 2.0896837584626613e-05, 2.078129737901937e-05, 2.0712366108530557e-05, 2.067564337401282e-05, 2.0591155599062345e-05, 2.0537289554034663e-05, 2.051196295352945e-05, 2.0446126415846965e-05, 2.0401859414543352e-05, 2.0384320512294677e-05, 2.033326203135054e-05, 2.0296058925523664e-05, 2.0282943520043796e-05]
test_rres [1.0165199786764887, 0.9998904715036492, 0.7993331591870402, 0.097988660480114, 0.04125640783641473, 0.028021669807923956, 0.02665740954160278, 0.023963905114178608, 0.023080855959799043, 0.02288903016244113, 0.02227342107989047, 0.021924823171660817, 0.021813584078318578, 0.021482519625167527, 0.02130944375632091, 0.021232712219931376, 0.021053345639857366, 0.020955107404153784, 0.020901847490650903, 0.02078627958489191, 0.020717331788496447, 0.020680600249897797, 0.020596092219451197, 0.020542213260324797, 0.02051688058790138, 0.02045102826625803, 0.020406750652175537, 0.020389207545068032, 0.020338136823123784, 0.02030092479804952, 0.02028780624822072]
step_times_seconds [1.5193400382995605, 5.384235143661499, 7.540512800216675, 7.139278173446655, 6.682727098464966, 7.013772010803223, 5.13284707069397, 6.830543041229248, 5.245771884918213, 5.246511936187744, 5.114145755767822, 5.2638163566589355, 5.281469345092773, 5.075438022613525, 5.258294105529785, 5.2817158699035645, 5.100852966308594, 5.258808135986328, 5.281414985656738, 5.104736804962158, 5.265689134597778, 5.299405097961426, 5.082905054092407, 5.287336111068726, 5.243484020233154, 5.093894958496094, 5.23117995262146, 3.353105068206787, 4.88251805305481, 5.142566204071045, 3.3681211471557617]
