date 2025-01-27T19:49:41.302964
sample_ratio 0.5
rank 16
seed 0
l2_regularization_strength 0
input_shape (1024, 1344, 33)
input_size 45416448
num_train_samples 22708224
num_test_samples 45416448
num_iterations 10
max_num_richardson_iterations 1024
num_richardson_iterations [3, 3, 5, 7, 5, 4, 5, 4, 2, 3, 3, 2, 2, 2, 2, 2, 2, 2, 2, 2, 2, 2, 2, 2, 2, 2, 2, 2, 2, 2]
train_mses [0.0010162049495591444, 0.0010002483444246596, 0.0009663630990890679, 0.0005770245563113175, 6.386565103971437e-05, 3.590499983746913e-05, 3.2261836877827584e-05, 2.5652378797417967e-05, 2.3654850363304546e-05, 2.3425409218846167e-05, 2.2761931403019717e-05, 2.2466684797993486e-05, 2.2356455679269838e-05, 2.215496097078145e-05, 2.2069978564553856e-05, 2.2020859104042167e-05, 2.1896522326711815e-05, 2.1816533996481178e-05, 2.1787446581488237e-05, 2.169473907302423e-05, 2.1625380909703766e-05, 2.1604678377496875e-05, 2.1528869282194917e-05, 2.14687348806294e-05, 2.1452420144890538e-05, 2.138732188964023e-05, 2.133418595132963e-05, 2.1320625760032105e-05, 2.1263052176704522e-05, 2.121514266736206e-05, 2.120353920010506e-05]
train_rres [1.0165217883538324, 1.0005602081682616, 0.9666643978769545, 0.577204464670361, 0.06388556347559275, 0.03591619452499424, 0.03227189567700508, 0.02566037685802826, 0.023662225621888838, 0.02343271294082193, 0.022769028261693386, 0.022473689602816687, 0.022363426116162502, 0.022161868584381825, 0.022076859681803108, 0.022027724906515916, 0.021903349362680166, 0.021823336093182946, 0.021794239609132123, 0.021701503195735845, 0.021632123407489347, 0.021611414420516267, 0.02153558168897598, 0.0214754285383271, 0.02145910871587693, 0.02139399016388162, 0.021340837658512718, 0.02132727323933314, 0.021269681705350277, 0.021221757258478528, 0.02121015017341925]
test_mses [0.0010162763318138244, 0.0010008535140493822, 0.0009673676568033521, 0.0005774487334510448, 6.394979030942093e-05, 3.59888147704393e-05, 3.2336370922462975e-05, 2.571846332057942e-05, 2.3712783138786597e-05, 2.348378500276062e-05, 2.2818186112097332e-05, 2.2521125253680393e-05, 2.241096706405492e-05, 2.2208709679872795e-05, 2.2123105531058e-05, 2.2073932998210862e-05, 2.194911840437659e-05, 2.1868599477324408e-05, 2.183941605014664e-05, 2.1746429947165328e-05, 2.1676652018894677e-05, 2.1655836337363267e-05, 2.1579896034252063e-05, 2.1519441446580427e-05, 2.1503006680914693e-05, 2.143788753492698e-05, 2.138450917914125e-05, 2.137082773017605e-05, 2.131331463012698e-05, 2.1265217786012474e-05, 2.1253495520581545e-05]
test_rres [1.0165199786764887, 1.001093463373253, 0.9675995780704766, 0.5775871737234889, 0.06396512193261156, 0.0359974428979823, 0.03234412339595721, 0.025724629185811584, 0.023718468152828485, 0.023489415115713452, 0.022823656651244865, 0.022526524574062016, 0.022416339974594596, 0.022214034100276902, 0.02212840942832127, 0.02207922510662007, 0.021954380589148646, 0.02187384235811058, 0.021844651934360866, 0.021751643538454338, 0.02168184888129532, 0.021661028209314617, 0.021585069699918347, 0.021524600618579824, 0.021508161912766152, 0.021443027154808423, 0.021389636001844885, 0.02137595127282483, 0.021318424384314933, 0.021270316009237043, 0.021258590933455123]
step_times_seconds [1.3870201110839844, 4.69622802734375, 4.8604888916015625, 7.825621128082275, 10.405004739761353, 7.705040216445923, 6.067151069641113, 7.4456400871276855, 6.196265935897827, 2.999210834503174, 4.291146993637085, 4.509916067123413, 2.9875810146331787, 2.787559986114502, 2.9499270915985107, 2.8974499702453613, 2.857290029525757, 2.8506081104278564, 2.9931118488311768, 2.793761968612671, 2.943471670150757, 2.872170925140381, 2.880847930908203, 2.8719139099121094, 3.016233205795288, 2.838693857192993, 2.9253902435302734, 2.8985657691955566, 2.8728408813476562, 2.8498761653900146, 3.0157270431518555]
