date 2025-01-27T19:49:41.302964
sample_ratio 0.1
rank 16
seed 0
l2_regularization_strength 0
input_shape (1024, 1344, 33)
input_size 45416448
num_train_samples 4541644
num_test_samples 45416448
num_iterations 10
max_num_richardson_iterations 1024
num_richardson_iterations [2, 2, 2, 2, 2, 2, 2, 2, 2, 2, 4, 2, 2, 2, 2, 2, 2, 2, 2, 2, 2, 2, 2, 2, 2, 2, 2, 2, 2, 2]
train_mses [0.0010162743593017482, 0.0010124942581137423, 0.0010092361490700362, 0.0010074147765383953, 0.0010053052512188612, 0.0010033035069953377, 0.0010025136052455672, 0.0010007950823244897, 0.0009971095530036896, 0.0009904726354955323, 0.0009456058110830183, 0.0004377766712997531, 0.0003944233434014198, 0.0003611342214805456, 0.0003578768610076286, 0.00032276821993718324, 0.0002929366265650454, 0.00028400763945503154, 0.00025667204673223207, 0.00023201378814089151, 0.00022168461810586433, 0.00020192480028154784, 0.0001835868401900751, 0.0001750184655018496, 0.0001611634513331253, 0.00014793683637756992, 0.0001414206664260098, 0.00013160873578553088, 0.00012199384581752634, 0.00011714580507753382, 0.00011014205766174706]
train_rres [1.0164791184840383, 1.01269825568041, 1.0094394901921746, 1.007617750689994, 1.0055078003428328, 1.003505652807441, 1.0027155919080917, 1.0009967227386367, 0.9973104508565753, 0.990672196140813, 0.9457963319506105, 0.43786487464014096, 0.39450281190373093, 0.3612069828832224, 0.35794896611659816, 0.32283325134939844, 0.29299564750124163, 0.28406486137693343, 0.2567237610728769, 0.2320605343301512, 0.22172928317166488, 0.2019654841348905, 0.18362382930716975, 0.1750537282609203, 0.1611959225808823, 0.14796664272402546, 0.14144915989310483, 0.13163525234267415, 0.12201842516451603, 0.11716940764020484, 0.11016424910784241]
test_mses [0.0010162763318138244, 0.0010131462542219514, 0.0010106641663733683, 0.0010087249397959675, 0.0010071375462556392, 0.0010058017363015932, 0.0010048393844759077, 0.0010035817971470382, 0.0010005010517320175, 0.0009937818693801662, 0.0009493047128278669, 0.00044173854668423635, 0.0003980990533234766, 0.0003647831370999827, 0.0003615156078957135, 0.00032616505189173793, 0.0002962569670544316, 0.0002872772876365651, 0.0002597021557573466, 0.00023493002674133408, 0.0002245223820082722, 0.0002045396509390558, 0.00018608301173366826, 0.00017743596572682716, 0.00016339111782031948, 0.00015006018611335708, 0.00014347745609729685, 0.00013350942389761829, 0.0001238073630540295, 0.00011890703116407942, 0.00011177702449513256]
test_rres [1.0165199786764887, 1.0133891506651072, 1.0109064677491215, 1.0089667762524297, 1.0073790021429159, 1.0060428719355154, 1.0050802893910815, 1.0038224005623173, 1.0007409165549164, 0.9940201233147185, 0.9495323035999357, 0.4418444511588839, 0.3981944954609499, 0.364870591923169, 0.3616022793460962, 0.3262432482337331, 0.29632799309164765, 0.2873461608432474, 0.25976441797235306, 0.23498634996974085, 0.22457621005903136, 0.2045886882359815, 0.18612762414919415, 0.17747850505891605, 0.16343028997458292, 0.15009616224741903, 0.14351185405673642, 0.13354143207418448, 0.12383704521294486, 0.11893553849440378, 0.11180382244415846]
step_times_seconds [1.2479119300842285, 2.667462110519409, 2.7621686458587646, 2.6498138904571533, 2.3956902027130127, 2.4730308055877686, 2.5089499950408936, 2.4037997722625732, 2.5111989974975586, 2.4980480670928955, 2.4303171634674072, 5.199742078781128, 2.5073978900909424, 2.3921899795532227, 2.4542407989501953, 2.472425937652588, 2.3933451175689697, 2.5124099254608154, 2.499910831451416, 2.432339906692505, 2.4809467792510986, 2.4921841621398926, 2.389810085296631, 2.4834702014923096, 2.563581943511963, 2.395711898803711, 2.4726598262786865, 2.544015884399414, 2.387153148651123, 2.4607138633728027, 2.5263102054595947]
