date 2025-01-27T19:49:41.302964
sample_ratio 0.3
rank 16
seed 0
l2_regularization_strength 0
input_shape (1024, 1344, 33)
input_size 45416448
num_train_samples 13624934
num_test_samples 45416448
num_iterations 10
max_num_richardson_iterations 1024
num_richardson_iterations [2, 2, 2, 2, 5, 6, 4, 3, 2, 3, 2, 2, 2, 2, 2, 2, 2, 2, 2, 2, 2, 2, 2, 2, 2, 2, 2, 2, 2, 2]
train_mses [0.0010162476461319314, 0.0010073106470419595, 0.00100256674814346, 0.0010004640894035511, 0.00096646622723242, 0.0004418913897622659, 0.00010167873046785165, 6.840983215243005e-05, 5.587361423695468e-05, 5.0606874298950786e-05, 4.1593052027320555e-05, 3.810445593225835e-05, 3.548812029170518e-05, 3.3410086139898776e-05, 3.132082779242066e-05, 2.9881913855668358e-05, 2.8464159323855863e-05, 2.72346709601055e-05, 2.63327294345444e-05, 2.543168659544564e-05, 2.4711553022586388e-05, 2.4165069590838893e-05, 2.3646431435933217e-05, 2.3264951124004557e-05, 2.2958591841205587e-05, 2.267057697645698e-05, 2.2461867741545126e-05, 2.228795184161747e-05, 2.21145291439241e-05, 2.198722558689364e-05, 2.188480332339718e-05]
train_rres [1.0165374919136125, 1.007597943886384, 1.0028526919721215, 1.0007494335292086, 0.9667418747679067, 0.4420174223841089, 0.10170773043771625, 0.0684293434411896, 0.05588955004891498, 0.050621307974733895, 0.04160491485497211, 0.038115323771271074, 0.03549824192102014, 0.033419615089431996, 0.03132976086089954, 0.02989043652896811, 0.028472277636887654, 0.027242438608594828, 0.026340239838702092, 0.025438940011587644, 0.024718601048163272, 0.024171961752913355, 0.023653175676305732, 0.023271586561705176, 0.022965139901635383, 0.02267704289165975, 0.02246827413041928, 0.022294308627631383, 0.02212083646774485, 0.021993496602242594, 0.021891045126711903]
test_mses [0.0010162763318138244, 0.0010078461287253613, 0.0010036227763461944, 0.0010012873228767822, 0.0009676153809042541, 0.00044298118955390486, 0.00010185953166235614, 6.86030154496318e-05, 5.610939662921063e-05, 5.081618700579904e-05, 4.181001179339233e-05, 3.8322182244097577e-05, 3.568939677840147e-05, 3.3613924106520335e-05, 3.152228933199777e-05, 3.007177964950946e-05, 2.8653016129318785e-05, 2.7419133862100515e-05, 2.650857394312302e-05, 2.5605588983548165e-05, 2.4881109474819588e-05, 2.4328391264385388e-05, 2.3808210693387938e-05, 2.3423403955805413e-05, 2.311274292935988e-05, 2.2823834750748472e-05, 2.2612834242008752e-05, 2.2435932832129495e-05, 2.2262127276247496e-05, 2.2133243045655158e-05, 2.2028705658887585e-05]
test_rres [1.0165199786764887, 1.0080877544915285, 1.0038633895860192, 1.0015273762040193, 0.9678473615619184, 0.4430873919455924, 0.10188395194505392, 0.06861946265888028, 0.056122848559583036, 0.0508283699172267, 0.041820035522059935, 0.038331369784121806, 0.03569795312206828, 0.03362198286661737, 0.03152984663374662, 0.030078989199251952, 0.028659885538029027, 0.027425707454078737, 0.02651492923318809, 0.025611727787756437, 0.024887074588906544, 0.02433422386721168, 0.023813918585680122, 0.023429019592722353, 0.023118284086942727, 0.022829306644127172, 0.022618255549134127, 0.02244131172807971, 0.022267464503237137, 0.022138549373333805, 0.02203398692428197]
step_times_seconds [1.3246231079101562, 2.8813729286193848, 2.965623140335083, 2.8227851390838623, 2.5746500492095947, 7.063366889953613, 8.453853845596313, 5.339053153991699, 4.1366307735443115, 2.7037107944488525, 3.9838831424713135, 2.6872830390930176, 2.698154926300049, 2.5833241939544678, 2.6918609142303467, 2.697524070739746, 2.5862998962402344, 2.6448659896850586, 2.6933200359344482, 2.5847182273864746, 2.6702029705047607, 2.681504964828491, 2.5978617668151855, 2.6605398654937744, 2.7142817974090576, 2.6022610664367676, 2.6910929679870605, 2.7044999599456787, 2.610564947128296, 2.665722131729126, 2.7175610065460205]
