date 2025-01-27T19:49:41.302964
sample_ratio 0.4
rank 16
seed 0
l2_regularization_strength 0
input_shape (1024, 1344, 33)
input_size 45416448
num_train_samples 18166579
num_test_samples 45416448
num_iterations 10
max_num_richardson_iterations 1024
num_richardson_iterations [4, 4, 4, 4, 4, 4, 4, 4, 4, 4, 4, 3, 4, 4, 2, 4, 4, 3, 4, 4, 2, 4, 4, 2, 4, 4, 2, 4, 4, 2]
train_mses [0.001016055593368369, 0.0009988637622110768, 0.0009066873041430443, 0.0002818146423339437, 5.7384675618617785e-05, 3.4334475137083595e-05, 3.081899341613634e-05, 2.4217225360278607e-05, 2.2550410008736875e-05, 2.2431335448664813e-05, 2.180039323602474e-05, 2.1480375547010693e-05, 2.143870421042026e-05, 2.1201405724401503e-05, 2.1017771589642272e-05, 2.100158149480614e-05, 2.0850302411750818e-05, 2.072191223786512e-05, 2.0688992346945308e-05, 2.0562981926549142e-05, 2.0450228703937203e-05, 2.0441433705093316e-05, 2.034454125517161e-05, 2.0260879777342383e-05, 2.0248849459461783e-05, 2.0173109968466843e-05, 2.0106089131874926e-05, 2.009349986272277e-05, 2.00314732902523e-05, 1.997593842770757e-05, 1.9963891586234158e-05]
train_rres [1.0165168448206106, 0.9993172092113379, 0.9070989064593885, 0.2819425757008656, 0.05741072612721028, 0.03435006171189534, 0.030832984092987684, 0.024228219079952606, 0.0225606470562302, 0.022441518440736254, 0.021810289803796408, 0.02149012683865302, 0.021448436584825536, 0.021211030374119266, 0.021027312876292215, 0.02101111543175514, 0.020859767673622184, 0.020731319215372374, 0.02069838438004638, 0.020572316755605686, 0.020459512347223978, 0.0204507133557777, 0.020353776920287163, 0.020270077463258374, 0.020258041684060864, 0.02018226781015377, 0.020115216548594547, 0.020102621564382393, 0.020040566834154793, 0.019985006760847808, 0.019972954450556392]
test_mses [0.0010162763318138244, 0.0010001412177472742, 0.0009091581527206915, 0.0002823244610141088, 5.754818914234072e-05, 3.4488598570891446e-05, 3.095709567813165e-05, 2.4328084311788113e-05, 2.2655954840970525e-05, 2.2536930220534277e-05, 2.1901850454489105e-05, 2.15784663631338e-05, 2.1536410837691963e-05, 2.1299041129259738e-05, 2.1113202884375156e-05, 2.109684596583675e-05, 2.0946081102121146e-05, 2.081615421319743e-05, 2.0782600075437605e-05, 2.065724742607673e-05, 2.0542776144710653e-05, 2.0533814490769502e-05, 2.0437523306250984e-05, 2.0352591094934017e-05, 2.0340351766628045e-05, 2.0265212724009763e-05, 2.0197058863880868e-05, 2.0184247455770723e-05, 2.0122804046315383e-05, 2.0066241099775836e-05, 2.005396858982238e-05]
test_rres [1.0165199786764887, 1.0003809963018826, 0.9093761185678155, 0.28239214680686625, 0.05756198601559025, 0.034496867029554144, 0.030964517477698416, 0.02433391684102415, 0.022661386486030888, 0.022542333330072915, 0.021907101307020768, 0.02158363968604401, 0.021541574078012913, 0.021304147461451532, 0.021118264662832977, 0.02110190382281007, 0.020951102814017682, 0.02082114477581117, 0.020787582593624707, 0.020662199891630716, 0.020547701166381813, 0.020538737363931643, 0.020442423094112133, 0.020357470520747777, 0.02034522825812773, 0.020270071201322338, 0.020201901001666803, 0.020189086522089485, 0.020127628381902473, 0.02007105187469637, 0.02005877642247372]
step_times_seconds [1.3706941604614258, 6.156747817993164, 6.352736949920654, 5.99458909034729, 5.561025857925415, 5.827075958251953, 5.80570387840271, 5.612836837768555, 5.820842981338501, 5.797317743301392, 5.610893964767456, 5.79058313369751, 4.306314945220947, 5.638888835906982, 5.823808908462524, 2.807417154312134, 5.607577085494995, 5.806529998779297, 4.308793067932129, 5.587133884429932, 5.802383184432983, 2.8042688369750977, 5.585261106491089, 5.814611911773682, 2.795238971710205, 5.585365056991577, 5.829600811004639, 2.8132779598236084, 5.561387062072754, 5.8013410568237305, 2.786856174468994]
