date 2025-01-27T19:49:41.302964
sample_ratio 0.4
rank 16
seed 0
l2_regularization_strength 0
input_shape (1024, 1344, 33)
input_size 45416448
num_train_samples 18166579
num_test_samples 45416448
num_iterations 10
max_num_richardson_iterations 1024
num_richardson_iterations [4, 4, 6, 6, 6, 4, 4, 4, 4, 4, 4, 4, 4, 4, 4, 4, 4, 4, 4, 4, 4, 4, 4, 4, 4, 4, 4, 4, 4, 4]
train_mses [0.001016055593368369, 0.0009988637622110768, 0.0009066873041430443, 0.00028173499062073357, 5.719962669825633e-05, 3.304923457013053e-05, 2.9890116685392502e-05, 2.4224111179609363e-05, 2.267933511645248e-05, 2.2574523887336488e-05, 2.1925611731567333e-05, 2.159144157823558e-05, 2.1551270519863113e-05, 2.1308101675813676e-05, 2.1125572186894953e-05, 2.110346041576834e-05, 2.094390508041732e-05, 2.0808819660921403e-05, 2.0794470463492824e-05, 2.0670497236913767e-05, 2.0562098873401874e-05, 2.0551229337205012e-05, 2.044989451824839e-05, 2.0360401173716427e-05, 2.0351340765843117e-05, 2.0266643465760457e-05, 2.0191716137312544e-05, 2.018382853146067e-05, 2.0112203033249985e-05, 2.004905928592809e-05, 2.004209618732217e-05]
train_rres [1.0165168448206106, 0.9993172092113379, 0.9070989064593885, 0.2818628878287399, 0.05722559320152096, 0.033064237693523034, 0.029903685686753046, 0.024235108025189255, 0.022689630691149976, 0.0225847718816339, 0.021935565143879097, 0.021601243289725534, 0.021561053995186527, 0.021317774761525354, 0.02113516241100694, 0.021113040601958573, 0.02095341283441917, 0.020818266091166635, 0.02080391037973607, 0.020679880873922713, 0.02057143330158513, 0.020560558831023073, 0.020459178009827286, 0.02036964403864517, 0.020360579517683643, 0.020275843768176642, 0.020200882425508163, 0.02019299123897657, 0.020121333225453453, 0.020058160813218595, 0.020051194553624866]
test_mses [0.0010162763318138244, 0.0010001412177472742, 0.0009091581527206915, 0.0002821721023809588, 5.735485894588007e-05, 3.319976905522298e-05, 3.002338342887455e-05, 2.4333454524501254e-05, 2.2783909158373425e-05, 2.2679724413173088e-05, 2.2026850873461013e-05, 2.16896592821997e-05, 2.164974400153088e-05, 2.1405894185590816e-05, 2.1221231001204675e-05, 2.1199124787200844e-05, 2.103958369769697e-05, 2.0902949760000176e-05, 2.088844708320064e-05, 2.0764812309078976e-05, 2.0655071607521404e-05, 2.0643936434021792e-05, 2.0543101105758514e-05, 2.0452317882320354e-05, 2.044291191683541e-05, 2.0358783327829688e-05, 2.0282602409799866e-05, 2.0274308320117073e-05, 2.0203258518560904e-05, 2.0138914665639045e-05, 2.0131502390954675e-05]
test_rres [1.0165199786764887, 1.0003809963018826, 0.9093761185678155, 0.2822397516465417, 0.05736860946923996, 0.03320772852384215, 0.030030581375879727, 0.02433928834121732, 0.022789371479803026, 0.02268516175686237, 0.022032131694180425, 0.02169485926302276, 0.021654934412877015, 0.021411026135236374, 0.021226318678830784, 0.021204207164979345, 0.021044627826345086, 0.020907961131386106, 0.020893454977646695, 0.020769790562743397, 0.020660023551434425, 0.020648885708336003, 0.020548026205337362, 0.02045722121710268, 0.020447812996587378, 0.020363664238198458, 0.02028746505619742, 0.020279168978050596, 0.02020810214268118, 0.02014374286366171, 0.02013632881192378]
step_times_seconds [1.3570899963378906, 6.178246974945068, 6.475889205932617, 8.995910882949829, 8.506591796875, 8.858314990997314, 5.852662801742554, 5.641829013824463, 5.81219482421875, 5.8255980014801025, 5.55155611038208, 5.836812973022461, 5.8171141147613525, 5.654324054718018, 5.856162071228027, 5.81222677230835, 5.608458042144775, 5.848751783370972, 5.8273820877075195, 5.62545108795166, 5.823185920715332, 5.820339918136597, 5.620880126953125, 5.857878923416138, 5.882172107696533, 5.648010015487671, 5.852335691452026, 5.815558910369873, 5.5968711376190186, 5.818290948867798, 5.839127779006958]
