date 2025-01-27T19:49:41.302964
sample_ratio 0.3
rank 16
seed 0
l2_regularization_strength 0
input_shape (1024, 1344, 33)
input_size 45416448
num_train_samples 13624934
num_test_samples 45416448
num_iterations 10
max_num_richardson_iterations 1024
num_richardson_iterations [6, 7, 11, 14, 11, 8, 10, 8, 5, 6, 5, 4, 5, 5, 3, 4, 4, 2, 4, 4, 3, 4, 4, 3, 4, 3, 2, 3, 3, 2]
train_mses [0.0010162476461319314, 0.0009992367371387044, 0.0009497245518784152, 0.0004863744871428326, 6.555462949453575e-05, 3.696630933413089e-05, 3.257432662181907e-05, 2.5316564005067096e-05, 2.335577058936686e-05, 2.3033877774395356e-05, 2.235766066371792e-05, 2.204377330283343e-05, 2.1964991645079746e-05, 2.173975413137325e-05, 2.156622478323269e-05, 2.152848137634271e-05, 2.138587789858983e-05, 2.129141557977772e-05, 2.1270407775161204e-05, 2.1172366636232414e-05, 2.1091789678250387e-05, 2.1054387697437104e-05, 2.0964650112902932e-05, 2.0890302447349254e-05, 2.085910906045453e-05, 2.0776652985424286e-05, 2.0718246876539455e-05, 2.0700678111160636e-05, 2.0655701105064566e-05, 2.0609561973562082e-05, 2.0592628475909964e-05]
train_rres [1.0165374919136125, 0.99952173120906, 0.9499954244911771, 0.48651320686725436, 0.06557332644591465, 0.036976852560347065, 0.032583617202907623, 0.025323784586892262, 0.02336243192984721, 0.023040447307258804, 0.022364037331507804, 0.022050060446256077, 0.02197125631904698, 0.021745954564952354, 0.02157237572420067, 0.02153462155244711, 0.021391977402505088, 0.021297488141928597, 0.02127647434563911, 0.02117840524422435, 0.021097805304746167, 0.02106039265644804, 0.02097062947769927, 0.02089626060731691, 0.02086505832370135, 0.020782578731228664, 0.020724155964234613, 0.020706582188037267, 0.02066159235397004, 0.020615440063044572, 0.020598501735759753]
test_mses [0.0010162763318138244, 0.0010006489983875359, 0.0009526738458364713, 0.0004870848528998382, 6.575451185771815e-05, 3.7183685192924114e-05, 3.2748388963085386e-05, 2.547358267894463e-05, 2.3503081306474376e-05, 2.3180620014646007e-05, 2.2503515111416322e-05, 2.2184806564941266e-05, 2.210558726347858e-05, 2.1880682936966294e-05, 2.17039111440344e-05, 2.166575002268117e-05, 2.1523384848669907e-05, 2.1427235286732653e-05, 2.14059424961205e-05, 2.1307856859678034e-05, 2.1226026508479636e-05, 2.118802507008837e-05, 2.1098255803975357e-05, 2.1022915023253574e-05, 2.0991149996835722e-05, 2.0908463581734886e-05, 2.0849440566237263e-05, 2.083156594247811e-05, 2.078629323510884e-05, 2.0739629510586432e-05, 2.072239892272293e-05]
test_rres [1.0165199786764887, 1.000888898679861, 0.9529022443403172, 0.487201628910993, 0.06577027615333207, 0.037192599784316174, 0.0327562402157205, 0.02547968983534122, 0.02350871604561372, 0.023186177445400195, 0.022508910209859703, 0.022190125254700294, 0.022110886960830065, 0.021885928714697852, 0.021709114541665776, 0.02167094427138602, 0.021528544966079047, 0.021432372352794066, 0.021411074457348248, 0.02131296530539446, 0.02123111533580319, 0.02119310478676854, 0.021103313998949894, 0.021027955155675362, 0.02099618251376083, 0.020913476275030346, 0.020854439109077673, 0.020836560199972237, 0.020791276638711394, 0.020744601726808424, 0.02072736700800283]
step_times_seconds [1.3064498901367188, 9.013123035430908, 11.034327983856201, 15.853190183639526, 19.20928192138672, 15.83766222000122, 11.351715803146362, 13.749133825302124, 11.480017900466919, 6.983409881591797, 8.150222778320312, 7.069632053375244, 5.591295003890991, 6.718857765197754, 7.0709311962127686, 4.128237962722778, 5.357510805130005, 5.560115814208984, 2.6694741249084473, 5.371253967285156, 5.6056718826293945, 4.146747827529907, 5.388077259063721, 5.610975980758667, 4.1406049728393555, 5.343411922454834, 4.100621938705444, 2.698615074157715, 3.956554889678955, 4.110498905181885, 2.719851016998291]
