date 2025-01-27T19:49:41.302964
sample_ratio 0.2
rank 16
seed 0
l2_regularization_strength 0
input_shape (1024, 1344, 33)
input_size 45416448
num_train_samples 9083289
num_test_samples 45416448
num_iterations 10
max_num_richardson_iterations 1024
num_richardson_iterations [12, 14, 21, 25, 21, 16, 19, 16, 13, 14, 13, 9, 11, 11, 7, 10, 10, 6, 9, 9, 6, 9, 8, 5, 8, 8, 5, 8, 8, 4]
train_mses [0.0010161263045490852, 0.0009981700983607217, 0.000946192684315313, 0.0004864099897081016, 6.920197191446047e-05, 3.9921724854288584e-05, 3.65637684605609e-05, 2.7366405329713385e-05, 2.426346950891801e-05, 2.3434407584265187e-05, 2.2384022742694593e-05, 2.1881579965774234e-05, 2.176781838288497e-05, 2.1452090997743165e-05, 2.1233732562610082e-05, 2.1190172662131583e-05, 2.100986216318949e-05, 2.0872432543357986e-05, 2.084515129018618e-05, 2.0723514201383697e-05, 2.062742040132877e-05, 2.0607141878387725e-05, 2.0516188336362634e-05, 2.0438425189931857e-05, 2.0424018557924728e-05, 2.0356848607419086e-05, 2.0295293575793e-05, 2.0282981775483312e-05, 2.02241205091042e-05, 2.017080671985411e-05, 2.0161221148240446e-05]
train_rres [1.01651858021926, 0.9985554420355482, 0.946557962103805, 0.4865977683374297, 0.06922868734323012, 0.039937136640502205, 0.03657788390734421, 0.027376970133461628, 0.0242728364239558, 0.02344345443985697, 0.022392664097104265, 0.021890027352095335, 0.021776221851534647, 0.021460372579801535, 0.021241929847370868, 0.021198353130588057, 0.021017973022758273, 0.020880490348207114, 0.020853198563104563, 0.020731514516290742, 0.02063538361921387, 0.020615097267746844, 0.020524108613096982, 0.020446315446195084, 0.020431903252506108, 0.02036470737103378, 0.02030312857608105, 0.020290812022799518, 0.02023192803302213, 0.02017859366197791, 0.020169004389853286]
test_mses [0.0010162763318138244, 0.0010009192397660636, 0.0009522924186912096, 0.0004883801574933383, 6.961109094323627e-05, 4.036943835499389e-05, 3.695658166255114e-05, 2.7686264783422312e-05, 2.4558494272024766e-05, 2.3718335135304862e-05, 2.2656834300880654e-05, 2.2142440831270473e-05, 2.20299782929205e-05, 2.1711814641628392e-05, 2.1487659118790034e-05, 2.1445346505603157e-05, 2.1262993700519548e-05, 2.112179306238004e-05, 2.1095342086284677e-05, 2.097230569069481e-05, 2.0873552769261463e-05, 2.0853835723512944e-05, 2.076185903465118e-05, 2.0682035027775524e-05, 2.0667936956736837e-05, 2.0600053706766583e-05, 2.053682358147656e-05, 2.052470115811993e-05, 2.0465264911816372e-05, 2.0410519177693142e-05, 2.040100771796161e-05]
test_rres [1.0165199786764887, 1.0011592048473263, 0.9525207257499195, 0.4884972440469022, 0.06962777983323992, 0.04037911671381698, 0.03696544180707581, 0.0276929024186227, 0.024564382040827226, 0.023724021480408482, 0.02266226615678687, 0.02214774936406946, 0.022035259863422148, 0.021717019934081417, 0.02149281067114484, 0.021450487913733277, 0.02126809139053141, 0.021126856900287497, 0.021100399582710847, 0.020977333689797425, 0.020878557092874717, 0.02085883532006901, 0.020766836580283714, 0.020686993436025605, 0.020672891985049128, 0.020604992460429582, 0.020541747176052245, 0.020529621846408882, 0.02047017135058038, 0.020415412491457632, 0.020405898751404056]
step_times_seconds [1.2808482646942139, 17.74710488319397, 21.649382829666138, 29.218563079833984, 33.123613119125366, 29.397045850753784, 22.150218963623047, 25.0899178981781, 22.28182601928711, 17.954612016677856, 18.473886013031006, 18.065916776657104, 12.330801248550415, 14.722681283950806, 15.355801820755005, 9.524176120758057, 13.125437021255493, 13.883538007736206, 8.21507215499878, 11.80130910873413, 12.474310874938965, 8.199090719223022, 11.882404088973999, 11.074481725692749, 6.767090082168579, 10.517078638076782, 11.048235177993774, 6.7968339920043945, 10.54555892944336, 11.027881860733032, 5.416438817977905]
