date 2025-01-27T19:49:41.302964
sample_ratio 0.6
rank 16
seed 0
l2_regularization_strength 0
input_shape (1024, 1344, 33)
input_size 45416448
num_train_samples 27249868
num_test_samples 45416448
num_iterations 10
max_num_richardson_iterations 1024
num_richardson_iterations [4, 5, 7, 7, 6, 5, 5, 5, 3, 4, 4, 3, 4, 4, 3, 3, 3, 3, 3, 3, 2, 3, 3, 2, 3, 3, 2, 3, 3, 2]
train_mses [0.0010162045198280568, 0.0009993868888815783, 0.0008899231253841452, 0.0002175370530526601, 5.047576139013118e-05, 2.874528137052552e-05, 2.6940489926965096e-05, 2.3367989261215885e-05, 2.2287995667980215e-05, 2.215776521015049e-05, 2.155933862167539e-05, 2.1235356730402592e-05, 2.1156100518898684e-05, 2.0901649587933203e-05, 2.0725574203323797e-05, 2.065801003331833e-05, 2.0512496326033918e-05, 2.041500919923397e-05, 2.0375264445221093e-05, 2.0282540699298696e-05, 2.0204291705607323e-05, 2.018440665272891e-05, 2.0115114919177943e-05, 2.0054964627294615e-05, 2.0038051270100324e-05, 1.997929775697782e-05, 1.992773461310207e-05, 1.9914444813344584e-05, 1.9862618832522834e-05, 1.981707759868015e-05, 1.9806534528099486e-05]
train_rres [1.016508593877586, 0.9996859306713155, 0.8901894128520961, 0.21760214563132285, 0.050490865012354356, 0.02875388268447428, 0.026948551201746454, 0.023374981553599326, 0.022294664799012813, 0.02216439537294204, 0.021565789720122554, 0.021241710885287972, 0.021162430958324516, 0.0209079038892161, 0.020731775818406052, 0.020664191431495057, 0.020518634182835487, 0.020421117885425836, 0.02038136123877908, 0.02028860974757081, 0.020210337339804887, 0.020190446336816596, 0.02012113386942947, 0.02006096557906013, 0.020044047160962336, 0.019985276067305293, 0.019933697494435028, 0.01992040371803391, 0.019868562229570192, 0.019823007368640514, 0.019812461143306943]
test_mses [0.0010162763318138244, 0.0009998837282678055, 0.0008908443198427325, 0.0002176969668808997, 5.054167488744012e-05, 2.8800143805895745e-05, 2.6996259061462156e-05, 2.3419009326721094e-05, 2.2338385662477287e-05, 2.220823305481717e-05, 2.1607649641438935e-05, 2.1283133694023303e-05, 2.1203701301145123e-05, 2.0947729610548364e-05, 2.0771124784715802e-05, 2.070339397395624e-05, 2.0556836556395497e-05, 2.045903305779094e-05, 2.041930429858993e-05, 2.0325836929130626e-05, 2.0247391660896943e-05, 2.0227573120464767e-05, 2.0157766304923603e-05, 2.009750285483166e-05, 2.0080668875788864e-05, 2.0021539040152517e-05, 1.9969901006854197e-05, 1.9956685884623243e-05, 1.990459032250452e-05, 1.9858989289976123e-05, 1.9848509929517022e-05]
test_rres [1.0165199786764887, 1.0001234450906766, 0.8910578950455166, 0.21774915857456764, 0.05055379198604276, 0.02880704848768643, 0.027002731271448838, 0.02342462391004901, 0.022343741172010732, 0.022213557360952946, 0.021612829960885406, 0.021288236212491835, 0.02120878477611858, 0.020952751717666057, 0.020776104551762792, 0.02070835750290043, 0.020561764948975814, 0.020463938002500983, 0.02042419971854058, 0.020330709940774974, 0.02025224586570412, 0.020232422573881942, 0.02016259902252684, 0.020102321124592235, 0.020085483109692204, 0.02002633909799125, 0.01997468868474821, 0.019961470394261764, 0.01990936234250821, 0.019863750377374024, 0.01985326850454381]
step_times_seconds [1.4199700355529785, 6.60248327255249, 8.63826608657837, 11.292479038238525, 10.780107021331787, 9.61443829536438, 7.890273809432983, 7.59452486038208, 7.919918060302734, 4.6788649559021, 6.039494276046753, 6.291621208190918, 4.658009052276611, 6.060572147369385, 6.2851173877716064, 4.653907060623169, 4.497121095657349, 4.666473865509033, 4.684298992156982, 4.527268171310425, 4.668256998062134, 3.0733540058135986, 4.476259231567383, 4.677555084228516, 3.082334041595459, 4.415285110473633, 4.664399862289429, 3.0618741512298584, 4.428977012634277, 4.657134294509888, 3.072120189666748]
