date 2025-01-27T19:49:41.302964
sample_ratio 0.6
rank 16
seed 0
l2_regularization_strength 0
input_shape (1024, 1344, 33)
input_size 45416448
num_train_samples 27249868
num_test_samples 45416448
num_iterations 10
max_num_richardson_iterations 1024
num_richardson_iterations [4, 4, 5, 5, 4, 4, 4, 4, 4, 4, 4, 4, 4, 4, 4, 4, 4, 4, 4, 4, 3, 4, 4, 3, 4, 4, 4, 4, 4, 4]
train_mses [0.0010162045198280568, 0.0009993172021776418, 0.0008745515820170421, 0.0001834977664288558, 4.9134417504449965e-05, 2.8392511830335725e-05, 2.7175183857031233e-05, 2.326933538825365e-05, 2.2172878442243707e-05, 2.2063903090245667e-05, 2.1581226264457158e-05, 2.1326638583982448e-05, 2.1301323653869433e-05, 2.111074749198699e-05, 2.0976505662143455e-05, 2.095885002168307e-05, 2.0833900390560076e-05, 2.0733516722319053e-05, 2.071934967033273e-05, 2.0617506402096162e-05, 2.053114093122585e-05, 2.0518419598657586e-05, 2.0427983311278183e-05, 2.0349787232048786e-05, 2.033726574462171e-05, 2.0254493446720584e-05, 2.0183002676539494e-05, 2.0170038096569006e-05, 2.0094596333305975e-05, 2.003060221377547e-05, 2.001650590440504e-05]
train_rres [1.016508593877586, 0.9996162231153579, 0.8748132699311157, 0.1835526735935346, 0.04914911976271621, 0.028401007586731312, 0.027183315358162034, 0.023276298160907483, 0.022179513127295877, 0.022070505167121102, 0.021587683912239662, 0.021333020052703107, 0.021307697547723853, 0.021117064360642094, 0.020982782362253722, 0.020965121438779943, 0.020840134419572578, 0.020739720714003523, 0.02072554942287756, 0.02062367568056379, 0.02053728436696403, 0.020524559227851874, 0.020434095879651944, 0.020355876402181346, 0.02034335116800909, 0.020260554102546586, 0.020189041940522057, 0.02017607348122191, 0.020100609143878553, 0.020036595875691756, 0.02002249534834966]
test_mses [0.0010162763318138244, 0.0009998431698268928, 0.000875538613084117, 0.00018364757194018903, 4.9207204026805824e-05, 2.845695974291764e-05, 2.723614101900379e-05, 2.332457005484877e-05, 2.2222012837261126e-05, 2.211231296022123e-05, 2.1629910562432904e-05, 2.137387752995761e-05, 2.1348551419300066e-05, 2.1158341076741604e-05, 2.1023607421224395e-05, 2.100602153816631e-05, 2.0881058331650012e-05, 2.0780361139633783e-05, 2.0766275966859547e-05, 2.06640993787105e-05, 2.0577425240923816e-05, 2.0564781574767025e-05, 2.047385799569591e-05, 2.0395328857223463e-05, 2.0382864943570687e-05, 2.029959828618462e-05, 2.0227743275228788e-05, 2.0214798811837962e-05, 2.013896432128775e-05, 2.007456791161932e-05, 2.0060455378278865e-05]
test_rres [1.0165199786764887, 1.0000828769260925, 0.8757485188248505, 0.18369160047193617, 0.049219001193094455, 0.028463782148148653, 0.027242670739418034, 0.023330161996861935, 0.022227340447026688, 0.022117614270022855, 0.021635096218817165, 0.021379001803779718, 0.021353669621321413, 0.02116341367684174, 0.021028647719644925, 0.02101105762046461, 0.020886064454682055, 0.020785343121047895, 0.02077125457142816, 0.020669053486983804, 0.020582358569532097, 0.020569711872123378, 0.02047876649460622, 0.020400218529189156, 0.020387751627379158, 0.020304465007253428, 0.020232592769439665, 0.02021964520268237, 0.02014379253121509, 0.020079380682848848, 0.020065264766103343]
step_times_seconds [1.4160451889038086, 6.617915153503418, 6.889625072479248, 8.055964946746826, 7.634524822235107, 6.2934699058532715, 6.279240846633911, 6.086721897125244, 6.307629823684692, 6.299555063247681, 6.131999969482422, 6.3560051918029785, 6.349484920501709, 6.102240085601807, 6.377498149871826, 6.323606967926025, 6.1254870891571045, 6.3766210079193115, 6.335511207580566, 6.101857900619507, 6.324568271636963, 4.701864957809448, 6.0860350131988525, 6.34060001373291, 4.693980932235718, 6.093598127365112, 6.319523096084595, 6.326998710632324, 6.119263410568237, 6.330014944076538, 6.315908193588257]
