date 2025-01-27T19:49:41.302964
sample_ratio 0.2
rank 16
seed 0
l2_regularization_strength 0
input_shape (1024, 1344, 33)
input_size 45416448
num_train_samples 9083289
num_test_samples 45416448
num_iterations 10
max_num_richardson_iterations 1024
num_richardson_iterations [2, 2, 2, 2, 2, 2, 7, 6, 3, 2, 2, 2, 2, 2, 2, 2, 2, 2, 2, 2, 2, 2, 2, 2, 2, 2, 2, 2, 2, 2]
train_mses [0.0010161263045490852, 0.0010096024472526835, 0.0010052504519027733, 0.001003143807684496, 0.0010007151902199768, 0.0009919366595772152, 0.0009235413300476654, 0.00030212952442903746, 0.00011815946534861831, 9.237605633174669e-05, 8.419347100911651e-05, 7.746471458394063e-05, 7.174989944444222e-05, 6.685771892945064e-05, 6.205242047733751e-05, 5.833617489950786e-05, 5.478912841064677e-05, 5.1103280695413936e-05, 4.859995630581635e-05, 4.5761258360990165e-05, 4.2847959417210207e-05, 4.1035305142372656e-05, 3.883782576390195e-05, 3.666762801135208e-05, 3.533639447067074e-05, 3.3742144181770144e-05, 3.2220539973445575e-05, 3.12662240231298e-05, 3.0169092343757565e-05, 2.913821242167722e-05, 2.8470520164641978e-05]
train_rres [1.01651858021926, 1.0099922043870408, 1.0056385289488534, 1.003531071460347, 1.0011015164277919, 0.9923195968323227, 0.9238978632783835, 0.3022461615647404, 0.11820508082304272, 0.09241171811832127, 0.08422597390773905, 0.0774946198454148, 0.07177759850091141, 0.06688352935910097, 0.062076375820998765, 0.058358695586160386, 0.05481027975961722, 0.05112300912247381, 0.04861871832422388, 0.04577892449974795, 0.0428645008765945, 0.04105114682637737, 0.03885281911075407, 0.03668178355312625, 0.035350036089592016, 0.03375517034019433, 0.03223297871639996, 0.03127829435230798, 0.03018073912513182, 0.029149461231745652, 0.0284815112120421]
test_mses [0.0010162763318138244, 0.0010103320258515844, 0.0010066201278867897, 0.0010043111844505019, 0.0010022829690375127, 0.0009940265469551009, 0.0009254637561134142, 0.00030343950601495825, 0.00011898686839821577, 9.298618187962794e-05, 8.480369359254583e-05, 7.803743973102534e-05, 7.226665519588136e-05, 6.737055384618268e-05, 6.254381535364857e-05, 5.879359803028879e-05, 5.524481328558567e-05, 5.1545283204933065e-05, 4.901936147672034e-05, 4.618188628777465e-05, 4.325864968613351e-05, 4.14303989242452e-05, 3.92334440610688e-05, 3.7054748457114124e-05, 3.5711712750104255e-05, 3.4116935598963907e-05, 3.25873493166745e-05, 3.162346688249698e-05, 3.0525182842313986e-05, 2.9487221213295065e-05, 2.8811765400079074e-05]
test_rres [1.0165199786764887, 1.0105742475984083, 1.0068614597257555, 1.0045519627325201, 1.0025232610656383, 0.9942648595498045, 0.9256856311425059, 0.3035122540278111, 0.11901539486909374, 0.09300847482375826, 0.08482402482848958, 0.07805614879347775, 0.07228398074333584, 0.06738670557929571, 0.06255880990179746, 0.05880769348371655, 0.05525805793668512, 0.05155764091330909, 0.04903111360875345, 0.046192958150174365, 0.0432690207180558, 0.04144033164273998, 0.0392428500712825, 0.03706363213660735, 0.03572027444390696, 0.03412511495339949, 0.03259516196090816, 0.03163104844102716, 0.030532501093068192, 0.02949429061825157, 0.028818672868085354]
step_times_seconds [1.2871081829071045, 2.8125860691070557, 2.899519205093384, 2.8042659759521484, 2.5168330669403076, 2.617899179458618, 2.6381239891052246, 9.173928022384644, 8.20093297958374, 3.985139846801758, 2.4989607334136963, 2.6204662322998047, 2.60176420211792, 2.516860008239746, 2.5790209770202637, 2.62996506690979, 2.5238938331604004, 2.60017991065979, 2.6211330890655518, 2.5178921222686768, 2.56164813041687, 2.6443309783935547, 2.5187478065490723, 2.5940678119659424, 2.6644978523254395, 2.5301899909973145, 2.600576162338257, 2.6328749656677246, 2.5215139389038086, 2.60107684135437, 2.6259219646453857]
