date 2025-01-27T19:49:41.302964
sample_ratio 0.1
rank 16
seed 0
l2_regularization_strength 0
input_shape (1024, 1344, 33)
input_size 45416448
num_train_samples 4541644
num_test_samples 45416448
num_iterations 10
max_num_richardson_iterations 1024
num_richardson_iterations [2, 2, 2, 2, 2, 2, 2, 2, 2, 2, 3, 5, 7, 3, 2, 2, 2, 2, 2, 2, 2, 2, 2, 2, 2, 2, 2, 2, 2, 2]
train_mses [0.0010162743593017482, 0.0010124942581137423, 0.0010092361490700362, 0.0010074147765383953, 0.0010053052512188612, 0.0010033035069953377, 0.0010025136052455672, 0.0010007950823244897, 0.0009971095530036896, 0.0009904726354955323, 0.0009456058110830183, 0.0007704377550252382, 0.00047373315600753876, 0.0002258568580782684, 0.00018285593949940207, 0.000168377997204855, 0.00015579184197110732, 0.00014328453350005276, 0.00013407830447731506, 0.00012562266890984574, 0.00011693121509000303, 0.00011071121532730998, 0.00010468982467856232, 9.840853773865413e-05, 9.410971092522864e-05, 8.969263752885456e-05, 8.50385267796584e-05, 8.204115966530364e-05, 7.869299734035914e-05, 7.514199750555276e-05, 7.301882572300763e-05]
train_rres [1.0164791184840383, 1.01269825568041, 1.0094394901921746, 1.007617750689994, 1.0055078003428328, 1.003505652807441, 1.0027155919080917, 1.0009967227386367, 0.9973104508565753, 0.990672196140813, 0.9457963319506105, 0.7705929829942214, 0.47382860386840414, 0.22590236376789974, 0.1828927813544642, 0.16841192204090713, 0.15582323094582412, 0.14331340249949737, 0.1341053186037036, 0.12564797939291325, 0.11695477441703597, 0.11073352144741747, 0.10471091760755247, 0.0984283651125648, 0.09412867217056384, 0.08971070882126662, 0.08505566036080917, 0.08205768933626643, 0.07870885242283747, 0.07515713713180038, 0.07303353757213574]
test_mses [0.0010162763318138244, 0.0010131462542219514, 0.0010106641663733683, 0.0010087249397959675, 0.0010071375462556392, 0.0010058017363015932, 0.0010048393844759077, 0.0010035817971470382, 0.0010005010517320175, 0.0009937818693801662, 0.0009493047128278669, 0.0007745607405184396, 0.00047672589121449776, 0.00022800882514022766, 0.00018488913541114186, 0.00017027184325042697, 0.00015759111713488678, 0.00014502975432189116, 0.0001357175680769297, 0.0001271968877402628, 0.00011846285868375148, 0.00011215902886759086, 0.00010609154763488419, 9.977645005505827e-05, 9.54096470409586e-05, 9.095961893828949e-05, 8.627951302276494e-05, 8.322739816630629e-05, 7.985641970709879e-05, 7.628651083761136e-05, 7.412011372754014e-05]
test_rres [1.0165199786764887, 1.0133891506651072, 1.0109064677491215, 1.0089667762524297, 1.0073790021429159, 1.0060428719355154, 1.0050802893910815, 1.0038224005623173, 1.0007409165549164, 0.9940201233147185, 0.9495323035999357, 0.7747464373495695, 0.4768401837195076, 0.228063489047244, 0.18493346160114887, 0.17031266502213346, 0.15762889876973518, 0.14506452443660042, 0.1357501056443562, 0.12722738251975182, 0.1184912595260785, 0.11218591840013982, 0.10611698252097494, 0.09980037092998438, 0.0954325209980131, 0.09098142602469865, 0.08630019807859288, 0.08324735149377847, 0.07987556486035695, 0.07630480012414428, 0.07413788363185128]
step_times_seconds [1.3312489986419678, 2.855408191680908, 2.9117517471313477, 2.6726930141448975, 2.433483123779297, 2.635380983352661, 2.535869836807251, 2.468494176864624, 2.6432790756225586, 2.5620532035827637, 2.418121099472046, 3.991072177886963, 7.192513704299927, 8.962503910064697, 3.9508349895477295, 2.6162431240081787, 2.417487859725952, 2.5706448554992676, 2.600461959838867, 2.417703866958618, 2.5932300090789795, 2.546259880065918, 2.4031450748443604, 2.6032330989837646, 2.5203452110290527, 2.4315359592437744, 2.578051805496216, 2.5511608123779297, 2.420171022415161, 2.5763158798217773, 2.541023015975952]
