date 2025-01-27T19:49:41.302964
sample_ratio 0.5
rank 16
seed 0
l2_regularization_strength 0
input_shape (1024, 1344, 33)
input_size 45416448
num_train_samples 22708224
num_test_samples 45416448
num_iterations 10
max_num_richardson_iterations 1024
num_richardson_iterations [2, 2, 2, 4, 4, 3, 4, 3, 2, 2, 2, 2, 2, 2, 2, 2, 2, 2, 2, 2, 2, 2, 2, 2, 2, 2, 2, 2, 2, 2]
train_mses [0.0010162049495591444, 0.0010034367058868237, 0.0009967475317342195, 0.0009523427683078241, 0.00014159171070038347, 6.180569144924586e-05, 4.874253402524372e-05, 3.253137156324212e-05, 2.642054575016805e-05, 2.5491488614106712e-05, 2.4232560125725523e-05, 2.395491862670978e-05, 2.3527935678506877e-05, 2.2945956148731508e-05, 2.268936323023032e-05, 2.24442424292619e-05, 2.2139181430802456e-05, 2.1965632086753287e-05, 2.181984449975436e-05, 2.1636459835054803e-05, 2.151778901745639e-05, 2.1428663626083155e-05, 2.1304689906873924e-05, 2.1218148106700324e-05, 2.1161544266256246e-05, 2.1070326789572263e-05, 2.1002974325343713e-05, 2.0965190592162526e-05, 2.0893854898552304e-05, 2.0838714107059766e-05, 2.0811991045269942e-05]
train_rres [1.0165217883538324, 1.0037495637178913, 0.9970583039723394, 0.9526396957484663, 0.14163585705784373, 0.06182496161791817, 0.048757731280223926, 0.03254151439964546, 0.026428783314720473, 0.02549943651135992, 0.024240115506306746, 0.02396238744247163, 0.023535271366829504, 0.022953110383802183, 0.02269643746314094, 0.022451240236861694, 0.02214608412455824, 0.021972480670198927, 0.02182664762862574, 0.021643205787097677, 0.02152449796956256, 0.021435344790112134, 0.021311332417594055, 0.021224763634871642, 0.02116814214612484, 0.021076896229080096, 0.02100952276527504, 0.020971727251642987, 0.020900369316539855, 0.020845211332903228, 0.02081847993922849]
test_mses [0.0010162763318138244, 0.0010038667060384412, 0.0009974810140042614, 0.0009529091109735994, 0.00014174873521561996, 6.191656726273461e-05, 4.882083270963381e-05, 3.260932717220047e-05, 2.6494522777710174e-05, 2.556032781210573e-05, 2.430068790556296e-05, 2.4020815982063345e-05, 2.3590973718722615e-05, 2.300845031159588e-05, 2.274964681621058e-05, 2.2503009192627194e-05, 2.219761967367996e-05, 2.2022229407345798e-05, 2.1875738657222075e-05, 2.169213246461497e-05, 2.1572048208403472e-05, 2.1482631479493007e-05, 2.1358494878183057e-05, 2.1270926614778984e-05, 2.1214213033547946e-05, 2.112287584052094e-05, 2.1054806949795804e-05, 2.1016981419341665e-05, 2.0945557443928488e-05, 2.0889930416736846e-05, 2.0863181314529644e-05]
test_rres [1.0165199786764887, 1.0041073777591167, 0.9977201547891259, 0.9531375658810146, 0.14178271872339315, 0.061931411431479115, 0.048832537245447526, 0.03261714508550847, 0.02650087469908283, 0.02556645576518811, 0.02430651386665585, 0.024026574845346343, 0.02359662952960183, 0.02301396646557654, 0.02275510092342529, 0.022508404169779225, 0.022202941435313876, 0.02202750912009321, 0.02188098324958878, 0.0216973330383704, 0.021577219992595115, 0.021487781826497947, 0.021363615464095955, 0.021276026206664984, 0.021219299028653514, 0.021127939938018713, 0.0210598547281379, 0.02102202012921337, 0.02095057903028075, 0.02089493866680425, 0.020868183151641607]
step_times_seconds [1.3802919387817383, 3.056939125061035, 3.1274912357330322, 3.1209518909454346, 5.821928024291992, 6.114817142486572, 4.5448899269104, 5.929110765457153, 4.552651882171631, 3.005958080291748, 2.8083698749542236, 2.965423822402954, 2.899631977081299, 2.8709099292755127, 2.8627450466156006, 3.0098111629486084, 2.7892332077026367, 2.976760149002075, 2.900028944015503, 2.8826937675476074, 2.8527770042419434, 2.9920897483825684, 2.8163459300994873, 2.9725167751312256, 2.9253389835357666, 2.9131879806518555, 2.8560640811920166, 3.009338140487671, 2.8021962642669678, 2.9739739894866943, 2.895113945007324]
