date 2025-01-27T19:49:41.302964
sample_ratio 0.1
rank 16
seed 0
l2_regularization_strength 0
input_shape (1024, 1344, 33)
input_size 45416448
num_train_samples 4541644
num_test_samples 45416448
num_iterations 10
max_num_richardson_iterations 1024
num_richardson_iterations [2, 2, 2, 2, 2, 2, 2, 2, 2, 4, 4, 4, 4, 4, 4, 4, 4, 4, 4, 4, 2, 2, 2, 2, 2, 2, 2, 2, 2, 2]
train_mses [0.0010162743593017482, 0.0010124942581137423, 0.0010092361490700362, 0.0010074147765383953, 0.0010053052512188612, 0.0010033035069953377, 0.0010025136052455672, 0.0010007950823244897, 0.0009971095530036896, 0.0009904726354955323, 0.0007551580530718372, 0.00027888845834372206, 7.53923663672804e-05, 6.589034549707532e-05, 5.393118976947987e-05, 4.910833123186421e-05, 4.158087530730156e-05, 3.4924750181554476e-05, 3.2369496801490626e-05, 2.790648510632809e-05, 2.512947991126175e-05, 2.4975490915023554e-05, 2.4788478739341847e-05, 2.477961307715009e-05, 2.4646474606994368e-05, 2.4484184579460868e-05, 2.4469157912893705e-05, 2.4352302197380824e-05, 2.4209325011146243e-05, 2.4187257278159406e-05, 2.408352083546844e-05]
train_rres [1.0164791184840383, 1.01269825568041, 1.0094394901921746, 1.007617750689994, 1.0055078003428328, 1.003505652807441, 1.0027155919080917, 1.0009967227386367, 0.9973104508565753, 0.990672196140813, 0.7553102024830974, 0.27894464885188347, 0.07540755643790155, 0.06590362109843365, 0.05394205583750181, 0.049118225589283165, 0.04158925303123889, 0.0349317868279319, 0.032376018614852876, 0.02791210771110864, 0.025134543004422475, 0.024980522982447316, 0.024793473127511165, 0.02478460567906383, 0.024651440384139748, 0.024489117658375668, 0.024474087964232408, 0.02435720870460417, 0.024214202711294534, 0.024192130532095985, 0.02408837318856364]
test_mses [0.0010162763318138244, 0.0010131462542219514, 0.0010106641663733683, 0.0010087249397959675, 0.0010071375462556392, 0.0010058017363015932, 0.0010048393844759077, 0.0010035817971470382, 0.0010005010517320175, 0.0009937818693801662, 0.0007612079526789053, 0.0002826269083578673, 7.574119617147509e-05, 6.663986845893233e-05, 5.532682971056084e-05, 5.001940931962995e-05, 4.256136670281303e-05, 3.596495853839763e-05, 3.31928361812643e-05, 2.8697904647477202e-05, 2.5885616586366823e-05, 2.572565784018221e-05, 2.5533527293239953e-05, 2.5523901534135647e-05, 2.5385711676252755e-05, 2.5218783627186627e-05, 2.5202329222955623e-05, 2.5081028865349685e-05, 2.4933784912956306e-05, 2.4909781706200944e-05, 2.480200431110556e-05]
test_rres [1.0165199786764887, 1.0133891506651072, 1.0109064677491215, 1.0089667762524297, 1.0073790021429159, 1.0060428719355154, 1.0050802893910815, 1.0038224005623173, 1.0007409165549164, 0.9940201233147185, 0.7613904482499417, 0.2826946666607719, 0.07575935472170785, 0.06665584501409758, 0.055340094024663354, 0.05003140120783155, 0.04257157056483678, 0.03597358094653547, 0.033200793987763697, 0.028704784817971687, 0.02589182252570828, 0.025731825430262308, 0.02553964882104002, 0.025530020754211, 0.025391797766042307, 0.0252248296968614, 0.025208371347774216, 0.025087041909050627, 0.02493976265570029, 0.024915753694303364, 0.0248079504601489]
step_times_seconds [1.238698959350586, 2.6938140392303467, 2.7403838634490967, 2.6552560329437256, 2.3940541744232178, 2.490785837173462, 2.516990900039673, 2.3985700607299805, 2.479996919631958, 2.508172035217285, 4.970953941345215, 5.1767659187316895, 5.25643515586853, 4.915022134780884, 5.182624101638794, 5.132098197937012, 4.957233190536499, 5.162290096282959, 5.168588161468506, 4.938292026519775, 5.14406418800354, 2.5008559226989746, 2.4537131786346436, 2.495269775390625, 2.5011019706726074, 2.41706919670105, 2.494940996170044, 2.518507957458496, 2.4039599895477295, 2.5059380531311035, 2.5233099460601807]
