date 2025-01-27T19:49:41.302964
sample_ratio 0.8
rank 16
seed 0
l2_regularization_strength 0
input_shape (1024, 1344, 33)
input_size 45416448
num_train_samples 36333158
num_test_samples 45416448
num_iterations 10
max_num_richardson_iterations 1024
num_richardson_iterations [2, 2, 3, 4, 3, 2, 3, 2, 2, 2, 2, 2, 2, 2, 2, 2, 2, 2, 2, 2, 2, 2, 2, 2, 2, 2, 2, 2, 2, 2]
train_mses [0.0010162426101400419, 0.00100017959316247, 0.000945174300230487, 0.00040935083176676815, 5.44677460882744e-05, 3.08231405416883e-05, 2.7946049390532398e-05, 2.413160669000588e-05, 2.3140264557108515e-05, 2.2921452326225696e-05, 2.2485824384525114e-05, 2.217453086199053e-05, 2.2113773516324106e-05, 2.1858288667202395e-05, 2.168371557030685e-05, 2.164759526939911e-05, 2.1478762853326898e-05, 2.1356497551832898e-05, 2.1328392589994727e-05, 2.119984139137208e-05, 2.110254064657196e-05, 2.1078370551664995e-05, 2.0971372871843654e-05, 2.088788182045944e-05, 2.0867000859920898e-05, 2.0773775663697713e-05, 2.0699293503283824e-05, 2.0681860389096656e-05, 2.0598979668802727e-05, 2.0531364404290614e-05, 2.0517272699243263e-05]
train_rres [1.0165027406840228, 1.0004356120097926, 0.9454162392147636, 0.4094556144766094, 0.0544816883539086, 0.030831030429630712, 0.027953202821177348, 0.024137783726781124, 0.023146187837186565, 0.022927319596307626, 0.022491580145669793, 0.022180206940436858, 0.022119434042537904, 0.021863883796224497, 0.02168926601335121, 0.02165313646662615, 0.021484260834034777, 0.02136196423593988, 0.021333852079993783, 0.02120526797575107, 0.02110794232459943, 0.02108376604280375, 0.020976740974478547, 0.020893228551649757, 0.020872342246151688, 0.020779093186806877, 0.02070459196098015, 0.020687154384388604, 0.020604252448878306, 0.02053661987669245, 0.020522524564550823]
test_mses [0.0010162763318138244, 0.001000337378341987, 0.0009454053306928397, 0.0004094503262081111, 5.44935741599976e-05, 3.084339739863261e-05, 2.7966070991697058e-05, 2.4150314724837033e-05, 2.3158697521328146e-05, 2.2939747491471672e-05, 2.250303443960321e-05, 2.2191719948817066e-05, 2.213097605062175e-05, 2.1874671503694014e-05, 2.1700192056278862e-05, 2.1664029363384115e-05, 2.149455943893861e-05, 2.137244772154264e-05, 2.1344238795540163e-05, 2.1215167029345246e-05, 2.1118070098077045e-05, 2.1093764918808967e-05, 2.098633363391351e-05, 2.0903084263900416e-05, 2.0882066423398206e-05, 2.0788478375801518e-05, 2.071425726428401e-05, 2.069670496674261e-05, 2.0613520554624624e-05, 2.0546165083509003e-05, 2.0531980821016823e-05]
test_rres [1.0165199786764887, 1.0005772039250582, 0.9456319866087146, 0.4095484897530786, 0.054506638705499454, 0.030850791939639653, 0.02797277570895246, 0.02415610463475706, 0.023164249696280788, 0.02294524717431544, 0.02250842942280807, 0.022197040296023225, 0.022136281834800358, 0.021879915840216316, 0.021705394562278667, 0.021669223199570018, 0.021499712645608588, 0.02137757165257576, 0.021349355963632827, 0.02122025325316625, 0.02112313304342355, 0.021098822037117597, 0.020991364996141144, 0.020908095667532944, 0.0208870727881149, 0.02079346230327997, 0.02071922339764446, 0.020701666892032785, 0.020618462536893003, 0.020551090917660275, 0.02053690325456636]
step_times_seconds [1.4840381145477295, 3.3295187950134277, 3.5082640647888184, 5.097576379776001, 6.511639833450317, 5.020489931106567, 3.268815755844116, 4.827396869659424, 3.2175798416137695, 3.176603078842163, 3.1540651321411133, 3.236565113067627, 3.1674060821533203, 3.1498329639434814, 3.2240500450134277, 3.1743321418762207, 3.140805959701538, 3.244539976119995, 3.171625852584839, 3.166123628616333, 3.2315468788146973, 3.187609910964966, 3.1558070182800293, 3.251129150390625, 3.1721339225769043, 3.1516830921173096, 3.231395959854126, 3.1591989994049072, 3.144935369491577, 3.224604845046997, 3.1792402267456055]
