date 2025-01-27T19:49:41.302964
sample_ratio 0.2
rank 16
seed 0
l2_regularization_strength 0
input_shape (1024, 1344, 33)
input_size 45416448
num_train_samples 9083289
num_test_samples 45416448
num_iterations 10
max_num_richardson_iterations 1024
num_richardson_iterations [2, 2, 2, 2, 2, 7, 13, 13, 6, 8, 7, 6, 5, 4, 3, 3, 2, 2, 2, 2, 2, 2, 2, 2, 2, 2, 2, 2, 2, 2]
train_mses [0.0010161263045490852, 0.0010096024472526835, 0.0010052504519027733, 0.001003143807684496, 0.0010007151902199768, 0.0009919366595772152, 0.0008149065210172938, 0.00021671494798929322, 5.9310958808170303e-05, 5.2685806975658145e-05, 3.992746261040182e-05, 3.275236415143626e-05, 2.9399461878973776e-05, 2.713466736728849e-05, 2.6123289558686955e-05, 2.5667318532276453e-05, 2.5177485998386794e-05, 2.4976985483144903e-05, 2.4826530227346125e-05, 2.4665168732778514e-05, 2.4506152548434322e-05, 2.4388712815565645e-05, 2.4251398106827234e-05, 2.4122563201324584e-05, 2.4028506832237608e-05, 2.391064538609553e-05, 2.380416647748263e-05, 2.3727074066720444e-05, 2.3624997049535635e-05, 2.3535389197401538e-05, 2.3470885811062214e-05]
train_rres [1.01651858021926, 1.0099922043870408, 1.0056385289488534, 1.003531071460347, 1.0011015164277919, 0.9923195968323227, 0.8152211157681931, 0.21679861081848956, 0.05933385581025658, 0.0527061463371603, 0.039942876611676816, 0.032765008205172294, 0.029410811544423557, 0.027145142708571185, 0.026133374457456848, 0.025677227403382102, 0.025187205769589566, 0.024986627851102, 0.02483611451203539, 0.024674690723845285, 0.02451561315128586, 0.024398128080795563, 0.02426076036169894, 0.02413187571946703, 0.024037783039908563, 0.02391987609334241, 0.023813356078535276, 0.023736233906239548, 0.023634117482211173, 0.023544475036956034, 0.023479946749077413]
test_mses [0.0010162763318138244, 0.0010103320258515844, 0.0010066201278867897, 0.0010043111844505019, 0.0010022829690375127, 0.0009940265469551009, 0.0008163856254826262, 0.0002176006541459169, 5.9751734929427426e-05, 5.304630308235935e-05, 4.036649663031673e-05, 3.3166826550493096e-05, 2.9776803667041262e-05, 2.750573159882072e-05, 2.647458849176892e-05, 2.6010166892833476e-05, 2.551986804994289e-05, 2.5314482881088327e-05, 2.516071523409067e-05, 2.4999468040651347e-05, 2.4836262167643627e-05, 2.4716092966305795e-05, 2.4579110121810355e-05, 2.4446603119103528e-05, 2.4350276679683947e-05, 2.4232890468878658e-05, 2.412313704307965e-05, 2.4044138755749517e-05, 2.394262624160338e-05, 2.3850061050638425e-05, 2.3783943455749657e-05]
test_rres [1.0165199786764887, 1.0105742475984083, 1.0068614597257555, 1.0045519627325201, 1.0025232610656383, 0.9942648595498045, 0.8165813496081875, 0.21765282274911726, 0.0597660600910971, 0.05305902065229319, 0.04037617428387692, 0.033174778121321406, 0.029783942497855802, 0.027512325952147216, 0.026480935634002205, 0.02601640269245059, 0.02552598630301179, 0.025320551894151864, 0.025166747382176054, 0.02500546153057697, 0.02484221652982645, 0.024722018518559683, 0.024585002833153506, 0.02445246406259528, 0.024356114529422532, 0.024238700175895536, 0.02412892043729456, 0.024049903210543858, 0.023948366359310632, 0.023855778976331888, 0.023789645530100274]
step_times_seconds [1.2801969051361084, 2.8104801177978516, 2.8857421875, 2.7392027378082275, 2.4880950450897217, 2.587559938430786, 9.502636194229126, 17.177811861038208, 18.00326704978943, 8.128629922866821, 10.570246934890747, 9.606823921203613, 8.165332078933716, 6.582952976226807, 5.364178895950317, 4.00406813621521, 3.8688158988952637, 2.5885820388793945, 2.6429858207702637, 2.5010101795196533, 2.5747249126434326, 2.60876727104187, 2.5034618377685547, 2.574226140975952, 2.6404621601104736, 2.522862195968628, 2.5967910289764404, 2.606977939605713, 2.509199857711792, 2.597661018371582, 2.616284132003784]
