date 2025-01-27T19:49:41.302964
sample_ratio 0.1
rank 16
seed 0
l2_regularization_strength 0
input_shape (1024, 1344, 33)
input_size 45416448
num_train_samples 4541644
num_test_samples 45416448
num_iterations 10
max_num_richardson_iterations 1024
num_richardson_iterations [4, 4, 6, 8, 8, 4, 6, 6, 4, 4, 6, 4, 4, 4, 4, 4, 4, 4, 4, 4, 4, 4, 4, 4, 4, 4, 4, 4, 4, 4]
train_mses [0.0010162743593017482, 0.0009965057704495223, 0.0009624144074910192, 0.0006677150856858233, 8.487366280896021e-05, 4.805316827261326e-05, 4.425654830330588e-05, 3.2532249893327866e-05, 2.7230212949226553e-05, 2.6441074934114835e-05, 2.4914937369730324e-05, 2.3890521129467734e-05, 2.3440437243160382e-05, 2.2730096798669355e-05, 2.230670816137154e-05, 2.2183724051010263e-05, 2.192613241536985e-05, 2.1745797710449036e-05, 2.168338809579539e-05, 2.1529459641176876e-05, 2.1419692277930682e-05, 2.136758225282523e-05, 2.1249412927264175e-05, 2.1169085428937714e-05, 2.1117239091204007e-05, 2.101536053470772e-05, 2.0950000309702907e-05, 2.089770305952684e-05, 2.0805289141384597e-05, 2.0747887186304252e-05, 2.0696567645937108e-05]
train_rres [1.0164791184840383, 0.9967065466521655, 0.9626083149583268, 0.6678496170687085, 0.08489076317328176, 0.04806285003556623, 0.044265465122429196, 0.032538804498219, 0.027235699298543574, 0.02644640228773034, 0.02491995723681241, 0.02389533459693956, 0.023445160027631425, 0.022734676463590807, 0.02231120252185687, 0.022188193632629884, 0.021930550097369852, 0.021750179058572874, 0.02168775686961629, 0.021533797401458752, 0.02142400792225998, 0.021371887398015165, 0.021253694263672303, 0.021173350580943745, 0.021121493797198465, 0.021019594714188124, 0.020954221320390744, 0.020901913533353165, 0.020809480995634292, 0.02075206747519536, 0.020700737594955894]
test_mses [0.0010162763318138244, 0.0010028126875823735, 0.000977151049414531, 0.0006755029507912734, 8.575038969375553e-05, 4.91999456097076e-05, 4.518228752857147e-05, 3.3334570439818973e-05, 2.7992758038052815e-05, 2.717754242548936e-05, 2.5610998891650527e-05, 2.4542041570762664e-05, 2.4103204102983778e-05, 2.3360643624153214e-05, 2.291022940145694e-05, 2.2789585819790547e-05, 2.2524156076851648e-05, 2.2330116631252522e-05, 2.2270873808942628e-05, 2.2119023929390756e-05, 2.200143883081244e-05, 2.1950483322485463e-05, 2.1838351791436846e-05, 2.17517685120519e-05, 2.1699093463681215e-05, 2.1604621234777764e-05, 2.153313202801735e-05, 2.1478347332553994e-05, 2.139381204516899e-05, 2.133034285427056e-05, 2.127523761563457e-05]
test_rres [1.0165199786764887, 1.003053106607712, 0.9773853161981663, 0.6756648990424807, 0.08577094789507055, 0.04921174103582921, 0.04519311974246813, 0.033342562226355434, 0.027999469153386098, 0.027184058097201473, 0.025617138992855587, 0.024547925395117222, 0.02410898271838198, 0.02336624421461337, 0.02291572200749512, 0.022795049502169627, 0.02252955612385706, 0.02233547015832957, 0.022276213132867106, 0.02212432684811166, 0.022006713559129348, 0.0219557458344894, 0.021843587420500687, 0.021756983383233543, 0.02170429570629927, 0.021609800828179794, 0.021538294482261064, 0.02148349665245742, 0.021398941098185433, 0.021335456690884977, 0.02128033824106017]
step_times_seconds [1.2418019771575928, 5.521473169326782, 5.724071025848389, 7.9848339557647705, 10.042041063308716, 10.545728206634521, 5.1522111892700195, 7.526195287704468, 7.877278089523315, 5.355431795120239, 5.157145977020264, 8.010257244110107, 5.2368199825286865, 4.979184865951538, 5.203343868255615, 5.272339105606079, 4.967180967330933, 5.171871900558472, 5.207360029220581, 4.996038913726807, 5.224835157394409, 5.191360950469971, 4.967903137207031, 5.180730819702148, 5.1820008754730225, 4.950211048126221, 5.17132306098938, 5.227041721343994, 4.946441411972046, 5.18016505241394, 5.157609939575195]
