date 2025-01-27T19:49:41.302964
sample_ratio 0.6
rank 16
seed 0
l2_regularization_strength 0
input_shape (1024, 1344, 33)
input_size 45416448
num_train_samples 27249868
num_test_samples 45416448
num_iterations 10
max_num_richardson_iterations 1024
num_richardson_iterations [3, 3, 5, 6, 5, 4, 4, 3, 2, 3, 3, 2, 2, 2, 2, 2, 2, 2, 2, 2, 2, 2, 2, 2, 2, 2, 2, 2, 2, 2]
train_mses [0.0010162045198280568, 0.000999750774805137, 0.0009340472231659047, 0.0003644502453673016, 5.571635194828076e-05, 3.1681202196953236e-05, 2.82228002078422e-05, 2.3825575021658273e-05, 2.2872074094186543e-05, 2.276986888993763e-05, 2.2356520736926203e-05, 2.206816588653018e-05, 2.2012737981227162e-05, 2.181284554687191e-05, 2.1721896151710152e-05, 2.169372452089477e-05, 2.1571947277288752e-05, 2.1485741199879354e-05, 2.1465588838766167e-05, 2.1371690515643124e-05, 2.1298254704093705e-05, 2.128188178415346e-05, 2.120446532059386e-05, 2.1142251770294932e-05, 2.1128293596056966e-05, 2.1062880989780452e-05, 2.1009737166605903e-05, 2.099759371833432e-05, 2.094163281119189e-05, 2.0895880363609055e-05, 2.088520572134048e-05]
train_rres [1.016508593877586, 1.00004992547873, 0.9343267136779599, 0.3645592980823786, 0.0557330236875137, 0.03169068201253958, 0.028231245182235448, 0.023832704235254392, 0.02287891799623111, 0.0227766822096046, 0.022363210372389555, 0.022074769238941888, 0.02201932474821016, 0.02181937250099165, 0.021728395891474565, 0.021700215830995965, 0.02157840214856402, 0.021492170276119726, 0.021472011884911286, 0.021378085465039214, 0.021304627679640867, 0.02128824986050959, 0.02121081023198948, 0.021148578065825527, 0.02113461571494941, 0.02106918353556956, 0.021016023810421336, 0.02100387672852343, 0.02094789907646468, 0.02090213293859437, 0.02089145510220331]
test_mses [0.0010162763318138244, 0.001000204271355362, 0.0009347996097505936, 0.00036467693547836093, 5.578442113713193e-05, 3.174097463872081e-05, 2.8282449946574233e-05, 2.3877771179725647e-05, 2.2921634912630974e-05, 2.2819483792884127e-05, 2.2405153453464877e-05, 2.211534831923134e-05, 2.20598453885852e-05, 2.1859943420232047e-05, 2.176852234183185e-05, 2.1740257599961427e-05, 2.1618627929510528e-05, 2.1532075963063635e-05, 2.1511827806762863e-05, 2.1418178049427118e-05, 2.13445023410955e-05, 2.1328040016498012e-05, 2.12509080497601e-05, 2.118852130469816e-05, 2.117448593439553e-05, 2.1109352944582425e-05, 2.105607295016059e-05, 2.10438678236361e-05, 2.0988161485298393e-05, 2.0942291796778347e-05, 2.0931572175250803e-05]
test_rres [1.0165199786764887, 1.0004440650267388, 0.9350237230010999, 0.36476436484027147, 0.055797795156353004, 0.03174858436911256, 0.028289230514006752, 0.02388349574877565, 0.02292713025307999, 0.022824954643143748, 0.022410524970222237, 0.022120650356744195, 0.022065134119564688, 0.021865184225774423, 0.021773741229655356, 0.02174546971146292, 0.02162381088094336, 0.021537238164121376, 0.021516985153432477, 0.021423312944063907, 0.021349619572371813, 0.02133315330101928, 0.021256002842301266, 0.021193601140347944, 0.021179562405139695, 0.02111441380003759, 0.021061121032019563, 0.021048912979380698, 0.020993193285743707, 0.020947312600209017, 0.020936590408709047]
step_times_seconds [1.4150381088256836, 4.8727381229400635, 5.105623960494995, 8.075565099716187, 9.187590837478638, 7.889163970947266, 6.250795841217041, 6.053761959075928, 4.645416975021362, 3.0735957622528076, 4.4404520988464355, 4.684189081192017, 3.0714848041534424, 2.8604400157928467, 3.0517380237579346, 3.0706727504730225, 2.8605759143829346, 3.031553030014038, 3.068636894226074, 2.8666319847106934, 3.0441501140594482, 3.059575080871582, 2.873857021331787, 3.054976224899292, 3.064007043838501, 2.8900017738342285, 3.048847198486328, 3.074007987976074, 2.857513904571533, 3.0449631214141846, 3.0561161041259766]
