date 2025-01-27T19:49:41.302964
sample_ratio 0.3
rank 16
seed 0
l2_regularization_strength 0
input_shape (1024, 1344, 33)
input_size 45416448
num_train_samples 13624934
num_test_samples 45416448
num_iterations 10
max_num_richardson_iterations 1024
num_richardson_iterations [9, 11, 15, 17, 14, 12, 13, 11, 8, 10, 9, 6, 9, 8, 6, 8, 8, 5, 7, 7, 5, 7, 7, 4, 7, 7, 4, 7, 6, 4]
train_mses [0.0010162476461319314, 0.0009987992318905138, 0.0009270517888734462, 0.000372506919549579, 6.261961003978875e-05, 3.578558356310154e-05, 3.187128513145386e-05, 2.5490164811326633e-05, 2.3551372203164464e-05, 2.326460758224147e-05, 2.2358728900500625e-05, 2.1821973750159095e-05, 2.1757058731946347e-05, 2.141188237543655e-05, 2.1157495908031542e-05, 2.1120325460938508e-05, 2.0933402849895313e-05, 2.0775780579410076e-05, 2.0752355888075354e-05, 2.0620374259960407e-05, 2.0512114051290564e-05, 2.0495203219742882e-05, 2.0396021364429017e-05, 2.0306975410503028e-05, 2.029521453968185e-05, 2.0213772976141317e-05, 2.0140699925899042e-05, 2.0130483898809086e-05, 2.0062337877778797e-05, 2.0002039046139486e-05, 1.9994034794091265e-05]
train_rres [1.0165374919136125, 0.9990841011792267, 0.9273161949475244, 0.37261316290442403, 0.06263746988909775, 0.03579579003244023, 0.031880375196840255, 0.025497434906143618, 0.023558089331525717, 0.023271242921959936, 0.022365105872964204, 0.021828197633740536, 0.021763264101001073, 0.02141798929613447, 0.021163530274716884, 0.021126349226175147, 0.020939373302604716, 0.020781706076394, 0.020758274704061788, 0.02062625543323415, 0.020517964347479444, 0.020501048692763705, 0.020401838549618138, 0.020312767198738736, 0.020301002973578872, 0.02021953818194651, 0.020146444290410827, 0.02013622534958979, 0.020068059892512775, 0.02000774386293745, 0.0199997373279824]
test_mses [0.0010162763318138244, 0.0010003936659163102, 0.0009306003962984012, 0.00037303198907222447, 6.281319349253685e-05, 3.60062236530625e-05, 3.205036579519489e-05, 2.5661964788919786e-05, 2.3707893011065582e-05, 2.3417973624625712e-05, 2.2509117674229916e-05, 2.1962862493044836e-05, 2.1896399282602653e-05, 2.155029803413134e-05, 2.1293552475325512e-05, 2.1255336014295644e-05, 2.106771774174479e-05, 2.0909092966521738e-05, 2.0884994723443757e-05, 2.0752206635540883e-05, 2.0643292108865456e-05, 2.0625883786602495e-05, 2.0525931967851963e-05, 2.0436289839947008e-05, 2.0424217541192277e-05, 2.0342155701018826e-05, 2.0268564478909412e-05, 2.0258093975300325e-05, 2.0189507678661344e-05, 2.012876193459933e-05, 2.0120565761951736e-05]
test_rres [1.0165199786764887, 1.0006335049940287, 0.9308235028097448, 0.373121421513939, 0.0628282526226664, 0.03601485595429282, 0.03205804970047614, 0.025668117108928516, 0.023713576852725276, 0.02342358795964954, 0.022514514115858027, 0.021968127972889284, 0.02190164882824476, 0.021555464603834014, 0.021298657491641622, 0.02126043186841783, 0.02107276861538081, 0.020914105810708863, 0.02089000179020486, 0.020757181867061904, 0.020648241228706128, 0.020630828732890197, 0.02053085295122102, 0.020441189332091148, 0.02042911413906679, 0.02034703262500222, 0.020273423759787457, 0.02026295074593064, 0.020194348006090657, 0.020133587698558556, 0.02012538956092202]
step_times_seconds [1.3119070529937744, 13.650928020477295, 17.31690287590027, 21.538815021514893, 23.47354006767273, 20.256102085113525, 17.155433893203735, 17.82575821876526, 15.856518983840942, 11.437451839447021, 13.731514930725098, 12.890837907791138, 8.525039911270142, 12.33309006690979, 11.429874181747437, 8.439043045043945, 10.886435747146606, 11.419094800949097, 7.026097774505615, 9.509614944458008, 10.037585973739624, 7.042190074920654, 9.53240704536438, 10.02113676071167, 5.557239055633545, 9.50131893157959, 9.93201994895935, 5.592719078063965, 9.519731044769287, 8.526478052139282, 5.650896310806274]
