date 2025-01-27T19:49:41.302964
sample_ratio 0.4
rank 16
seed 0
l2_regularization_strength 0
input_shape (1024, 1344, 33)
input_size 45416448
num_train_samples 18166579
num_test_samples 45416448
num_iterations 10
max_num_richardson_iterations 1024
num_richardson_iterations [3, 4, 4, 4, 4, 4, 4, 4, 2, 3, 2, 2, 2, 2, 2, 2, 2, 2, 2, 2, 2, 2, 2, 2, 2, 2, 2, 2, 2, 2]
train_mses [0.001016055593368369, 0.0009988669054235796, 0.0009069187250695953, 0.00028207165909619364, 5.742900797387947e-05, 3.4340813102823746e-05, 3.0830509885961e-05, 2.4233430553765922e-05, 2.2561086314933018e-05, 2.2487115950389857e-05, 2.1880111567994356e-05, 2.1682844785241344e-05, 2.1628832195564826e-05, 2.1602662433006368e-05, 2.149751013633213e-05, 2.147015951679328e-05, 2.1424678031581032e-05, 2.135178091662438e-05, 2.1334868041294432e-05, 2.128389004515677e-05, 2.122493515390322e-05, 2.121284122462197e-05, 2.1162359829472867e-05, 2.1110760181800618e-05, 2.110127338486801e-05, 2.105322202433917e-05, 2.1006313182687126e-05, 2.099845170568444e-05, 2.0953251135364892e-05, 2.09098483441593e-05, 2.0903119278124137e-05]
train_rres [1.0165168448206106, 0.999320353850742, 0.9073304324424336, 0.2821997091391672, 0.05745507860771253, 0.03435640255483623, 0.03084450579086135, 0.02424443162999509, 0.022571328209072306, 0.0224973242647346, 0.02189004432492401, 0.02169268799038799, 0.02163865088100449, 0.02161246923834708, 0.021507269206440773, 0.021479906170737823, 0.021434404038622748, 0.02136147383108695, 0.021344553277940593, 0.02129355213968856, 0.021234570485106914, 0.021222471065631545, 0.021171966753806448, 0.02112034368181315, 0.02111085257822755, 0.021062779404168064, 0.021015849267646446, 0.021007984221825572, 0.02096276313212811, 0.02091934063766946, 0.020912608516888573]
test_mses [0.0010162763318138244, 0.0010001436850273207, 0.0009093879139530104, 0.00028258023811865933, 5.759264716477509e-05, 3.449436625638127e-05, 3.096753267961943e-05, 2.4344247968596292e-05, 2.26669562544969e-05, 2.259289630856186e-05, 2.1981637424842095e-05, 2.178325888753933e-05, 2.1729112590388013e-05, 2.1702721497378945e-05, 2.1596613244321685e-05, 2.1569161196008913e-05, 2.15235018014319e-05, 2.1449808349569638e-05, 2.143279923171682e-05, 2.13817221690355e-05, 2.1322089571388992e-05, 2.1309897495514317e-05, 2.1259392685941436e-05, 2.1207202091606496e-05, 2.1197612996190365e-05, 2.114960136103185e-05, 2.1102166155790172e-05, 2.10941979178107e-05, 2.1049085795590912e-05, 2.1005205332973365e-05, 2.0998365565610767e-05]
test_rres [1.0165199786764887, 1.0003834641734466, 0.9096059348841717, 0.2826479852326215, 0.0576064546965998, 0.03450263609781598, 0.030974956981401968, 0.024350084372983354, 0.022672390537087837, 0.02259831283567339, 0.021986907405876905, 0.021788481308371542, 0.021734322029932543, 0.021707924609798847, 0.021601790917850455, 0.021574332288054644, 0.021528661946879846, 0.02145495082740319, 0.021437937631704547, 0.021386848323568235, 0.021327201429322592, 0.021315006430462365, 0.021264489512629145, 0.021212286405875906, 0.021202695011524986, 0.02115467186583148, 0.02110722528825083, 0.021099255139928542, 0.02105413220231662, 0.021010241219590796, 0.021003399812430237]
step_times_seconds [1.352132797241211, 4.594130754470825, 6.3618528842926025, 5.952579736709595, 5.600040912628174, 5.804073095321655, 5.803081274032593, 5.610471963882446, 5.80570912361145, 2.8029842376708984, 4.169581174850464, 2.7827320098876953, 2.7882471084594727, 2.6861681938171387, 2.7808640003204346, 2.9270687103271484, 2.6823110580444336, 2.761263847351074, 2.9107861518859863, 2.7214839458465576, 2.7767460346221924, 2.917876958847046, 2.7151989936828613, 2.7802188396453857, 2.8933908939361572, 2.6928839683532715, 2.7805278301239014, 2.9194178581237793, 2.701672077178955, 2.8124043941497803, 2.9043080806732178]
