date 2025-01-27T19:49:41.302964
sample_ratio 0.7
rank 16
seed 0
l2_regularization_strength 0
input_shape (1024, 1344, 33)
input_size 45416448
num_train_samples 31791513
num_test_samples 45416448
num_iterations 10
max_num_richardson_iterations 1024
num_richardson_iterations [4, 4, 4, 4, 4, 4, 4, 4, 3, 4, 4, 3, 3, 3, 3, 3, 3, 2, 3, 3, 3, 3, 3, 2, 3, 3, 3, 3, 3, 3]
train_mses [0.0010161646925080229, 0.000999363053456514, 0.0008530835279480585, 0.00014978910408348993, 4.6428227987224426e-05, 2.7915706143547467e-05, 2.688364465255858e-05, 2.358481023483544e-05, 2.2636368957887837e-05, 2.2525830871752803e-05, 2.2024996836692575e-05, 2.1744041884562222e-05, 2.1699098844817385e-05, 2.1486729756312393e-05, 2.1333906439387613e-05, 2.130498111354071e-05, 2.116636609439043e-05, 2.105227119040165e-05, 2.1031613826531242e-05, 2.0926500379139625e-05, 2.0834497912525474e-05, 2.0809800833482472e-05, 2.070989221933203e-05, 2.062196812016685e-05, 2.0604405900546923e-05, 2.0518914708931024e-05, 2.044393618878625e-05, 2.042047452944668e-05, 2.0334238629920585e-05, 2.0261852814170954e-05, 2.0239442213390577e-05]
train_rres [1.0165087751933026, 0.999701446952704, 0.8533723898552161, 0.149839824048018, 0.046443949011066715, 0.027925158657694207, 0.026892747701218262, 0.023592796267903938, 0.022644033840040736, 0.022533458324695867, 0.022032454702637653, 0.02175140461658355, 0.021706446358713233, 0.021494005360086995, 0.02134113029578539, 0.021312195175557845, 0.021173533220090687, 0.02105939968252092, 0.021038735323877636, 0.02093358628410862, 0.020841552664615414, 0.020816847222914922, 0.020716904778791356, 0.020628950907719747, 0.020611382741371174, 0.020525862601653656, 0.020450858693094248, 0.02042738908942163, 0.02034112398962899, 0.020268713663378214, 0.020246295474162863]
test_mses [0.0010162763318138244, 0.000999759424135779, 0.0008537356786018547, 0.0001498892353048912, 4.6480177875397167e-05, 2.7956586234922502e-05, 2.6921686059198006e-05, 2.3624276120635054e-05, 2.267374493370125e-05, 2.256236190193401e-05, 2.206310005246155e-05, 2.1781265318084946e-05, 2.1735811251469872e-05, 2.1524331103843103e-05, 2.137074475069888e-05, 2.1341469628246496e-05, 2.1203373844175777e-05, 2.108855683482343e-05, 2.1067684690681607e-05, 2.0962866303770402e-05, 2.087021400920183e-05, 2.084517824206327e-05, 2.0745457169075154e-05, 2.0656911464282542e-05, 2.063907760444377e-05, 2.0553621478000885e-05, 2.0478121160174083e-05, 2.045417993567885e-05, 2.0367900314498612e-05, 2.0295063360307565e-05, 2.0272111531729444e-05]
test_rres [1.0165199786764887, 0.9999991111573934, 0.8539403572046365, 0.14992517045440312, 0.04649132125162359, 0.02796328867825775, 0.026928140390702748, 0.023629939915588566, 0.02267918084384203, 0.022567771108583434, 0.022068389563729446, 0.02178648726096945, 0.021741022296982885, 0.021529491448111907, 0.02137586827345377, 0.021346586132445982, 0.021208457240643158, 0.021093612704521536, 0.021072735556393808, 0.020967892039830047, 0.02087521753236506, 0.020850175763034058, 0.020750430782447375, 0.02066186384929147, 0.02064402571387935, 0.020558549099783205, 0.020483030681155475, 0.020459083716878598, 0.0203727834106166, 0.02029992899415194, 0.020276971662994598]
step_times_seconds [1.467759132385254, 6.800528049468994, 7.0959508419036865, 6.663900136947632, 6.326553821563721, 6.58197283744812, 6.517768144607544, 6.358085870742798, 6.605395078659058, 4.862281084060669, 6.323171138763428, 6.532898187637329, 4.793393135070801, 4.83812403678894, 4.835861921310425, 4.802274942398071, 4.687389850616455, 4.848552942276001, 3.159430980682373, 4.7034077644348145, 4.767837285995483, 4.85278582572937, 4.7205970287323, 4.851994276046753, 3.160417079925537, 4.618314981460571, 4.862907886505127, 4.839909791946411, 4.7131688594818115, 4.835219144821167, 4.888850927352905]
