date 2025-01-27T19:49:41.302964
sample_ratio 0.7
rank 16
seed 0
l2_regularization_strength 0
input_shape (1024, 1344, 33)
input_size 45416448
num_train_samples 31791513
num_test_samples 45416448
num_iterations 10
max_num_richardson_iterations 1024
num_richardson_iterations [3, 4, 5, 5, 4, 3, 4, 3, 2, 3, 3, 2, 2, 2, 2, 2, 2, 2, 2, 2, 2, 2, 2, 2, 2, 2, 2, 2, 2, 2]
train_mses [0.0010161646925080229, 0.0009994998837268823, 0.0008887218770099995, 0.00021139779099364886, 4.929922821890688e-05, 2.824822278399685e-05, 2.6332574510712866e-05, 2.327453265680414e-05, 2.2402318988998088e-05, 2.2235696221237654e-05, 2.1788266581374013e-05, 2.1513454360855406e-05, 2.142195273361496e-05, 2.1224857161054163e-05, 2.113401656557814e-05, 2.109736825396488e-05, 2.0987124861863197e-05, 2.090677807215319e-05, 2.088559283744032e-05, 2.0801873140137364e-05, 2.0735556032133382e-05, 2.0720679010628145e-05, 2.065153399546382e-05, 2.0595326186736874e-05, 2.058366666478248e-05, 2.0524275026617598e-05, 2.0475291447599158e-05, 2.046558140980603e-05, 2.0413271332328665e-05, 2.0369672670942013e-05, 2.0361305499675894e-05]
train_rres [1.0165087751933026, 0.9998383235550568, 0.8890228063890293, 0.2114693722246477, 0.04931592138976081, 0.028257787891327928, 0.026341490961968035, 0.02328241362703881, 0.022409904619684784, 0.0222432254319269, 0.021795644288283317, 0.02152073901382623, 0.02142920640329553, 0.021232044092366082, 0.021141172737431227, 0.021104512016363514, 0.020994231294838094, 0.020913857298968146, 0.020892664890740483, 0.020808916845180134, 0.020742577281595113, 0.02072769522259394, 0.020658526794293273, 0.020602299953086746, 0.020590636483111276, 0.020531224734392964, 0.020482224569085383, 0.020472511243384398, 0.020420183453235003, 0.020376570028941714, 0.02036820002447466]
test_mses [0.0010162763318138244, 0.0009998706938787703, 0.0008893019912625645, 0.00021149533892609833, 4.9350301509315846e-05, 2.8291434811611735e-05, 2.637483828077589e-05, 2.3313229522904624e-05, 2.243773797759369e-05, 2.2271172947101123e-05, 2.182280634949795e-05, 2.1545575478542076e-05, 2.1454213189223146e-05, 2.125680942665295e-05, 2.1164958320170184e-05, 2.1128478772441738e-05, 2.1018034172366598e-05, 2.0936850363534834e-05, 2.091584337037329e-05, 2.0831985143886258e-05, 2.0765026321849128e-05, 2.075032636934479e-05, 2.068107105574318e-05, 2.0624374120307336e-05, 2.0612886287525248e-05, 2.055339222932222e-05, 2.0504035186418553e-05, 2.0494490587446952e-05, 2.044207483568725e-05, 2.0398192204505445e-05, 2.0389984535224147e-05]
test_rres [1.0165199786764887, 1.0001104075767155, 0.8895151967002484, 0.21154604381234265, 0.049362132982467256, 0.028298217533118012, 0.026381161508424924, 0.02331881874608538, 0.02244311730631796, 0.022276512342742392, 0.021828038251624507, 0.021550740916037082, 0.021459356723093657, 0.021261905634017936, 0.02117003250671935, 0.021133544213212736, 0.02102307313463026, 0.020941869862410735, 0.020920857832933952, 0.0208369795018817, 0.020770004626821974, 0.02075530115008196, 0.020686029232886077, 0.020629318704660546, 0.020617828117731454, 0.020558319796143386, 0.02050895092015035, 0.020499404032911752, 0.02044697571475345, 0.02040308256294347, 0.020394872925916973]
step_times_seconds [1.4598259925842285, 5.042328119277954, 7.122686862945557, 8.378220081329346, 7.910886764526367, 6.544954061508179, 4.795109033584595, 6.285773038864136, 4.841217041015625, 3.191267967224121, 4.6464409828186035, 4.708049058914185, 3.152190923690796, 3.061026096343994, 3.036947011947632, 3.167431354522705, 3.040036916732788, 3.030810832977295, 3.199479103088379, 3.026472806930542, 3.034788131713867, 3.1589269638061523, 3.05184006690979, 3.041559934616089, 3.141998052597046, 3.0457658767700195, 3.047248125076294, 3.162525177001953, 3.038593053817749, 3.0571961402893066, 3.1612799167633057]
