date 2025-01-27T19:49:41.302964
sample_ratio 0.6
rank 16
seed 0
l2_regularization_strength 0
input_shape (1024, 1344, 33)
input_size 45416448
num_train_samples 27249868
num_test_samples 45416448
num_iterations 10
max_num_richardson_iterations 1024
num_richardson_iterations [5, 6, 8, 8, 7, 6, 6, 6, 5, 5, 5, 4, 5, 5, 4, 5, 4, 4, 4, 4, 4, 4, 4, 4, 4, 4, 3, 4, 4, 3]
train_mses [0.0010162045198280568, 0.0009993283286361578, 0.0008778616116518272, 0.00019058644295342047, 4.8875231138343276e-05, 2.827317638521059e-05, 2.687608917425127e-05, 2.3168485488815293e-05, 2.2169961658506516e-05, 2.201956251465074e-05, 2.1505793000841426e-05, 2.1223697440649233e-05, 2.113634691496931e-05, 2.09190915084074e-05, 2.0778834406961108e-05, 2.071528933755738e-05, 2.0592534531431727e-05, 2.050437088740288e-05, 2.0463024875711514e-05, 2.0385760390654358e-05, 2.0323361128381378e-05, 2.0297135871671084e-05, 2.0237243853704993e-05, 2.018731716038189e-05, 2.0168815610111452e-05, 2.0120233503982172e-05, 2.0078639461422283e-05, 2.00650613212634e-05, 2.00256058284286e-05, 1.9991172498144257e-05, 1.99795397000519e-05]
train_rres [1.016508593877586, 0.9996273529031913, 0.8781242900103394, 0.1906434712290908, 0.04888985584150482, 0.028281636433428008, 0.026884131178701424, 0.02317541808463295, 0.02217659547078335, 0.022026151323706444, 0.02151222807708691, 0.021230048106780745, 0.021142671443618106, 0.020925351028753272, 0.02078505195884101, 0.020721487875148124, 0.020598696337685157, 0.02051050631286806, 0.020469147929406087, 0.020391860324864224, 0.02032944239115651, 0.020303209287187273, 0.02024329934801725, 0.02019335771536695, 0.02017485062896554, 0.020126253985843504, 0.020084647497295913, 0.020071065294214673, 0.020031597995300243, 0.0199971543616941, 0.01998551808277485]
test_mses [0.0010162763318138244, 0.0009998427320661947, 0.0008788348572693613, 0.0001907403374534924, 4.89476306368855e-05, 2.833638261232054e-05, 2.6935650462859602e-05, 2.3221580855282526e-05, 2.221773170590157e-05, 2.206727603493937e-05, 2.155236238966295e-05, 2.1269379011571892e-05, 2.1181980225014685e-05, 2.0964870281815205e-05, 2.082438895385035e-05, 2.0760747014531214e-05, 2.0638504861052457e-05, 2.055011872430926e-05, 2.050872462148891e-05, 2.0431899513830075e-05, 2.0369268091199804e-05, 2.0343051763240888e-05, 2.0283516939031117e-05, 2.0233381520151843e-05, 2.0214916341718623e-05, 2.0166625661284618e-05, 2.0124856504078015e-05, 2.0111318659224128e-05, 2.007209053487242e-05, 2.0037518480366095e-05, 2.0025922649110066e-05]
test_rres [1.0165199786764887, 1.0000824390604437, 0.8790455532671628, 0.19078606643816837, 0.048959365571830046, 0.028343176109823745, 0.02694210814225609, 0.0232271481061811, 0.022223058289288583, 0.022072566547376927, 0.021557529454283915, 0.021274478232428225, 0.021187058492475295, 0.02096989649831796, 0.020829381490699503, 0.02076572429356282, 0.020643452833175847, 0.02055504550632495, 0.020513641479487903, 0.020436797953416803, 0.020374151515235008, 0.02034792890205045, 0.0202883798046822, 0.02023823236610205, 0.0202197627607402, 0.020171460502871576, 0.020129681331730976, 0.02011614024125056, 0.020076902712164005, 0.0200423223691909, 0.020030723757895805]
step_times_seconds [1.4191360473632812, 8.305350065231323, 10.401573896408081, 12.901067972183228, 12.378757953643799, 11.3193941116333, 9.583112955093384, 9.285358905792236, 9.661237955093384, 7.972797870635986, 7.67982816696167, 7.995143175125122, 6.348329067230225, 7.6974241733551025, 7.980370044708252, 6.358357906341553, 7.663256883621216, 6.3325231075286865, 6.344099998474121, 6.114336967468262, 6.336099863052368, 6.3196868896484375, 6.102957725524902, 6.391388177871704, 6.373652935028076, 6.104411840438843, 6.373121976852417, 4.696933269500732, 6.151376008987427, 6.3426291942596436, 4.687312841415405]
