date 2025-01-27T19:49:41.302964
sample_ratio 0.8
rank 16
seed 0
l2_regularization_strength 0
input_shape (1024, 1344, 33)
input_size 45416448
num_train_samples 36333158
num_test_samples 45416448
num_iterations 10
max_num_richardson_iterations 1024
num_richardson_iterations [3, 3, 4, 4, 4, 3, 3, 3, 2, 3, 2, 2, 2, 2, 2, 2, 2, 2, 2, 2, 2, 2, 2, 2, 2, 2, 2, 2, 2, 2]
train_mses [0.0010162426101400419, 0.0009995367650348927, 0.0008455313760353819, 0.00013581260280397538, 4.4540406521925515e-05, 2.7344557803921235e-05, 2.6065931499822188e-05, 2.302905944127876e-05, 2.2209447958503164e-05, 2.208083140162203e-05, 2.1652787022784012e-05, 2.1445501540210782e-05, 2.13879255423578e-05, 2.1264508826185462e-05, 2.1170551332848057e-05, 2.1144443980151945e-05, 2.1051692411117113e-05, 2.0985049963125027e-05, 2.0966795043826518e-05, 2.0894771424796882e-05, 2.084100928308733e-05, 2.0826587209096276e-05, 2.0766599205789764e-05, 2.072046188213231e-05, 2.0708305405998975e-05, 2.0656116573371934e-05, 2.0615200155555228e-05, 2.0604490262852987e-05, 2.0557927230782298e-05, 2.0521013952961652e-05, 2.0511224007747102e-05]
train_rres [1.0165027406840228, 0.9997926193356504, 0.8457478091337449, 0.1358473671465589, 0.044551807657896465, 0.027351557269034665, 0.02607260367128279, 0.02303495425586344, 0.022215132974779117, 0.022086483495547975, 0.0216583295489591, 0.021450991006924675, 0.021393400271177913, 0.021269951963673747, 0.021175970419766516, 0.021149856384296242, 0.0210570810733755, 0.020990421566724315, 0.020972161974661604, 0.02090011991953904, 0.020846344016179436, 0.02083191825052862, 0.020771914891920356, 0.02072576575835946, 0.020713606170497962, 0.020661403978945322, 0.020620477087635456, 0.020609764453491174, 0.020563189502547236, 0.02052626677592869, 0.020516474324753703]
test_mses [0.0010162763318138244, 0.0009997188014827644, 0.0008458038510364242, 0.00013584870130085286, 4.456254181570675e-05, 2.736237333384817e-05, 2.6081676382983347e-05, 2.3043970618830182e-05, 2.2225234894871445e-05, 2.209593242348508e-05, 2.166787165349902e-05, 2.1460885632235823e-05, 2.1402843179152515e-05, 2.1279566728197896e-05, 2.1185699229950902e-05, 2.1159325219966678e-05, 2.106674792852958e-05, 2.100013865766605e-05, 2.0981706702821345e-05, 2.0909879865019533e-05, 2.0856114141457596e-05, 2.0841571619613144e-05, 2.0781791015453886e-05, 2.0735620388448012e-05, 2.072338009033892e-05, 2.0671399221262903e-05, 2.0630424015252614e-05, 2.0619653031067817e-05, 2.0573290224846523e-05, 2.0536296811069786e-05, 2.0526458573441247e-05]
test_rres [1.0165199786764887, 0.9999584787653131, 0.8460066280255985, 0.13588127030677458, 0.0445732254488544, 0.027368933317790663, 0.02608792932662161, 0.023049495288616186, 0.022230563277108237, 0.022101229806139867, 0.02167306641085361, 0.021466030765789172, 0.021407974397335456, 0.021284668391505283, 0.02119077838902323, 0.021164398056009937, 0.021071798569658025, 0.02100517332957494, 0.02098673695576678, 0.0209148928978614, 0.020861114284252285, 0.020846568275915318, 0.02078677333967315, 0.020740591643504228, 0.020728348410848557, 0.020676355079634758, 0.020635370050036062, 0.020624596483564912, 0.020578222562106622, 0.020541220279355055, 0.020531379683061204]
step_times_seconds [1.4827489852905273, 5.13507604598999, 5.372140169143677, 6.882046937942505, 6.555398941040039, 6.740025997161865, 4.9700846672058105, 4.816324949264526, 4.998719930648804, 3.292227029800415, 4.8109917640686035, 3.2106049060821533, 3.146291971206665, 3.163583993911743, 3.2074410915374756, 3.1807780265808105, 3.1521129608154297, 3.2038919925689697, 3.184983968734741, 3.183582067489624, 3.2265379428863525, 3.16654896736145, 3.1727707386016846, 3.222369909286499, 3.145042896270752, 3.133943796157837, 3.2190840244293213, 3.182410955429077, 3.1554839611053467, 3.2153007984161377, 3.186519145965576]
