date 2025-01-27T19:49:41.302964
sample_ratio 0.4
rank 16
seed 0
l2_regularization_strength 0
input_shape (1024, 1344, 33)
input_size 45416448
num_train_samples 18166579
num_test_samples 45416448
num_iterations 10
max_num_richardson_iterations 1024
num_richardson_iterations [2, 2, 2, 4, 4, 4, 4, 4, 2, 2, 2, 2, 2, 2, 2, 2, 2, 2, 2, 2, 2, 2, 2, 2, 2, 2, 2, 2, 2, 2]
train_mses [0.001016055593368369, 0.0010050480481941415, 0.0009999072663739238, 0.0009909348336166366, 0.00041222475699259615, 8.690298531238212e-05, 6.019245003046354e-05, 4.3919796653309893e-05, 3.229899543367131e-05, 3.0196112275372142e-05, 2.8042865193915355e-05, 2.764261657429706e-05, 2.6691473139906336e-05, 2.5643757539649623e-05, 2.5255978405962786e-05, 2.479121283057778e-05, 2.4242289048388678e-05, 2.3968450488885515e-05, 2.3722959199985686e-05, 2.340108393467641e-05, 2.320924644935704e-05, 2.3066990737416795e-05, 2.2852435509807048e-05, 2.2710260071863006e-05, 2.2617656055473995e-05, 2.2458028623555648e-05, 2.2346605602563397e-05, 2.2278299429491133e-05, 2.215004901498012e-05, 2.205942572594859e-05, 2.2003492491914477e-05]
train_rres [1.0165168448206106, 1.005504302630245, 1.0003611870862668, 0.9913846811781928, 0.41241189170161574, 0.08694243603578848, 0.06021977516421777, 0.04393973460761152, 0.03231365797639728, 0.030209820187350554, 0.02805559561179813, 0.02765516529419179, 0.02670359007605491, 0.025655398851880267, 0.02526744368088826, 0.024802467119216676, 0.024253294146044956, 0.023979331274019848, 0.02373372854120469, 0.023411707156495515, 0.023219782584092255, 0.023077462293349286, 0.02286280966564552, 0.022720569685340163, 0.02262792363017166, 0.02246822373333577, 0.022356750130435813, 0.022288412948901284, 0.022160104313471724, 0.022069439884837255, 0.02201348125919505]
test_mses [0.0010162763318138244, 0.0010056975613115695, 0.0010009547864406317, 0.0009917816758143881, 0.0004129227500748688, 8.715739042280203e-05, 6.029021110210447e-05, 4.406915249160717e-05, 3.2447678177794646e-05, 3.0334052641274414e-05, 2.8178239427295417e-05, 2.7775427622548537e-05, 2.681795416521288e-05, 2.576812270655351e-05, 2.537790849570041e-05, 2.490917747325542e-05, 2.4358777185381605e-05, 2.4082986236482056e-05, 2.3834854142183173e-05, 2.351202101277941e-05, 2.3318643542060505e-05, 2.3174503790088516e-05, 2.295939490683813e-05, 2.2815995474021155e-05, 2.272194088393335e-05, 2.256206919796525e-05, 2.2449657219851876e-05, 2.2380146952097564e-05, 2.2251873580914696e-05, 2.2160432379252134e-05, 2.2103437684064937e-05]
test_rres [1.0165199786764887, 1.0059386719700902, 1.0011947600440212, 0.9920194502131372, 0.41302174611504894, 0.08717828594508248, 0.06030466536058176, 0.044079717837280125, 0.03245545733661324, 0.030341325069576215, 0.02818499501080842, 0.0277820866340669, 0.026824383627545984, 0.025774300477360186, 0.025383992714718792, 0.024915149316496195, 0.024364617073071363, 0.02408876000475395, 0.023840568422100954, 0.023517657895165946, 0.023324234063223648, 0.023180059754510294, 0.022964899300045572, 0.022821465487974823, 0.022727388348797686, 0.02256747833444045, 0.022455039406151286, 0.022385512473678794, 0.022257208349635238, 0.022165745225429363, 0.02210873686606616]
step_times_seconds [1.3475730419158936, 2.9836161136627197, 3.0803380012512207, 3.097454071044922, 5.60299015045166, 5.835986852645874, 5.778698921203613, 5.6282570362091064, 5.848462820053101, 2.8365330696105957, 2.690769910812378, 2.7773070335388184, 2.9054501056671143, 2.7192859649658203, 2.818782329559326, 2.901033401489258, 2.681816816329956, 2.7917048931121826, 2.8890609741210938, 2.6915738582611084, 2.751429796218872, 2.9111599922180176, 2.7017757892608643, 2.791306972503662, 2.905730724334717, 2.6721150875091553, 2.7942099571228027, 2.9169938564300537, 2.715224027633667, 2.787125825881958, 2.9266622066497803]
