date 2025-01-27T19:49:41.302964
sample_ratio 0.8
rank 16
seed 0
l2_regularization_strength 0
input_shape (1024, 1344, 33)
input_size 45416448
num_train_samples 36333158
num_test_samples 45416448
num_iterations 10
max_num_richardson_iterations 1024
num_richardson_iterations [3, 4, 5, 5, 4, 4, 4, 4, 3, 3, 3, 3, 3, 3, 3, 3, 3, 2, 3, 3, 2, 3, 3, 2, 3, 3, 2, 3, 3, 2]
train_mses [0.0010162426101400419, 0.0009995367650348927, 0.0008452911620687915, 0.00013572898784948865, 4.3851255461361935e-05, 2.7057358273073588e-05, 2.610333442121179e-05, 2.303600092321954e-05, 2.217516235724971e-05, 2.2043495867332396e-05, 2.1598092338487783e-05, 2.1392907748018976e-05, 2.1344943476839302e-05, 2.1174287527504282e-05, 2.106722750003605e-05, 2.10400264648401e-05, 2.093378290269204e-05, 2.0859009342243248e-05, 2.0840367780661845e-05, 2.0764152265950075e-05, 2.070539849938523e-05, 2.0688533899943237e-05, 2.062512113940646e-05, 2.0574877745026615e-05, 2.0559762428246016e-05, 2.0504519606696864e-05, 2.0460363910098555e-05, 2.044633238564886e-05, 2.0397249067240087e-05, 2.035809236056306e-05, 2.0344486169800632e-05]
train_rres [1.0165027406840228, 0.9997926193356504, 0.8455075336788945, 0.13576373078891177, 0.04386248019335368, 0.02706428422289702, 0.02611001616680576, 0.023041897514635326, 0.022180838597341695, 0.02204913840437424, 0.021603620864307213, 0.0213983837521486, 0.021350407203416473, 0.021179707570787232, 0.02107262013885583, 0.02104541214093266, 0.020939141383314406, 0.020864348682862275, 0.020845702349546733, 0.02076946732573044, 0.02071069851979497, 0.02069382960347295, 0.020630400610989457, 0.020580144355663438, 0.02056502516977173, 0.020509768207558645, 0.020465601208299673, 0.020451566092160305, 0.020402470209753335, 0.020363303480021473, 0.020349693806443258]
test_mses [0.0010162763318138244, 0.0009997188014827644, 0.0008455633538915849, 0.00013576446465097256, 4.3874451239307164e-05, 2.707465771107693e-05, 2.6118658180626472e-05, 2.3050535717142672e-05, 2.219082294072999e-05, 2.2058378101150955e-05, 2.1613029710429366e-05, 2.1408203090355313e-05, 2.135974687534268e-05, 2.1189337067764277e-05, 2.1082350961854114e-05, 2.1054854395740493e-05, 2.094890292960334e-05, 2.087410722580461e-05, 2.0855315287468235e-05, 2.07793904117831e-05, 2.0720561701537027e-05, 2.0703588442576636e-05, 2.064046277710807e-05, 2.0590104518923116e-05, 2.0574907680679587e-05, 2.0519935664292503e-05, 2.0475636839034625e-05, 2.046153577507055e-05, 2.041269514460511e-05, 2.0373378592033455e-05, 2.0359704119976696e-05]
test_rres [1.0165199786764887, 0.9999584787653131, 0.8457660732228437, 0.13579701346160405, 0.0438849699063871, 0.02708114871672422, 0.02612491999045466, 0.02305606196087619, 0.02219614307288322, 0.022063666480356063, 0.021618211319718854, 0.021413335593548546, 0.02136486776141526, 0.021194417098988932, 0.021087405343727075, 0.021059902185457505, 0.020953925318018055, 0.02087911168234588, 0.020860315238741916, 0.020784372160470358, 0.020725529346352887, 0.020708552018143644, 0.020645411218631452, 0.020595040887321076, 0.020579840405716147, 0.020524855210079573, 0.020480545764413195, 0.02046644131979379, 0.02041758898004613, 0.02037826300153944, 0.020364585251100503]
step_times_seconds [1.4854867458343506, 5.123230218887329, 7.32836389541626, 8.559190034866333, 8.168883800506592, 6.7155821323394775, 6.740720987319946, 6.521775722503662, 6.756505727767944, 4.996004104614258, 4.809870958328247, 4.960007905960083, 5.014750242233276, 4.837853908538818, 4.92199182510376, 4.975883960723877, 4.83273983001709, 4.951841115951538, 3.2999191284179688, 4.834513902664185, 5.007979869842529, 3.2644588947296143, 4.72630500793457, 4.977148056030273, 3.2600209712982178, 4.752840995788574, 4.984427213668823, 3.259634256362915, 4.805581092834473, 5.009068012237549, 3.286836862564087]
