date 2025-01-27T19:49:41.302964
sample_ratio 0.1
rank 16
seed 0
l2_regularization_strength 0
input_shape (1024, 1344, 33)
input_size 45416448
num_train_samples 4541644
num_test_samples 45416448
num_iterations 10
max_num_richardson_iterations 1024
num_richardson_iterations [4, 4, 4, 6, 6, 4, 4, 4, 4, 4, 4, 4, 4, 4, 4, 4, 4, 2, 2, 2, 2, 2, 2, 2, 2, 2, 2, 2, 2, 2]
train_mses [0.0010162743593017482, 0.0009965057704495223, 0.0009624144074910192, 0.000668172299892574, 8.513777796331511e-05, 4.9804468084387283e-05, 4.522682125878378e-05, 3.382565022716515e-05, 2.8107408251931583e-05, 2.6923613339919122e-05, 2.5179011339725393e-05, 2.416141041219751e-05, 2.362304996180675e-05, 2.2764263497580767e-05, 2.2219698926290177e-05, 2.2087023347121183e-05, 2.182607896862349e-05, 2.166456661190788e-05, 2.1654075562675474e-05, 2.1636180339762977e-05, 2.1635796383085547e-05, 2.1626916154783028e-05, 2.1611860044330018e-05, 2.1611128363205245e-05, 2.1603465602259367e-05, 2.159052610377418e-05, 2.158933702267402e-05, 2.1582608082614885e-05, 2.157127059020832e-05, 2.1569600849300452e-05, 2.156359725634519e-05]
train_rres [1.0164791184840383, 0.9967065466521655, 0.9626083149583268, 0.6683069233950785, 0.08515493154161628, 0.04981450269961299, 0.045235933568716385, 0.0338324654266411, 0.028113071338751867, 0.026929037915479168, 0.02518408441248926, 0.024166278458501826, 0.02362780953912866, 0.022768850046416256, 0.022224175756135615, 0.022091473445461637, 0.02183047649183295, 0.02166893159357205, 0.02165843843060073, 0.021640539602154767, 0.021640155568117662, 0.021631273550624785, 0.021616214406663316, 0.021615482578119266, 0.021607818273278623, 0.021594876167740425, 0.02159368684706394, 0.021586956551256475, 0.02157561677456944, 0.021573946697241806, 0.02156794189468131]
test_mses [0.0010162763318138244, 0.0010028126875823735, 0.000977151049414531, 0.000678107193695099, 8.602786102299606e-05, 5.097460275751402e-05, 4.6144168804833654e-05, 3.46784297632952e-05, 2.8915352442434788e-05, 2.7663904906238082e-05, 2.586218579643314e-05, 2.481030933316054e-05, 2.4278952017755557e-05, 2.3388509814520065e-05, 2.2811664446137263e-05, 2.2685812643713637e-05, 2.2418333740000304e-05, 2.224614010924177e-05, 2.223635076169303e-05, 2.2218547055381626e-05, 2.221815124326746e-05, 2.2209930370106633e-05, 2.219495115886724e-05, 2.2194154993491462e-05, 2.218710826222534e-05, 2.2174233870862422e-05, 2.2172937994661703e-05, 2.216678343271323e-05, 2.2155501826056455e-05, 2.2153691093159848e-05, 2.2148223211908286e-05]
test_rres [1.0165199786764887, 1.003053106607712, 0.9773853161981663, 0.6782697662997358, 0.08604848574659121, 0.0509868236482783, 0.046155231624666795, 0.03468674373297986, 0.028922284744885295, 0.02767053718077646, 0.02586838611836693, 0.024816257473288885, 0.02428477276778458, 0.023394117085751627, 0.022817133421749954, 0.022691251447023917, 0.022423708416661484, 0.02225147350339288, 0.02224168180889996, 0.022223873834244356, 0.022223477927236335, 0.02221525508316475, 0.022200272280738877, 0.02219947592448667, 0.022192427503804086, 0.022179550025874097, 0.02217825383899393, 0.022172097801521858, 0.022160813490159696, 0.022159002323149476, 0.02215353313100237]
step_times_seconds [1.241772174835205, 5.531322240829468, 5.800466775894165, 5.313216924667358, 7.504172086715698, 7.842836856842041, 5.145172834396362, 4.915524005889893, 5.188153982162476, 5.139324903488159, 4.967391014099121, 5.1480419635772705, 5.128101348876953, 4.97301721572876, 5.193634033203125, 5.182310104370117, 4.930493116378784, 5.153919219970703, 2.5283219814300537, 2.4186501502990723, 2.4737231731414795, 2.4841458797454834, 2.3851609230041504, 2.4663968086242676, 2.531588077545166, 2.4228930473327637, 2.474583864212036, 2.509611129760742, 2.3746259212493896, 2.449897050857544, 2.5178370475769043]
