date 2025-01-27T19:49:41.302964
sample_ratio 0.2
rank 16
seed 0
l2_regularization_strength 0
input_shape (1024, 1344, 33)
input_size 45416448
num_train_samples 9083289
num_test_samples 45416448
num_iterations 10
max_num_richardson_iterations 1024
num_richardson_iterations [4, 4, 4, 6, 6, 4, 4, 4, 4, 4, 4, 4, 4, 4, 4, 4, 4, 4, 4, 4, 2, 4, 4, 4, 4, 4, 2, 4, 2, 2]
train_mses [0.0010161263045490852, 0.000998049870009771, 0.0009410941420033741, 0.00046110699330316024, 6.947242361266281e-05, 4.134963521018585e-05, 3.7534078812142735e-05, 2.8686025587469456e-05, 2.4704128641035564e-05, 2.3769503015266276e-05, 2.2592095013944242e-05, 2.2115340675567042e-05, 2.1968723424845477e-05, 2.164023381136597e-05, 2.1399390791686876e-05, 2.128194205442108e-05, 2.1056203069927843e-05, 2.0880129028710066e-05, 2.0807595809936306e-05, 2.064187050440303e-05, 2.0510045860760487e-05, 2.0493296835465775e-05, 2.0397562352163376e-05, 2.032109134809036e-05, 2.0258344887575992e-05, 2.0167521660139922e-05, 2.0091155044834554e-05, 2.00812135023159e-05, 2.002473946218901e-05, 2.0008063104472754e-05, 1.9997842990259488e-05]
train_rres [1.01651858021926, 0.9984351672704296, 0.9414574514990531, 0.4612850037079795, 0.06949924344933993, 0.04136559824134737, 0.0375485688473426, 0.028697099830761456, 0.024713665672579148, 0.023778679234485574, 0.022600816694676815, 0.02212387830523553, 0.02197720445290841, 0.02164858802597796, 0.021407652028824976, 0.021290157950461408, 0.021064331819408703, 0.0208881898047882, 0.02081562858455746, 0.02064983930075199, 0.02051796376619146, 0.020501208274933718, 0.020405436833323645, 0.02032893630761121, 0.020266165623818947, 0.020175307334066066, 0.020098911237420566, 0.020088965856968344, 0.020032470015032135, 0.02001578721940617, 0.020005563159716706]
test_mses [0.0010162763318138244, 0.0010010307067202175, 0.0009475832140289972, 0.0004635022548473651, 6.989583369790083e-05, 4.181968386600996e-05, 3.793122287802983e-05, 2.90427400266394e-05, 2.5026544645356014e-05, 2.4077190425821206e-05, 2.2887847898296157e-05, 2.2406057944986586e-05, 2.225785926460124e-05, 2.1926803588533247e-05, 2.168168578923178e-05, 2.1563397078711285e-05, 2.1335000699855065e-05, 2.115519664213234e-05, 2.1082208723101498e-05, 2.091310076621677e-05, 2.0778202576383663e-05, 2.0761348581405274e-05, 2.0662963339881024e-05, 2.0585113778077854e-05, 2.0520966131172514e-05, 2.0428580808190867e-05, 2.034965528357178e-05, 2.0339528206760177e-05, 2.0281730216576365e-05, 2.0264808806307096e-05, 2.0254345732874912e-05]
test_rres [1.0165199786764887, 1.0012706985250914, 0.9478103920808557, 0.46361337705566225, 0.06991259085347032, 0.041829709913505694, 0.03794031668761875, 0.029049702869587864, 0.02503254462675407, 0.02408296280457822, 0.02289333513848761, 0.022411429678590992, 0.022263195468357717, 0.021932060423446507, 0.021686883858452174, 0.02156856678884045, 0.021340115653163266, 0.02116026848837095, 0.021087263070873472, 0.020918114571252627, 0.02078318404029368, 0.020766326004659347, 0.020667917175795043, 0.02059004894997216, 0.020525885924008558, 0.020433478452135515, 0.020354534005540333, 0.020344404500815753, 0.020286592653870218, 0.020269667186782546, 0.020259201604883977]
step_times_seconds [1.2770698070526123, 5.745595932006836, 5.9381489753723145, 5.593961000442505, 7.8093907833099365, 8.230161905288696, 5.415849208831787, 5.167962074279785, 5.422514915466309, 5.371187925338745, 5.165432929992676, 5.442551136016846, 5.357867956161499, 5.174586296081543, 5.374972820281982, 5.383203744888306, 5.194071054458618, 5.38732385635376, 5.412566661834717, 5.134621858596802, 5.352771997451782, 2.58894681930542, 5.15714693069458, 5.39736795425415, 5.374608278274536, 5.1534647941589355, 5.375400066375732, 2.5885009765625, 5.187931060791016, 2.551407814025879, 2.6018481254577637]
