date 2025-01-27T19:49:41.302964
sample_ratio 0.6
rank 16
seed 0
l2_regularization_strength 0
input_shape (1024, 1344, 33)
input_size 45416448
num_train_samples 27249868
num_test_samples 45416448
num_iterations 10
max_num_richardson_iterations 1024
num_richardson_iterations [4, 4, 4, 4, 4, 4, 4, 4, 3, 4, 4, 2, 4, 4, 3, 4, 3, 2, 3, 3, 2, 3, 3, 2, 3, 3, 2, 3, 3, 2]
train_mses [0.0010162045198280568, 0.0009993172021776418, 0.0008745515820170421, 0.00018351132286680458, 4.9164448519526524e-05, 2.8633840963411333e-05, 2.7298685770380276e-05, 2.3223241882226682e-05, 2.210197236846084e-05, 2.2007694066074716e-05, 2.151446565218074e-05, 2.124821880719003e-05, 2.1227597123431672e-05, 2.1036446107991178e-05, 2.089536726867214e-05, 2.0869603390699594e-05, 2.073117201178192e-05, 2.0619320102980862e-05, 2.060579335907786e-05, 2.050212759495092e-05, 2.0413718151864683e-05, 2.0397998936504422e-05, 2.0313209636558262e-05, 2.0240963192006726e-05, 2.0225898536026813e-05, 2.015667934217065e-05, 2.0098257747519687e-05, 2.0084229677720066e-05, 2.002829214085636e-05, 1.9981335767607715e-05, 1.996769344447496e-05]
train_rres [1.016508593877586, 0.9996162231153579, 0.8748132699311157, 0.18356623408791192, 0.04917915976383071, 0.028642408931576633, 0.027306854226401736, 0.02323019086253974, 0.022108585836625495, 0.02201427932379095, 0.021520903323502472, 0.021254576810733526, 0.02123394895644673, 0.021042740743796223, 0.020901619690126494, 0.02087584810295117, 0.0207373753018698, 0.020625489924153587, 0.020611959132707282, 0.02050826234916636, 0.02041982645174258, 0.020404102532796207, 0.020319287861750735, 0.020247019799238906, 0.020231950635533572, 0.020162710729546954, 0.02010427165367984, 0.020090239386327553, 0.0200342851115405, 0.019987314687759425, 0.01997366828249915]
test_mses [0.0010162763318138244, 0.0009998431698268928, 0.000875538613084117, 0.00018366783344357234, 4.9238725692942186e-05, 2.8698666495584734e-05, 2.73599680685624e-05, 2.3278492317616805e-05, 2.2151162428691948e-05, 2.2056113558922814e-05, 2.1563171578736814e-05, 2.1295538233745705e-05, 2.1274880043290387e-05, 2.1083926151277802e-05, 2.0942409868733385e-05, 2.091666286388568e-05, 2.077799119645648e-05, 2.0665757919037287e-05, 2.065224290653453e-05, 2.054796338974129e-05, 2.045927910645471e-05, 2.0443545519852158e-05, 2.0358051710174148e-05, 2.028558381240941e-05, 2.0270474623266976e-05, 2.0200640747793456e-05, 2.014202086196201e-05, 2.0127932562184507e-05, 2.007156056636237e-05, 2.002440182305754e-05, 2.0010701035957637e-05]
test_rres [1.0165199786764887, 1.0000828769260925, 0.8757485188248505, 0.18371186683290747, 0.04925053041638316, 0.028705546848728267, 0.027366527475855294, 0.023284073212736754, 0.022156473052447674, 0.022061401395215927, 0.021568341234803556, 0.02130064372613687, 0.02127998058298991, 0.021088980910794076, 0.02094743070047118, 0.020921677522915565, 0.02078297260968928, 0.020670712424936843, 0.020657194172281488, 0.020552889655026947, 0.020464184110153615, 0.02044844675150709, 0.020362932445141462, 0.020290447173582433, 0.020275334362092005, 0.02020548374431707, 0.020146849804678776, 0.020132758127306093, 0.020076372616596817, 0.020029202567233298, 0.020015498495442322]
step_times_seconds [1.4267520904541016, 6.565851926803589, 6.892467021942139, 6.411948919296265, 6.112147092819214, 6.338965892791748, 6.313401937484741, 6.11380410194397, 6.365257978439331, 4.6773200035095215, 6.064769744873047, 6.3511388301849365, 3.073316812515259, 5.996954917907715, 6.365041971206665, 4.691473007202148, 6.106357097625732, 4.707205057144165, 3.084311008453369, 4.486446142196655, 4.675234079360962, 3.0906739234924316, 4.477576017379761, 4.70925498008728, 3.0998880863189697, 4.469856023788452, 4.710470199584961, 3.084069013595581, 4.453821897506714, 4.7117393016815186, 3.0949039459228516]
