date 2025-01-27T19:49:41.302964
sample_ratio 0.4
rank 16
seed 0
l2_regularization_strength 0
input_shape (1024, 1344, 33)
input_size 45416448
num_train_samples 18166579
num_test_samples 45416448
num_iterations 10
max_num_richardson_iterations 1024
num_richardson_iterations [7, 9, 12, 13, 11, 9, 10, 8, 6, 8, 7, 5, 7, 6, 5, 6, 6, 5, 6, 6, 5, 6, 6, 5, 6, 6, 4, 6, 5, 4]
train_mses [0.001016055593368369, 0.0009989000717949908, 0.0009110114640521993, 0.00029577038650053594, 5.7458629158388756e-05, 3.297393217434646e-05, 2.9827613352007714e-05, 2.4186963514793e-05, 2.2780768063307178e-05, 2.2678850443330062e-05, 2.2096566103067706e-05, 2.1761974854277544e-05, 2.171767265004024e-05, 2.1463600737551624e-05, 2.127428368059918e-05, 2.1243766249788825e-05, 2.1083069753294135e-05, 2.0954742505181037e-05, 2.0929244175214467e-05, 2.080637008232282e-05, 2.070607676627485e-05, 2.0680580053120115e-05, 2.0579589894235266e-05, 2.0496630349351043e-05, 2.047160055795147e-05, 2.038696380521589e-05, 2.0318460544764608e-05, 2.029770180394052e-05, 2.0230312620590355e-05, 2.017582343820741e-05, 2.01590885762632e-05]
train_rres [1.0165168448206106, 0.9993535352784526, 0.9114250293763266, 0.2959046552562948, 0.05748471323913797, 0.03298890111325177, 0.029841153979179403, 0.024197943496714586, 0.022791109684790256, 0.02268914579800399, 0.02210659712230633, 0.021771853981532682, 0.021727531665742254, 0.021473344414054314, 0.02128394141419872, 0.021253410129609723, 0.02109264068288193, 0.020964255178970687, 0.020938745273710594, 0.02081581540055047, 0.020715476555066926, 0.02068996826735264, 0.020588932262691487, 0.020505935057259155, 0.020480893903265147, 0.02039621872859147, 0.020327684370207582, 0.020306916205687173, 0.020239496430153978, 0.020184982511708686, 0.020168240052759523]
test_mses [0.0010162763318138244, 0.0010001292555847406, 0.000913410231178008, 0.00029620226721471316, 5.761155209239761e-05, 3.311814150556914e-05, 2.9955006132286357e-05, 2.4294647292138334e-05, 2.2884254401372476e-05, 2.278173113605603e-05, 2.219643655434677e-05, 2.185844139731433e-05, 2.1813681583620814e-05, 2.1558860699504797e-05, 2.136687907040713e-05, 2.1336022510699356e-05, 2.117493455124967e-05, 2.104436488552002e-05, 2.101856614896073e-05, 2.0895287860161308e-05, 2.079290989859654e-05, 2.0767163489293365e-05, 2.0665791848853933e-05, 2.058091448462937e-05, 2.0555778268735362e-05, 2.0470880207426937e-05, 2.040078613887482e-05, 2.0380099304274613e-05, 2.0312593131974127e-05, 2.0256957450226186e-05, 2.024039481206576e-05]
test_rres [1.0165199786764887, 1.0003690312714841, 0.9136292164383993, 0.29627328013793264, 0.0576253641565785, 0.033126081404416044, 0.029962187686197184, 0.02430047180502618, 0.022889740780042092, 0.02278719293531633, 0.0222017580323341, 0.021863681842754674, 0.021818911298133126, 0.0215640293220611, 0.021372001666385664, 0.02134113770898129, 0.02118001112954735, 0.021049410160432568, 0.02102360523876296, 0.020900297394647372, 0.020797894888509087, 0.02077214230664078, 0.020670746362887984, 0.020585848649765332, 0.020560706407596826, 0.020475787992428295, 0.020405677119194856, 0.020384985325035725, 0.020317462968488322, 0.02026181394838064, 0.020245247339415524]
step_times_seconds [1.349571943283081, 11.006876945495605, 14.641538858413696, 18.046298027038574, 18.82064414024353, 16.429707050323486, 13.377264976501465, 14.216694116592407, 11.921467065811157, 8.832494020462036, 11.346708297729492, 10.343281030654907, 7.290187120437622, 9.919697284698486, 8.861801862716675, 7.3380889892578125, 8.487650632858276, 8.806846857070923, 7.308841943740845, 8.523335933685303, 8.883079051971436, 7.345250606536865, 8.515975952148438, 8.83716607093811, 7.266995906829834, 8.450024127960205, 8.855730056762695, 5.789947748184204, 8.517839908599854, 7.342229604721069, 5.807248115539551]
