date 2025-01-27T19:49:41.302964
sample_ratio 0.3
rank 16
seed 0
l2_regularization_strength 0
input_shape (1024, 1344, 33)
input_size 45416448
num_train_samples 13624934
num_test_samples 45416448
num_iterations 10
max_num_richardson_iterations 1024
num_richardson_iterations [2, 2, 2, 4, 9, 10, 6, 6, 5, 6, 5, 3, 4, 3, 3, 3, 2, 2, 2, 2, 2, 2, 2, 2, 2, 2, 2, 2, 2, 2]
train_mses [0.0010162476461319314, 0.0010073106470419595, 0.00100256674814346, 0.0010004640894035511, 0.0009416604436924843, 0.0003496793052913251, 7.341466019745175e-05, 5.581107543147509e-05, 4.2330345657718576e-05, 3.8388756799857014e-05, 2.9606968525151698e-05, 2.6939365186922563e-05, 2.622841368577978e-05, 2.5042167580951894e-05, 2.449365386082908e-05, 2.4096287594860027e-05, 2.373254876594464e-05, 2.3537458630526597e-05, 2.341292606275335e-05, 2.3305578541859613e-05, 2.3172124938523297e-05, 2.308303587622256e-05, 2.299236694118627e-05, 2.2896772240694967e-05, 2.283096908004807e-05, 2.27556168902901e-05, 2.268366997814084e-05, 2.2633356207212064e-05, 2.2570333359819582e-05, 2.2513498486656575e-05, 2.247352278978414e-05]
train_rres [1.0165374919136125, 1.007597943886384, 1.0028526919721215, 1.0007494335292086, 0.9419290163267424, 0.34977903794208753, 0.07343559892203602, 0.0558269934066325, 0.04234241877018549, 0.03839970572482109, 0.029615412780809307, 0.02694704861073202, 0.02623589433785897, 0.02504930990168948, 0.02450063973900212, 0.02410316013950023, 0.02373931756799258, 0.023544171790573283, 0.023419603704646966, 0.023312225566977658, 0.023178733901104004, 0.023089619429554845, 0.022998924634671843, 0.02290330266944758, 0.022837480740965296, 0.022762107059876524, 0.022690139627621685, 0.022639811506613657, 0.022576770684363832, 0.02251991960122651, 0.022479932502815138]
test_mses [0.0010162763318138244, 0.0010078461287253613, 0.0010036227763461944, 0.0010012873228767822, 0.0009431644295032287, 0.0003507090426870435, 7.352991891882458e-05, 5.598180472203543e-05, 4.257566593561173e-05, 3.86071496224007e-05, 2.9800922030954268e-05, 2.7127903829217008e-05, 2.6411732979511927e-05, 2.5220314248856438e-05, 2.4668802185630217e-05, 2.4267431816595122e-05, 2.3901105736658826e-05, 2.370489476442844e-05, 2.3578862935266772e-05, 2.3470552583394438e-05, 2.3336328307724605e-05, 2.3246078068971722e-05, 2.315461515485352e-05, 2.3058519709718866e-05, 2.2991816303284747e-05, 2.291583895683075e-05, 2.28435785604624e-05, 2.2792560096992963e-05, 2.2729060240510468e-05, 2.267203042465985e-05, 2.2631492659696852e-05]
test_rres [1.0165199786764887, 1.0080877544915285, 1.0038633895860192, 1.0015273762040193, 0.9433905481749237, 0.35079312332070944, 0.07354754732705931, 0.055995226062924536, 0.04258587322580074, 0.0386164054818431, 0.02980806664401869, 0.02713440760033883, 0.026418065052469384, 0.025226360685489644, 0.02467471640017016, 0.02427324980471699, 0.023906835900045144, 0.023710577887274393, 0.023584515842649856, 0.02347617952394488, 0.023341923068716557, 0.023251651192947403, 0.023160166351080442, 0.023064047867572275, 0.022997328469350098, 0.02292133290773009, 0.02284905518731481, 0.022798024492439235, 0.0227345094122028, 0.02267746592375618, 0.022636918440078944]
step_times_seconds [1.3181369304656982, 2.9202821254730225, 2.983234167098999, 2.839432954788208, 5.349586009979248, 12.92070484161377, 14.289328813552856, 8.121593952178955, 8.528698205947876, 7.027806043624878, 8.100252866744995, 7.080550909042358, 4.2488861083984375, 5.372580051422119, 4.103870868682861, 4.155918121337891, 3.976478099822998, 2.658957004547119, 2.710273027420044, 2.5888540744781494, 2.6344172954559326, 2.6838858127593994, 2.5782339572906494, 2.660727024078369, 2.6937551498413086, 2.559224843978882, 2.6679189205169678, 2.6947081089019775, 2.6072800159454346, 2.6678199768066406, 2.6897120475769043]
