date 2025-01-27T19:49:41.302964
sample_ratio 0.1
rank 16
seed 0
l2_regularization_strength 0
input_shape (1024, 1344, 33)
input_size 45416448
num_train_samples 4541644
num_test_samples 45416448
num_iterations 10
max_num_richardson_iterations 1024
num_richardson_iterations [20, 22, 34, 49, 39, 28, 34, 32, 22, 25, 24, 21, 23, 21, 15, 18, 15, 11, 14, 13, 9, 12, 11, 8, 10, 9, 7, 9, 8, 6]
train_mses [0.0010162743593017482, 0.0009968130184943998, 0.0009671862719767415, 0.0007024846335497445, 8.686299963495626e-05, 4.870651331182226e-05, 4.446411032654873e-05, 3.2487500334682e-05, 2.6941001984262416e-05, 2.6091534845531235e-05, 2.4704798358759574e-05, 2.3792403732297324e-05, 2.321879661984909e-05, 2.2439127759884828e-05, 2.1971995647235075e-05, 2.181244853524146e-05, 2.1547949605521992e-05, 2.1395240206340052e-05, 2.1334185950553684e-05, 2.121943045320309e-05, 2.1137707598779874e-05, 2.1102196150025566e-05, 2.1029817006142788e-05, 2.0977965972251534e-05, 2.0952477726176647e-05, 2.0902993950523067e-05, 2.0867675768381366e-05, 2.0849036869419474e-05, 2.0812380518885742e-05, 2.0784265517525e-05, 2.0769750576577938e-05]
train_rres [1.0164791184840383, 0.9970138566014471, 0.9673811408803592, 0.7026261703088099, 0.08688050081130072, 0.04871632671087797, 0.04447306896531432, 0.03249404592342217, 0.026946430063290363, 0.026096791773732524, 0.024709775886987334, 0.023797197431054306, 0.02322347474811841, 0.022443648800300104, 0.021976422569769158, 0.021816843312188194, 0.02155229109116597, 0.021399550924060567, 0.02133848436704926, 0.02122370574873572, 0.021141966428773754, 0.021106447825164912, 0.021034054098316244, 0.020982192617467234, 0.020956699236014904, 0.02090720549035928, 0.020871880192302444, 0.02085323753797107, 0.02081657380190774, 0.020788453135930317, 0.02077393527050975]
test_mses [0.0010162763318138244, 0.001002319325916882, 0.0009804242510614136, 0.0007113562497022256, 8.778249886791208e-05, 4.98456618006342e-05, 4.534604754524265e-05, 3.32979743330439e-05, 2.7695466836989078e-05, 2.6808082471441397e-05, 2.541854829720527e-05, 2.445599145310286e-05, 2.3873499658985106e-05, 2.306655661962377e-05, 2.2575930878336416e-05, 2.2414901576912796e-05, 2.2146317388988427e-05, 2.1986307037732132e-05, 2.192629951008655e-05, 2.1808865091648045e-05, 2.1723938914391807e-05, 2.1689396748233647e-05, 2.1614688782106383e-05, 2.156115580225212e-05, 2.1536426127427322e-05, 2.1485014047115842e-05, 2.1448679939593465e-05, 2.143059482819301e-05, 2.139229004670171e-05, 2.1363418094642968e-05, 2.134930192814242e-05]
test_rres [1.0165199786764887, 1.0025596266613768, 0.9806593025777905, 0.7115267935917671, 0.08780354425662816, 0.04985761203378925, 0.04535691901973512, 0.033305957345857784, 0.027702106678333026, 0.026814509567088255, 0.025424642259400606, 0.024461854647397915, 0.023879223203960655, 0.023072086704283724, 0.022581343338075995, 0.02242027543073107, 0.02215162685117157, 0.021991578138281877, 0.021931556224149676, 0.02181409365143194, 0.02172914711357495, 0.02169459666611558, 0.02161987078914951, 0.021566324975047138, 0.021541589371413906, 0.02149016496532874, 0.02145382214689671, 0.02143573269968668, 0.021397418734827093, 0.02136853986087091, 0.021354420310094283]
step_times_seconds [1.2507579326629639, 28.71037483215332, 32.64657211303711, 45.60851573944092, 62.7149932384491, 53.60898184776306, 37.410557985305786, 43.645973920822144, 43.48958706855774, 29.203556299209595, 31.991130828857422, 32.40695405006409, 28.11500597000122, 29.528910636901855, 28.338233709335327, 20.088161945343018, 23.03763699531555, 20.194005012512207, 14.64103388786316, 17.86302399635315, 17.584991931915283, 12.025825023651123, 15.326010704040527, 14.811076164245605, 10.731600999832153, 12.713815927505493, 12.212949991226196, 9.283631801605225, 11.533095836639404, 10.701995849609375, 7.993305683135986]
