date 2025-01-27T19:49:41.302964
sample_ratio 0.9
rank 16
seed 0
l2_regularization_strength 0
input_shape (1024, 1344, 33)
input_size 45416448
num_train_samples 40874803
num_test_samples 45416448
num_iterations 10
max_num_richardson_iterations 1024
num_richardson_iterations [2, 3, 3, 3, 3, 2, 2, 2, 2, 2, 2, 2, 2, 2, 2, 2, 2, 2, 2, 2, 2, 2, 2, 2, 2, 2, 2, 2, 2, 2]
train_mses [0.0010163408706207972, 0.0009998097733358437, 0.0008776630581032496, 0.00018170766594225167, 4.227177191980683e-05, 2.6467969243997286e-05, 2.55066128356818e-05, 2.3144206190263323e-05, 2.2508722347268276e-05, 2.2336912550073193e-05, 2.184876302795453e-05, 2.1570472917985095e-05, 2.1487726190071844e-05, 2.1242969226520932e-05, 2.1083209807480032e-05, 2.103514095185657e-05, 2.0879907350865918e-05, 2.077128432615453e-05, 2.0739214194828587e-05, 2.0626905979356157e-05, 2.054521049195672e-05, 2.052191948522293e-05, 2.0434568984956066e-05, 2.0369763493741788e-05, 2.0351812335502405e-05, 2.028104269800469e-05, 2.0227992716725122e-05, 2.0213546474704546e-05, 2.0154656176182902e-05, 2.011021260702157e-05, 2.0098213363841416e-05]
train_rres [1.0165127868673869, 0.9999788933117341, 0.8778115166992594, 0.1817384021851879, 0.042278922281044115, 0.026472446357984156, 0.02551092733416227, 0.023148121082573126, 0.02251252974611775, 0.022340690886925543, 0.021852458793264154, 0.021574121609923426, 0.02149136088522298, 0.021246562520504688, 0.021086776077814073, 0.02103869909124018, 0.020883439232151683, 0.020774797833621787, 0.020742722277564078, 0.020630395064915187, 0.020548685758548152, 0.020525390812090424, 0.020438025536298365, 0.02037320908309571, 0.02035525488837926, 0.020284473280044985, 0.02023141432524686, 0.02021696563961334, 0.0201580653796709, 0.020113614292784153, 0.02010161301990618]
test_mses [0.0010162763318138244, 0.0009998103227580048, 0.0008776892898941479, 0.00018169756022645887, 4.2267385809081785e-05, 2.6468883282141444e-05, 2.5508307892868323e-05, 2.3145471158409755e-05, 2.251041322194076e-05, 2.2338812015029403e-05, 2.1850287801596027e-05, 2.1572161160040916e-05, 2.1489596092265036e-05, 2.1244712981857173e-05, 2.1085026242790634e-05, 2.1037130356065327e-05, 2.08817415956604e-05, 2.0773151965494075e-05, 2.0741238770833936e-05, 2.0628734052299535e-05, 2.0547067614675938e-05, 2.0523915049701413e-05, 2.0436349161742663e-05, 2.037158116167324e-05, 2.0353750658946105e-05, 2.028276034473815e-05, 2.022975988826581e-05, 2.0215418935117254e-05, 2.0156309403332587e-05, 2.011192763432162e-05, 2.010002128723337e-05]
test_rres [1.0165199786764887, 1.0000500219822939, 0.8778997112482446, 0.18174112125323583, 0.042277519190744836, 0.026475229056580965, 0.02551442337445085, 0.02315102016241201, 0.022515809974169566, 0.022344167626778613, 0.021855526292255026, 0.021577332971312115, 0.021494748108998964, 0.021249806289163654, 0.021090081266048017, 0.02104217389653779, 0.02088674788250137, 0.020778132218546908, 0.02074621137286754, 0.020633679681923325, 0.02055199366520427, 0.02052883554952504, 0.02044124866810889, 0.020376465140254825, 0.02035863036275919, 0.020287623028999766, 0.020234609865948976, 0.02022026547463293, 0.020161141771651393, 0.0201167493623466, 0.020104840160774757]
step_times_seconds [1.505680799484253, 3.549859046936035, 5.68176794052124, 5.379803895950317, 5.127086162567139, 5.234338998794556, 3.3461837768554688, 3.187047243118286, 3.318392038345337, 3.3455801010131836, 3.1636061668395996, 3.3535590171813965, 3.3444230556488037, 3.1793980598449707, 3.365589141845703, 3.372999906539917, 3.172775983810425, 3.3292129039764404, 3.345587968826294, 3.174015998840332, 3.3308849334716797, 3.366713285446167, 3.166330099105835, 3.3192899227142334, 3.385728120803833, 3.1613099575042725, 3.335866928100586, 3.3623149394989014, 3.178891658782959, 3.3253750801086426, 3.374756097793579]
