date 2025-01-27T19:49:41.302964
sample_ratio 0.5
rank 16
seed 0
l2_regularization_strength 0
input_shape (1024, 1344, 33)
input_size 45416448
num_train_samples 22708224
num_test_samples 45416448
num_iterations 10
max_num_richardson_iterations 1024
num_richardson_iterations [6, 7, 10, 10, 9, 7, 8, 7, 5, 6, 6, 4, 6, 5, 4, 5, 5, 4, 5, 5, 3, 5, 5, 3, 5, 5, 3, 5, 5, 3]
train_mses [0.0010162049495591444, 0.000999200126646434, 0.0008940828294009661, 0.00023817131748753251, 5.384309979374395e-05, 2.996931077550178e-05, 2.7499524520944808e-05, 2.340359977644705e-05, 2.22635614797632e-05, 2.2167062579014273e-05, 2.1623867052772326e-05, 2.1329905844167304e-05, 2.129854315360185e-05, 2.1077127003505848e-05, 2.091925808846074e-05, 2.0898764320419e-05, 2.076732714348184e-05, 2.065984799917374e-05, 2.06461357185462e-05, 2.0543411274437507e-05, 2.0455954005376768e-05, 2.0446200612430402e-05, 2.0362849786369564e-05, 2.029018575350829e-05, 2.028161820160263e-05, 2.0211772156016386e-05, 2.0150574204894792e-05, 2.0143460853085088e-05, 2.0084644014543154e-05, 2.0033072155529194e-05, 2.002704285102673e-05]
train_rres [1.0165217883538324, 0.9995116635700795, 0.8943615921900488, 0.23824557604452415, 0.053859887335320406, 0.029978654796417897, 0.027508098496310203, 0.023410896698537177, 0.022270502953515885, 0.022173973965730464, 0.021630609078558037, 0.02133655621687156, 0.021305183747848438, 0.021083698563227317, 0.020925780426815217, 0.020905280269097094, 0.020773802111847116, 0.020666289457012866, 0.020652572901083903, 0.020549816428899508, 0.020462331891859285, 0.02045257545793849, 0.02036919864423089, 0.02029651195571871, 0.020287941732567625, 0.020218073909940334, 0.020156856878135183, 0.020149741308479747, 0.02009090613165257, 0.02003931819323882, 0.020033287008881736]
test_mses [0.0010162763318138244, 0.0009999589873121296, 0.0008955584989398504, 0.00023836923271696977, 5.3916091214502474e-05, 3.0042067316255168e-05, 2.756731165206783e-05, 2.346570902924101e-05, 2.2322645776095586e-05, 2.222631357520098e-05, 2.168037087058464e-05, 2.1384985881368876e-05, 2.1353654673503587e-05, 2.1131578850992866e-05, 2.097311591489437e-05, 2.095263738322415e-05, 2.0821270697736022e-05, 2.071343864503834e-05, 2.069971095897537e-05, 2.0597119024808363e-05, 2.0509375974394128e-05, 2.0499574529026053e-05, 2.041631092537334e-05, 2.0343382767985308e-05, 2.0334730766355023e-05, 2.0264906116782546e-05, 2.020344750556067e-05, 2.0196226316727855e-05, 2.013739767213571e-05, 2.0085565916691098e-05, 2.0079417443826053e-05]
test_rres [1.0165199786764887, 1.0001987221779574, 0.8957732043420804, 0.2384263804767759, 0.05392901731152973, 0.030049269742623286, 0.02757392076888562, 0.023471334808575023, 0.022327997512074718, 0.02223164221604566, 0.021685568624560256, 0.02139011281835934, 0.021358774099003074, 0.021136645034991262, 0.020978144108243942, 0.020957660666954325, 0.020826262486999803, 0.020718404582139166, 0.020704673604936247, 0.020602057074896925, 0.02051429298855153, 0.02050448919333889, 0.020421205627678633, 0.0203482599861515, 0.0203396059102497, 0.020269764520587666, 0.020208291174989578, 0.020201068254915022, 0.020142225506467222, 0.020090381324634036, 0.020084231377705215]
step_times_seconds [1.3859961032867432, 9.719252824783325, 11.698431015014648, 15.538982152938843, 14.855735063552856, 14.170196056365967, 10.826792001724243, 11.983772993087769, 10.881882190704346, 7.687621831893921, 8.95340609550476, 9.338926076889038, 6.110288143157959, 8.982972145080566, 7.715692043304443, 6.126177072525024, 7.60289192199707, 7.732953071594238, 6.1405720710754395, 7.466538906097412, 7.781677007675171, 4.599447011947632, 7.455648899078369, 7.790529727935791, 4.583178997039795, 7.416913032531738, 7.748814105987549, 4.587356805801392, 7.48934006690979, 7.75219988822937, 4.545508861541748]
