date 2025-01-27T19:49:41.302964
sample_ratio 0.8
rank 16
seed 0
l2_regularization_strength 0
input_shape (1024, 1344, 33)
input_size 45416448
num_train_samples 36333158
num_test_samples 45416448
num_iterations 10
max_num_richardson_iterations 1024
num_richardson_iterations [3, 4, 4, 4, 4, 4, 4, 4, 3, 4, 3, 3, 3, 3, 3, 3, 3, 3, 3, 3, 3, 3, 3, 2, 3, 3, 2, 3, 3, 2]
train_mses [0.0010162426101400419, 0.0009995098115254631, 0.0008315094531238815, 0.00012169047604727546, 4.3535084409407594e-05, 2.7274460253812184e-05, 2.6273373365319738e-05, 2.3378862267640917e-05, 2.2471269608852112e-05, 2.2257572725483365e-05, 2.166335698979888e-05, 2.1370295507321206e-05, 2.1275330016464238e-05, 2.1028017617777902e-05, 2.0887420408901243e-05, 2.082761454986769e-05, 2.0684319915969753e-05, 2.059016910917635e-05, 2.0555028926424585e-05, 2.0455647106773588e-05, 2.0384066666161317e-05, 2.036265191830265e-05, 2.028638362642893e-05, 2.0229063004473965e-05, 2.0214639945402242e-05, 2.0157255342281143e-05, 2.0111545218939018e-05, 2.0098494626693597e-05, 2.0050836537852165e-05, 2.001238095542453e-05, 2.0001102502219054e-05]
train_rres [1.0165027406840228, 0.9997656589268535, 0.831722296990305, 0.12172162550845297, 0.04354622821018576, 0.02728144177585409, 0.026280098636271322, 0.02338484662226122, 0.022477021644368992, 0.022263270060394347, 0.021668902221598826, 0.02137576572333054, 0.02128077592388372, 0.021033400219931338, 0.020892767021982717, 0.020832945854271406, 0.02068961454083387, 0.020595439633987637, 0.02056029045630222, 0.02046088319760099, 0.020389284434337445, 0.02036786420488417, 0.02029157639039641, 0.020234241095916965, 0.020219814344933328, 0.02016241505291031, 0.020116693229016436, 0.020103639296173377, 0.020055969008153866, 0.020017503582140182, 0.0200062222419566]
test_mses [0.0010162763318138244, 0.000999698011583642, 0.0008317931657162869, 0.00012172730727402412, 4.355887571470901e-05, 2.729370576088035e-05, 2.629043338689482e-05, 2.3394637756316863e-05, 2.248789589928063e-05, 2.2273825597532157e-05, 2.1678732591215472e-05, 2.1385805081740212e-05, 2.1290573889992045e-05, 2.1042852351580568e-05, 2.0902020971249938e-05, 2.084201676231731e-05, 2.0698586487436392e-05, 2.0604207399650047e-05, 2.0568932613898157e-05, 2.0469590418105933e-05, 2.0397796087085814e-05, 2.0376275954121824e-05, 2.0300157420456515e-05, 2.024261541341037e-05, 2.0228115229933688e-05, 2.0170925718795553e-05, 2.012499497706595e-05, 2.011186275536673e-05, 2.006443989566685e-05, 2.0025756608401903e-05, 2.0014393779884533e-05]
test_rres [1.0165199786764887, 0.9999376838819226, 0.8319925837179346, 0.12175649075059385, 0.04356931872422998, 0.027300249282136275, 0.026296736378918027, 0.02340024649668998, 0.022493287253100708, 0.022279165629132302, 0.0216839299524223, 0.021390932215129627, 0.021295678192208116, 0.02104789726387112, 0.02090703211996369, 0.02084701352534009, 0.020703548863811178, 0.020609147149138897, 0.020573863906444133, 0.02047449789388714, 0.020402686350556785, 0.020381161058255007, 0.0203050242755748, 0.020247468473137534, 0.020232964813318734, 0.0201757615912985, 0.020129819837917076, 0.020116684467837324, 0.020069250238758246, 0.02003055767738026, 0.020019192124684997]
step_times_seconds [1.4897658824920654, 5.18658185005188, 7.297978162765503, 6.874392747879028, 6.549104928970337, 6.760607004165649, 6.782262563705444, 6.5148820877075195, 6.792371034622192, 4.985180139541626, 6.51295804977417, 4.945513963699341, 4.994905948638916, 4.827316999435425, 5.07260799407959, 5.006758213043213, 4.80290412902832, 4.912143230438232, 4.9927239418029785, 4.853346824645996, 4.98298716545105, 5.001311779022217, 4.837943077087402, 4.977021932601929, 3.2510480880737305, 4.754549980163574, 4.998318910598755, 3.26413893699646, 4.81101393699646, 5.021105766296387, 3.2836179733276367]
