date 2025-01-27T19:49:41.302964
sample_ratio 0.1
rank 16
seed 0
l2_regularization_strength 0
input_shape (1024, 1344, 33)
input_size 45416448
num_train_samples 4541644
num_test_samples 45416448
num_iterations 10
max_num_richardson_iterations 1024
num_richardson_iterations [9, 7, 15, 34, 31, 19, 23, 21, 18, 19, 15, 11, 10, 7, 5, 5, 4, 4, 4, 4, 4, 5, 5, 4, 5, 4, 4, 4, 4, 2]
train_mses [0.0010162743593017482, 0.0010001200811989447, 0.0009913239621237773, 0.0009239428949821065, 0.00018855862278430153, 6.650837235282093e-05, 5.677833681408213e-05, 4.1285291820612016e-05, 3.3623063804558845e-05, 3.0017813007679097e-05, 2.5705134441528265e-05, 2.3980468352063665e-05, 2.3384621757109836e-05, 2.290501653380655e-05, 2.2686590891285272e-05, 2.2575297364014495e-05, 2.2456777935186575e-05, 2.2376772023177494e-05, 2.2308299986583118e-05, 2.222805253057376e-05, 2.2146614692451597e-05, 2.2078136011257288e-05, 2.1970594911634432e-05, 2.185613286765259e-05, 2.1779489224824357e-05, 2.1673979531805935e-05, 2.1593642733257613e-05, 2.1527889047385674e-05, 2.146020656948807e-05, 2.1391627380848437e-05, 2.137133735767468e-05]
train_rres [1.0164791184840383, 1.0003215856137158, 0.991523694294535, 0.9241290512005799, 0.18859661361725094, 0.06652177247436661, 0.05678977652591921, 0.04129360999032319, 0.03362983818687764, 0.030023861003271354, 0.025710313517690844, 0.023985299942121757, 0.023389333295864425, 0.022909631441594854, 0.0226911617906269, 0.022579845839911673, 0.022461302531763067, 0.022381280500145168, 0.022312794667789744, 0.022232531043505234, 0.022151076797269464, 0.02208258431897535, 0.021975021551948, 0.021860536446128263, 0.02178387736112195, 0.02167834640998728, 0.021597993425163053, 0.02153222649122397, 0.021464530376645773, 0.021395937370656076, 0.021375643259443966]
test_mses [0.0010162763318138244, 0.0010037640682905094, 0.000998012894672472, 0.0009317197799343519, 0.0001904388749926178, 6.768321356827841e-05, 5.7552040383384266e-05, 4.2228957272644795e-05, 3.461096711288076e-05, 3.082397859226356e-05, 2.6453360481438637e-05, 2.4665379365800775e-05, 2.4046368479017254e-05, 2.355877329327639e-05, 2.3325664481262888e-05, 2.3208192988726147e-05, 2.3087518720586014e-05, 2.3001184835243884e-05, 2.292808030268552e-05, 2.2845890952832994e-05, 2.2757730190002415e-05, 2.2684018067684015e-05, 2.2573126413110562e-05, 2.244897373881992e-05, 2.236635826744598e-05, 2.2257477034143395e-05, 2.2170347946657953e-05, 2.2099261931519724e-05, 2.202965922313946e-05, 2.1955339948061494e-05, 2.1933475063566297e-05]
test_rres [1.0165199786764887, 1.0040047154043288, 0.9982521629729069, 0.9319431548119878, 0.19048453170326698, 0.06769944025990224, 0.05756583817994842, 0.04223908144126997, 0.034619264908752646, 0.03083136847771472, 0.026459702534368988, 0.02467129275973781, 0.024052133468375928, 0.023564421384274316, 0.023331256685658983, 0.02321375702995469, 0.02309305383079854, 0.023006699247365106, 0.02293357718838263, 0.02285136813406921, 0.02276318623516314, 0.022689456440754204, 0.02257853820049447, 0.022454355761258375, 0.022371720483263167, 0.02226281314626214, 0.0221756631700399, 0.022104560112406413, 0.022034940717145818, 0.021960603624415664, 0.021938733497930327]
step_times_seconds [1.268476963043213, 12.839661836624146, 10.378674745559692, 20.128241062164307, 43.32446789741516, 41.92673206329346, 25.38844895362854, 29.38446617126465, 28.483882904052734, 23.93450379371643, 24.24598503112793, 20.21691608428955, 14.653959274291992, 12.906166076660156, 9.365823030471802, 6.639471054077148, 6.422313928604126, 5.282495975494385, 5.348499774932861, 5.053977727890015, 5.310307025909424, 5.27522611618042, 6.418661117553711, 6.696599006652832, 5.2324018478393555, 6.2976861000061035, 5.278977632522583, 5.282145023345947, 5.081187009811401, 5.311491966247559, 2.621994972229004]
