date 2025-01-27T19:49:41.302964
sample_ratio 0.9
rank 16
seed 0
l2_regularization_strength 0
input_shape (1024, 1344, 33)
input_size 45416448
num_train_samples 40874803
num_test_samples 45416448
num_iterations 10
max_num_richardson_iterations 1024
num_richardson_iterations [2, 3, 3, 3, 3, 2, 2, 2, 2, 2, 2, 2, 2, 2, 2, 2, 2, 2, 2, 2, 2, 2, 2, 2, 2, 2, 2, 2, 2, 2]
train_mses [0.0010163408706207972, 0.0009998097733358437, 0.0008776756329317034, 0.00018177920661376602, 4.2886436599121516e-05, 2.6830272230340764e-05, 2.5500956220520096e-05, 2.3125337419286488e-05, 2.248189999159922e-05, 2.230334034408299e-05, 2.180856160162254e-05, 2.1525660333841092e-05, 2.1441355349010745e-05, 2.1194011810407874e-05, 2.1033628095375518e-05, 2.0985422170118044e-05, 2.0830666351681982e-05, 2.072328522832941e-05, 2.069165008293037e-05, 2.0580958423683705e-05, 2.0501018897863576e-05, 2.0478331778623312e-05, 2.0392812396778786e-05, 2.032966002526628e-05, 2.031229802554239e-05, 2.0243149966778425e-05, 2.0191392660582028e-05, 2.017744357562926e-05, 2.0119795144644926e-05, 2.007622220607028e-05, 2.0064608338911966e-05]
train_rres [1.0165127868673869, 0.9999788933117341, 0.8778240936547725, 0.18180995495796085, 0.042893690932212764, 0.026834810628657862, 0.025505269762171934, 0.023129249119903054, 0.02248570285338948, 0.02230711300212441, 0.021812250566774345, 0.021529301445634325, 0.021444982200434275, 0.021197596823139285, 0.0210371859788562, 0.020988971899462677, 0.020834189903746716, 0.02072679061664592, 0.02069515012009392, 0.02058443973711476, 0.020504486689351717, 0.020481795732536386, 0.020396261884904284, 0.020333098831032164, 0.020315733894488635, 0.020246574139181645, 0.020194808078125466, 0.020180856633654945, 0.020123198451314384, 0.02007961814228336, 0.020068002310614407]
test_mses [0.0010162763318138244, 0.0009998103227580048, 0.0008777015571128185, 0.00018176956272620222, 4.287973115676646e-05, 2.683111618716445e-05, 2.550259951672571e-05, 2.3126565645560405e-05, 2.2483644685527488e-05, 2.2305243581172936e-05, 2.1810116994016562e-05, 2.152742249976831e-05, 2.14432621228124e-05, 2.1195794156941244e-05, 2.1035532547483763e-05, 2.098747072671843e-05, 2.0832550939106958e-05, 2.0725255903867733e-05, 2.0693754237597315e-05, 2.0582853739974014e-05, 2.0502993648056943e-05, 2.048042511734975e-05, 2.0394678072319463e-05, 2.0331608016185508e-05, 2.0314349656466526e-05, 2.0244970451731475e-05, 2.019330020433718e-05, 2.017944181843004e-05, 2.0121566272991503e-05, 2.0078084666093797e-05, 2.006655116277498e-05]
test_rres [1.0165199786764887, 1.0000500219822939, 0.8779119814079158, 0.18181314101519674, 0.04289001134498021, 0.02683754880502254, 0.025508713629755323, 0.02313211011706618, 0.022489035020141605, 0.022310591145068094, 0.021815345853937414, 0.0215325835851829, 0.021448403031222793, 0.0212008757362188, 0.021040575704890093, 0.020992502361558033, 0.020837545432748805, 0.020730224674093717, 0.020698715455465817, 0.02058778837003616, 0.02050790913208544, 0.020485335190692663, 0.020399567588262925, 0.020336482411417382, 0.020319219914098154, 0.02024982407606659, 0.020198141441004416, 0.02018427973262273, 0.020126390311829005, 0.020082898280446567, 0.020071362012031475]
step_times_seconds [1.5219221115112305, 3.510000228881836, 5.647660970687866, 5.4009950160980225, 5.062588214874268, 5.252875089645386, 3.367516040802002, 3.2239208221435547, 3.321934938430786, 3.3505327701568604, 3.190540075302124, 3.3152740001678467, 3.355318069458008, 3.1693551540374756, 3.3571760654449463, 3.3498902320861816, 3.1529572010040283, 3.3195221424102783, 3.348865032196045, 3.169544219970703, 3.3994266986846924, 3.394150972366333, 3.172130823135376, 3.3226912021636963, 3.3581321239471436, 3.166511058807373, 3.3582050800323486, 3.361664056777954, 3.143796920776367, 3.337819814682007, 3.3389382362365723]
