date 2025-01-27T19:49:41.302964
sample_ratio 0.7
rank 16
seed 0
l2_regularization_strength 0
input_shape (1024, 1344, 33)
input_size 45416448
num_train_samples 31791513
num_test_samples 45416448
num_iterations 10
max_num_richardson_iterations 1024
num_richardson_iterations [2, 2, 3, 4, 3, 2, 3, 2, 2, 2, 2, 2, 2, 2, 2, 2, 2, 2, 2, 2, 2, 2, 2, 2, 2, 2, 2, 2, 2, 2]
train_mses [0.0010161646925080229, 0.0010008757019966796, 0.0009763863842079186, 0.0006568491265097197, 6.317596367111052e-05, 3.401710693801025e-05, 3.137137161786157e-05, 2.565774220565781e-05, 2.4161438982618893e-05, 2.3636922862700672e-05, 2.3230705742293442e-05, 2.2767765702224035e-05, 2.2646623725332372e-05, 2.23364414741923e-05, 2.208952899642288e-05, 2.2040567921348162e-05, 2.1825503899580087e-05, 2.1656251876673263e-05, 2.162726622409061e-05, 2.1468811747978824e-05, 2.1340845169134987e-05, 2.1320005831857376e-05, 2.1196994870207095e-05, 2.1095449621045992e-05, 2.10793766466667e-05, 2.098018626933143e-05, 2.0896931393731723e-05, 2.0884293062013058e-05, 2.080200623525126e-05, 2.0732042959618492e-05, 2.072205093058465e-05]
train_rres [1.0165087751933026, 1.0012146076895394, 0.9767169975931559, 0.6570715416486627, 0.06319735563186782, 0.03402862544242884, 0.03138199425203374, 0.025666430152504836, 0.024169620267470306, 0.023644926541582952, 0.023238571872332876, 0.022775475076519752, 0.022654292079843586, 0.022344004798148246, 0.022097008713549138, 0.02204803105980532, 0.02183289421538688, 0.0216635848821927, 0.02163458941480222, 0.02147608128455146, 0.0213480713750503, 0.021327224981381943, 0.021204172367091774, 0.02110259273377792, 0.02108651431694208, 0.020987290352835256, 0.020904007286371047, 0.02089136467519734, 0.020809049985361254, 0.020739063019521647, 0.020729067607095124]
test_mses [0.0010162763318138244, 0.0010011878337173122, 0.0009768470687570334, 0.0006571059958568825, 6.322762079092374e-05, 3.406518164978478e-05, 3.141756220494114e-05, 2.5698104608033085e-05, 2.4200967859250856e-05, 2.3676024723876343e-05, 2.3269490768538452e-05, 2.280574004226956e-05, 2.2684394055195082e-05, 2.237382020835568e-05, 2.2126557769079107e-05, 2.207732162352686e-05, 2.1862019873753215e-05, 2.1692653806701773e-05, 2.1663342112204145e-05, 2.1504780188949676e-05, 2.1376777732157586e-05, 2.1355608838041402e-05, 2.123253641735532e-05, 2.113095748022667e-05, 2.111457925487946e-05, 2.1015319417636602e-05, 2.093200775926344e-05, 2.0919099967907454e-05, 2.0836718880548742e-05, 2.0766674514080946e-05, 2.075645125024938e-05]
test_rres [1.0165199786764887, 1.0014278631925508, 0.9770812626629176, 0.6572635335356775, 0.06324277927780095, 0.03407334859648543, 0.0314250943989165, 0.02570426559237185, 0.024206769912991317, 0.023681700925283135, 0.02327506950558473, 0.022811207597537835, 0.022689832518406287, 0.02237918421313364, 0.022131862493998136, 0.022082614544341024, 0.021867261177114312, 0.021697854505446208, 0.021668535783625223, 0.021509935845990282, 0.021381902701287793, 0.021360728732041475, 0.021237626805395014, 0.02113602351525472, 0.021119641363314814, 0.02102035772905221, 0.02093702609715064, 0.020924115211220107, 0.020841714373432456, 0.020771653214199142, 0.020761427499394275]
step_times_seconds [1.4466331005096436, 3.2253568172454834, 3.4141688346862793, 4.85591983795166, 6.399313926696777, 4.822468042373657, 3.148144245147705, 4.621320009231567, 3.1236729621887207, 3.171290159225464, 3.023742198944092, 3.1398751735687256, 3.153069019317627, 2.9687612056732178, 3.1595020294189453, 3.1522738933563232, 3.012066125869751, 3.135349988937378, 3.1749300956726074, 3.0019960403442383, 3.1651110649108887, 3.1787497997283936, 2.9970009326934814, 3.126645088195801, 3.1500179767608643, 2.972086191177368, 3.148728132247925, 3.168323040008545, 2.9689102172851562, 3.157465934753418, 3.20815110206604]
