date 2025-01-27T19:49:41.302964
sample_ratio 0.6
rank 16
seed 0
l2_regularization_strength 0
input_shape (1024, 1344, 33)
input_size 45416448
num_train_samples 27249868
num_test_samples 45416448
num_iterations 10
max_num_richardson_iterations 1024
num_richardson_iterations [2, 2, 3, 4, 4, 2, 3, 2, 2, 2, 2, 2, 2, 2, 2, 2, 2, 2, 2, 2, 2, 2, 2, 2, 2, 2, 2, 2, 2, 2]
train_mses [0.0010162045198280568, 0.0010020191178082554, 0.0009905562461401155, 0.0008388377060133776, 7.861928418960172e-05, 3.796438218886463e-05, 3.460629798780581e-05, 2.7740255738815333e-05, 2.6168584768877832e-05, 2.5141364368012774e-05, 2.468474820646343e-05, 2.3958868076169632e-05, 2.3681582160498755e-05, 2.3278316224245377e-05, 2.2879768552061912e-05, 2.2772865332330047e-05, 2.249718953946519e-05, 2.2263483575239774e-05, 2.220316951472074e-05, 2.2014678436360557e-05, 2.1865254692381617e-05, 2.182079341036445e-05, 2.1683412005859597e-05, 2.1577651028716403e-05, 2.154053607901125e-05, 2.1433082992710008e-05, 2.1351201019077827e-05, 2.1318715926360894e-05, 2.1229726192610822e-05, 2.1161919058012792e-05, 2.1133069726785776e-05]
train_rres [1.016508593877586, 1.0023189472273464, 0.9908526455785881, 0.8390887074340447, 0.07864280906441595, 0.03797574209054269, 0.03461665306590578, 0.027748556323720135, 0.02617641507014678, 0.025148887299002456, 0.024692134506368903, 0.023966037174413053, 0.023688668287795273, 0.023285281684192086, 0.022886614756482546, 0.02277967954860824, 0.022503921266585875, 0.022270145371635342, 0.022209813263626584, 0.022021265783976722, 0.021871797328640925, 0.021827322742685618, 0.021689900230195923, 0.021584107606698107, 0.02154698155126292, 0.021439496312285276, 0.021357589837499222, 0.021325095024422362, 0.021236078662697135, 0.021168251238492433, 0.021139393274817127]
test_mses [0.0010162763318138244, 0.001002365195076759, 0.0009911268269000406, 0.0008392586440714849, 7.868858985687057e-05, 3.805072164955165e-05, 3.468269043510566e-05, 2.780243437423808e-05, 2.622747756305462e-05, 2.519646472266587e-05, 2.473921672534569e-05, 2.4011763971273417e-05, 2.3733082276147454e-05, 2.3329472208030744e-05, 2.2930275927129153e-05, 2.282266010258036e-05, 2.2546807382574396e-05, 2.2312827569687226e-05, 2.2252044302149995e-05, 2.206346516263129e-05, 2.1913905642960946e-05, 2.1869092063180565e-05, 2.173167225406247e-05, 2.1625819826477817e-05, 2.158842595529695e-05, 2.1480959121269623e-05, 2.13989927440163e-05, 2.136628379599211e-05, 2.1277288233216272e-05, 2.1209387919713136e-05, 2.1180360534738275e-05]
test_rres [1.0165199786764887, 1.0026055068181416, 0.9913644443022342, 0.8394598518819895, 0.07870745502911351, 0.038059844108337515, 0.034691005426263806, 0.02780909986048198, 0.02623376546175283, 0.02520250544150161, 0.02474514782139822, 0.02401752066438482, 0.023738772156799905, 0.023335065325309143, 0.022935773339215586, 0.02282813171434339, 0.022552212860110266, 0.022318176951803423, 0.02225737911180005, 0.022068754761432417, 0.021919159385660133, 0.021874335062061583, 0.0217368823072728, 0.021631004502129816, 0.021593601665966584, 0.021486109067335547, 0.02140412303907783, 0.021371406249256757, 0.021282389350266565, 0.021214472758023246, 0.021185438413886728]
step_times_seconds [1.4297521114349365, 3.1475532054901123, 3.328658103942871, 4.840177059173584, 5.999989032745361, 6.354987144470215, 3.067451238632202, 4.45615291595459, 3.0690841674804688, 3.0601208209991455, 2.9032692909240723, 3.096525192260742, 3.0918569564819336, 2.897883176803589, 3.096193790435791, 3.0892090797424316, 2.892164945602417, 3.0616507530212402, 3.0701370239257812, 2.8991169929504395, 3.0449581146240234, 3.07568097114563, 2.8852651119232178, 3.06760311126709, 3.101222038269043, 2.8810858726501465, 3.0615148544311523, 3.0809309482574463, 2.9133949279785156, 3.053183078765869, 3.0874171257019043]
