date 2025-01-27T19:49:41.302964
sample_ratio 0.3
rank 16
seed 0
l2_regularization_strength 0
input_shape (1024, 1344, 33)
input_size 45416448
num_train_samples 13624934
num_test_samples 45416448
num_iterations 10
max_num_richardson_iterations 1024
num_richardson_iterations [2, 2, 2, 4, 4, 4, 4, 4, 4, 4, 4, 4, 4, 4, 2, 2, 2, 2, 2, 2, 2, 2, 2, 2, 2, 2, 2, 2, 2, 2]
train_mses [0.0010162476461319314, 0.0010073106470419595, 0.00100256674814346, 0.0010004640894035511, 0.000933811117644029, 0.00032444361415994745, 7.081667930957887e-05, 5.49888230553667e-05, 4.003649032881817e-05, 3.6065774762227173e-05, 2.830309789562235e-05, 2.581201738444594e-05, 2.4998048049990246e-05, 2.3900632773589845e-05, 2.3205605511754512e-05, 2.3023690975652722e-05, 2.2834814667474406e-05, 2.281718522805788e-05, 2.270490995664918e-05, 2.2578299401045897e-05, 2.2543973535126874e-05, 2.246400868956778e-05, 2.236763893604765e-05, 2.2326301763274053e-05, 2.2263530756655596e-05, 2.2184876031280892e-05, 2.2142676190734372e-05, 2.2090303228115696e-05, 2.2023531979101093e-05, 2.19833427315386e-05, 2.193803043090927e-05]
train_rres [1.0165374919136125, 1.007597943886384, 1.0028526919721215, 1.0007494335292086, 0.934077451558175, 0.32453614929477953, 0.07083687705945674, 0.055004506514475186, 0.04004790920676519, 0.036076061145391435, 0.028311170272040418, 0.025819379275402378, 0.025005177787318672, 0.023907449515173748, 0.0232122240233885, 0.023030257603121353, 0.0228413274251984, 0.022823692957658397, 0.02271138566402172, 0.0225847389975988, 0.02255040334153908, 0.022470415689065493, 0.022374018449758167, 0.02233266948713669, 0.02226988057748884, 0.02219120341886133, 0.022148991542423935, 0.022096603642420318, 0.022029813349460133, 0.02198961263945154, 0.021944287415221107]
test_mses [0.0010162763318138244, 0.0010078461287253613, 0.0010036227763461944, 0.0010012873228767822, 0.0009356582580089375, 0.00032551266537103455, 7.092431398058333e-05, 5.516413443693425e-05, 4.031258229567189e-05, 3.626528871562076e-05, 2.8505936310663255e-05, 2.6006401127138912e-05, 2.517950675406867e-05, 2.4084403842947176e-05, 2.3378668752427227e-05, 2.319377237150167e-05, 2.3003711227557127e-05, 2.298563471028262e-05, 2.287119068256781e-05, 2.2743863491554242e-05, 2.2708962842380678e-05, 2.2627226304302048e-05, 2.253039895459551e-05, 2.2488497031021133e-05, 2.2424183192050777e-05, 2.234522940364143e-05, 2.2302530111050963e-05, 2.2248759321049943e-05, 2.218179701812787e-05, 2.2141190589245734e-05, 2.209457678930499e-05]
test_rres [1.0165199786764887, 1.0080877544915285, 1.0038633895860192, 1.0015273762040193, 0.9358825771158115, 0.32559070530682005, 0.070941317708848, 0.055177359745707456, 0.04032224702355618, 0.03627398312632636, 0.02851277045776673, 0.026012636023933666, 0.025185543407321345, 0.024090177951082706, 0.023384273664316328, 0.023199332955463687, 0.02300922624536751, 0.022991145394343823, 0.022876673929280104, 0.022749316212247527, 0.022714407195828352, 0.022632651061848055, 0.022535800498297762, 0.02249388852895936, 0.022429559271087075, 0.022350586553925536, 0.022307877024406047, 0.022254093343143194, 0.022187114986364005, 0.02214649882230582, 0.02209987384695367]
step_times_seconds [1.3353080749511719, 2.880584955215454, 2.9568519592285156, 2.8762080669403076, 5.359661817550659, 5.573963165283203, 5.602123975753784, 5.37733006477356, 5.638235807418823, 5.62250018119812, 5.369753837585449, 5.587655067443848, 5.573434114456177, 5.357776880264282, 5.590532302856445, 2.710458993911743, 2.6074860095977783, 2.704669952392578, 2.7023818492889404, 2.5778677463531494, 2.682934045791626, 2.7483937740325928, 2.6151700019836426, 2.6642229557037354, 2.715428113937378, 2.594761848449707, 2.680269718170166, 2.7213399410247803, 2.596419095993042, 2.673779010772705, 2.7479021549224854]
