date 2025-01-27T19:49:41.302964
sample_ratio 0.2
rank 16
seed 0
l2_regularization_strength 0
input_shape (1024, 1344, 33)
input_size 45416448
num_train_samples 9083289
num_test_samples 45416448
num_iterations 10
max_num_richardson_iterations 1024
num_richardson_iterations [4, 4, 6, 8, 6, 4, 6, 6, 4, 4, 4, 4, 4, 4, 4, 4, 4, 4, 4, 4, 4, 4, 4, 4, 4, 4, 4, 4, 4, 4]
train_mses [0.0010161263045490852, 0.000998049870009771, 0.0009410941420033741, 0.000460850510279496, 6.91167223105694e-05, 3.982493992391863e-05, 3.673030172238553e-05, 2.847041182617547e-05, 2.4604827063155233e-05, 2.3671345348810517e-05, 2.244749985801893e-05, 2.196123982903406e-05, 2.183133109994022e-05, 2.151410108861188e-05, 2.1278480913914938e-05, 2.121151706291643e-05, 2.1005672271207574e-05, 2.082844190245651e-05, 2.0788580105233677e-05, 2.0628203337305862e-05, 2.0489223396281068e-05, 2.0462508571666546e-05, 2.0338998807224822e-05, 2.0233881412280006e-05, 2.0215378484974636e-05, 2.012290936389549e-05, 2.0044970536446423e-05, 2.0031785569322847e-05, 1.996257469504904e-05, 1.9904387978899046e-05, 1.9894436091708632e-05]
train_rres [1.01651858021926, 0.9984351672704296, 0.9414574514990531, 0.4610284216690162, 0.06914340482872022, 0.03984031434629938, 0.03674448145935264, 0.028481402831751518, 0.024614325759313896, 0.02368048367425202, 0.022456165717775863, 0.02196971796805402, 0.02183975908768121, 0.021522406609672563, 0.0212866954737816, 0.021219705771381145, 0.021013781513268104, 0.020836482724713945, 0.02079660553883997, 0.02063616685744348, 0.02049713326319737, 0.020470408125321905, 0.020346850679922212, 0.02024169270439567, 0.0202231826340332, 0.020130677815239823, 0.02005270889949796, 0.020039518842316396, 0.019970281249177064, 0.019912072070038984, 0.019902116340921438]
test_mses [0.0010162763318138244, 0.0010010307067202175, 0.0009475832140289972, 0.00046258581723273304, 6.952659975028056e-05, 4.027785679553938e-05, 3.713336992272926e-05, 2.8822370271874908e-05, 2.4921602081917956e-05, 2.397400666560827e-05, 2.274237110617129e-05, 2.2249251550521732e-05, 2.211731499777553e-05, 2.1798448153998124e-05, 2.155726447252674e-05, 2.1489236450766533e-05, 2.128082780538844e-05, 2.1100600240081954e-05, 2.1059962931573494e-05, 2.0896765352724025e-05, 2.0756044856042813e-05, 2.0728578767956658e-05, 2.0602638241985663e-05, 2.049616753355911e-05, 2.0476843950287298e-05, 2.0382556129400688e-05, 2.030334174496657e-05, 2.0289287970869845e-05, 2.0218821941392107e-05, 2.0159398736913806e-05, 2.0148579207847064e-05]
test_rres [1.0165199786764887, 1.0012706985250914, 0.9478103920808557, 0.4626967197299707, 0.06954326838396864, 0.04028751319816912, 0.03714227245130205, 0.028829280282342978, 0.024927576903892787, 0.023979754306605813, 0.022747823469073093, 0.022254585690624388, 0.022122617506789143, 0.021803674216376443, 0.021562432712396086, 0.021494388381278318, 0.021285929771032393, 0.02110565899712262, 0.021065011946034887, 0.020901775241431098, 0.020761021007756852, 0.020733548334821692, 0.02060757761527728, 0.020501081381062845, 0.02048175316506439, 0.0203874427391726, 0.020308209363509775, 0.02029415222009522, 0.020223669296760494, 0.020164231845883958, 0.020153409722892486]
step_times_seconds [1.2772247791290283, 5.739598989486694, 5.934201240539551, 8.291217803955078, 10.473987817764282, 8.188728094100952, 5.368789911270142, 7.776051044464111, 8.194286823272705, 5.3976829051971436, 5.160629987716675, 5.382321834564209, 5.414086103439331, 5.131201982498169, 5.382519721984863, 5.461889028549194, 5.171446800231934, 5.415068864822388, 5.3930559158325195, 5.18150782585144, 5.364110946655273, 5.346863746643066, 5.140721321105957, 5.360761880874634, 5.370060920715332, 5.1505022048950195, 5.368125915527344, 5.35962700843811, 5.164367914199829, 5.396327972412109, 5.417085409164429]
