date 2025-01-27T19:49:41.302964
sample_ratio 0.5
rank 16
seed 0
l2_regularization_strength 0
input_shape (1024, 1344, 33)
input_size 45416448
num_train_samples 22708224
num_test_samples 45416448
num_iterations 10
max_num_richardson_iterations 1024
num_richardson_iterations [3, 4, 4, 4, 4, 4, 4, 4, 2, 3, 2, 2, 2, 2, 2, 2, 2, 2, 2, 2, 2, 2, 2, 2, 2, 2, 2, 2, 2, 2]
train_mses [0.0010162049495591444, 0.0009991854475927269, 0.0008910382597779577, 0.00023047423110053188, 5.3623925883445696e-05, 3.0483065522380456e-05, 2.794252048995363e-05, 2.335249069044763e-05, 2.2105533096689174e-05, 2.2024602685672156e-05, 2.15172838367148e-05, 2.1306243205666634e-05, 2.125177810347866e-05, 2.1206733371319134e-05, 2.110645086570073e-05, 2.108253330943688e-05, 2.1019801721065305e-05, 2.095128998448782e-05, 2.0936441436939195e-05, 2.087590678786293e-05, 2.0821150058288575e-05, 2.0810063236255803e-05, 2.0755937002854796e-05, 2.070928530091964e-05, 2.0700262432601642e-05, 2.0652379430061082e-05, 2.0611430042070195e-05, 2.060378082606878e-05, 2.056116977222532e-05, 2.0524594776126617e-05, 2.0517965872532393e-05]
train_rres [1.0165217883538324, 0.9994969799396441, 0.8913160733119023, 0.23054608981133645, 0.053640645089596706, 0.030492569724994995, 0.027951232585398965, 0.02335977167742426, 0.022112425299354917, 0.022031469655343423, 0.02152399263131253, 0.02131288620068407, 0.021258404117022685, 0.02121334534053219, 0.021113031568201077, 0.021089106554770545, 0.021026355407548304, 0.02095782230994906, 0.02094296913282654, 0.020882415609875218, 0.020827641807902027, 0.020816551529149886, 0.02076240841993012, 0.020715742172632813, 0.020706716491107967, 0.020658818559302582, 0.020617856403852986, 0.020610204802930715, 0.02056758046354387, 0.020530994063861982, 0.020524363093466346]
test_mses [0.0010162763318138244, 0.0009999655923551823, 0.0008925434074773273, 0.00023069301355893346, 5.370078205372867e-05, 3.055996800732059e-05, 2.8015740394056657e-05, 2.3416824039624176e-05, 2.216656196742901e-05, 2.2085593157263256e-05, 2.157610849299202e-05, 2.1364341261432793e-05, 2.1309921013842824e-05, 2.1264587793660897e-05, 2.1163749744800525e-05, 2.113985851529166e-05, 2.10768378772793e-05, 2.1007889182246487e-05, 2.09930627460904e-05, 2.093227692976775e-05, 2.0877156888427702e-05, 2.0866086362081545e-05, 2.0811752521646906e-05, 2.0764787926556235e-05, 2.0755772001299324e-05, 2.0707719784026815e-05, 2.0666495140421856e-05, 2.0658841456331216e-05, 2.061609175764587e-05, 2.0579271289254317e-05, 2.057262601831515e-05]
test_rres [1.0165199786764887, 1.0002053288045343, 0.8927573900273639, 0.23074832098589268, 0.05371365653152611, 0.030567294597633694, 0.028022457019287947, 0.023422438099041095, 0.02217187628314251, 0.02209088806113378, 0.02158128125061537, 0.021369463248985077, 0.021315029954429264, 0.021269685865848136, 0.021168823641600155, 0.021144926684295674, 0.021081890937419464, 0.021012925712302555, 0.020998095721587007, 0.020937295332187154, 0.020882162076109417, 0.02087108889566326, 0.020816742028978433, 0.020769766174375075, 0.020760748087597883, 0.020712684350061038, 0.020671449823066332, 0.020663794304045507, 0.020621034356346542, 0.0205842050604429, 0.020577558196335256]
step_times_seconds [1.3798730373382568, 4.69067907333374, 6.622711896896362, 6.237659931182861, 5.883953332901001, 6.151525020599365, 6.090461015701294, 5.915679931640625, 6.145987033843994, 3.0193378925323486, 4.315730333328247, 2.9506609439849854, 2.873650074005127, 2.8757119178771973, 2.8617820739746094, 3.0198397636413574, 2.7894656658172607, 2.9926657676696777, 2.8829801082611084, 2.9024887084960938, 2.87093186378479, 3.0228989124298096, 2.809583902359009, 2.9499359130859375, 2.88063907623291, 2.9003818035125732, 2.848541259765625, 3.0239322185516357, 2.770189046859741, 2.9437198638916016, 2.878894090652466]
