date 2025-01-27T19:49:41.302964
sample_ratio 0.5
rank 16
seed 0
l2_regularization_strength 0
input_shape (1024, 1344, 33)
input_size 45416448
num_train_samples 22708224
num_test_samples 45416448
num_iterations 10
max_num_richardson_iterations 1024
num_richardson_iterations [2, 2, 2, 5, 4, 3, 3, 3, 2, 2, 2, 2, 2, 2, 2, 2, 2, 2, 2, 2, 2, 2, 2, 2, 2, 2, 2, 2, 2, 2]
train_mses [0.0010162049495591444, 0.0010034367058868237, 0.0009967475317342195, 0.0009523427683078241, 0.0001447775626134881, 6.335629182348697e-05, 5.081999977696098e-05, 3.6687816232968764e-05, 2.8966376255808008e-05, 2.6943029071816185e-05, 2.5328450701774745e-05, 2.4532214667047994e-05, 2.3810708496559798e-05, 2.307958306661215e-05, 2.267595277308324e-05, 2.234683588167812e-05, 2.201141137027322e-05, 2.1806042018248402e-05, 2.1643796298477748e-05, 2.1459774216833692e-05, 2.133668662988358e-05, 2.1250178602167345e-05, 2.1130436754529054e-05, 2.1044942877689516e-05, 2.099444874890452e-05, 2.0907191772342762e-05, 2.0841364824314485e-05, 2.080892096186623e-05, 2.0740466488126893e-05, 2.0686342212232372e-05, 2.066349633851603e-05]
train_rres [1.0165217883538324, 1.0037495637178913, 0.9970583039723394, 0.9526396957484663, 0.14482270227597077, 0.06337604544813323, 0.05083584475732874, 0.036699254991931746, 0.02897540757546784, 0.026951429539517176, 0.025336347766038353, 0.024539863475813894, 0.023818132349576842, 0.023086778964726898, 0.02268302282479687, 0.02235380331924956, 0.02201827422707289, 0.021812840843694958, 0.021650544537929504, 0.021466465080719064, 0.021343339116744013, 0.021256804117008754, 0.02113702493550125, 0.021051504402841054, 0.021000994530677802, 0.02091371034858502, 0.02084786287661531, 0.02081540889861479, 0.02074693308170747, 0.02069279193060451, 0.02066993893385743]
test_mses [0.0010162763318138244, 0.0010038667060384412, 0.0009974810140042614, 0.0009529091109735994, 0.0001449456467656084, 6.347230920986716e-05, 5.091186700442908e-05, 3.678157286752486e-05, 2.9048932560479204e-05, 2.7018707867583852e-05, 2.540339441774241e-05, 2.460271871871492e-05, 2.3876955396466506e-05, 2.3144799396416637e-05, 2.2737623943967774e-05, 2.2406426814661768e-05, 2.207027348752894e-05, 2.1862440199760532e-05, 2.1699346165459423e-05, 2.1514839194175103e-05, 2.1390099965181925e-05, 2.1303288394367167e-05, 2.118320134278525e-05, 2.109662153437222e-05, 2.1046043173830367e-05, 2.0958529270975007e-05, 2.0892001181672086e-05, 2.085955222563955e-05, 2.0790899673089e-05, 2.073632990562602e-05, 2.0713498568707843e-05]
test_rres [1.0165199786764887, 1.0041073777591167, 0.9977201547891259, 0.9531375658810146, 0.14498039671597698, 0.06348752635949557, 0.05092407285462916, 0.036790391054618746, 0.029055896888054825, 0.02702518545955279, 0.025409484746875488, 0.024608617090094015, 0.0238826797699368, 0.023150348239367513, 0.022743075168762606, 0.022411798636700724, 0.022075564718589864, 0.02186768160389256, 0.021704548468661388, 0.021519997262808885, 0.021395228128246874, 0.021308395744818253, 0.02118827990300237, 0.021101679337539286, 0.02105108885110364, 0.020963553967254033, 0.020897009928194408, 0.020864553192696693, 0.020795884181060636, 0.020741301330785215, 0.020718464520175055]
step_times_seconds [1.381911039352417, 3.0817270278930664, 3.144620180130005, 3.1527233123779297, 7.292261838912964, 6.107442140579224, 4.552298307418823, 4.4082770347595215, 4.513508081436157, 2.9699079990386963, 2.788498878479004, 2.958482265472412, 2.899470806121826, 2.8628029823303223, 2.854586124420166, 2.979457139968872, 2.8050708770751953, 2.950119972229004, 2.858942985534668, 2.856497287750244, 2.847788095474243, 2.992689847946167, 2.780089855194092, 2.970457077026367, 2.8912081718444824, 2.8865268230438232, 2.8370461463928223, 2.983546018600464, 2.784539222717285, 2.9631381034851074, 2.8934667110443115]
