date 2025-01-28T11:36:04.233235
sample_ratio 0.4
rank 16
seed 0
l2_regularization_strength 0
input_shape (100, 100, 100)
input_size 1000000
num_train_samples 400000
num_test_samples 1000000
num_iterations 10
max_num_richardson_iterations None
num_richardson_iterations None
train_mses [21.045985838180503, 20.99649782044698, 20.027660939386983, 8.817260746779152, 3.591365118370193, 1.7220309653770418, 0.8857103844288065, 0.433359393144397, 0.28387923282283706, 0.18967225479259076, 0.10986085214806587, 0.08475670477113346, 0.06154452174846614, 0.03750765977329703, 0.029901508663531445, 0.021861882442944503, 0.013885148302373083, 0.011220824793742975, 0.008273793256321365, 0.005396993689635521, 0.0043977255669275005, 0.0033326146679966734, 0.0022288593412842957, 0.0018161169439881585, 0.0013917276824680002, 0.0009407693558980347, 0.0007522424789055665, 0.0005733158249220218, 0.000385694647738704, 0.0003102679047552299, 0.0002343311061169326]
train_rres [1.000000046366253, 0.99764862313483, 0.9516143373840661, 0.4189521566438903, 0.17064371859326607, 0.08182230371442846, 0.04208453014774294, 0.02059107216785591, 0.013488522142320122, 0.009012277450215198, 0.005220038542580327, 0.004027214945057275, 0.0029242880364579653, 0.0017821765062837913, 0.0014207702257266865, 0.0010387673746761444, 0.0006597528408949933, 0.0005331575056776079, 0.00039312929807907985, 0.0002564381626677215, 0.00020895793642773615, 0.00015834919058396765, 0.00010590425470042245, 8.629279911896518e-05, 6.612794276770822e-05, 4.4700657253664554e-05, 3.574280243121486e-05, 2.7241102218383584e-05, 1.832628172362508e-05, 1.4742379925882047e-05, 1.113424283299084e-05]
test_mses [21.056763065298654, 21.044901081747796, 20.13891702432579, 8.936389235288004, 3.669174100256528, 1.7685282329883483, 0.9113998072160426, 0.44665529365839396, 0.29174576347480274, 0.1945020434474798, 0.11260444856616485, 0.0867447665425274, 0.06300157217871076, 0.038432749968117075, 0.030643558032727076, 0.022438312438823133, 0.014270570751268717, 0.01153727006699446, 0.008522164565689558, 0.005566721512644898, 0.004535691468766463, 0.003441089378908116, 0.002304445783534542, 0.0018778839856465333, 0.0014406477092594287, 0.0009751010912122611, 0.0007804894413663957, 0.0005957793597598704, 0.0004012608152543181, 0.000322963405097533, 0.00024437814778171553]
test_rres [1.0000031543154257, 0.9994398188715824, 0.9564138840509283, 0.42439654166055324, 0.1742521233016947, 0.08398887359846686, 0.04328313327324733, 0.021212030603419894, 0.013855248445748085, 0.009237063472914045, 0.005347678719987386, 0.004119580958093109, 0.0029919969517711886, 0.0018252031937648651, 0.0014552880040083337, 0.001065614080699632, 0.0006777212490303418, 0.0005479145309944042, 0.00040472466830997395, 0.000264368224811076, 0.0002154037523100039, 0.00016342019058286912, 0.00010944004286590192, 8.918226905348533e-05, 6.841755539771933e-05, 4.630836011996721e-05, 3.706609134822453e-05, 2.829405627010816e-05, 1.9056209148250973e-05, 1.5337800155914084e-05, 1.1605721063092122e-05]
step_times_seconds [0.021783828735351562, 0.03538203239440918, 0.03829503059387207, 0.03296494483947754, 0.029275178909301758, 0.03698897361755371, 0.029145240783691406, 0.036251068115234375, 0.028776884078979492, 0.028408050537109375, 0.027695894241333008, 0.02124810218811035, 0.03189492225646973, 0.02816295623779297, 0.028636932373046875, 0.03699088096618652, 0.028578758239746094, 0.028216123580932617, 0.0285031795501709, 0.029758930206298828, 0.028596878051757812, 0.026387929916381836, 0.03756523132324219, 0.02655816078186035, 0.02775883674621582, 0.04537391662597656, 0.0395052433013916, 0.021453857421875, 0.0371401309967041, 0.040181875228881836, 0.039121150970458984]
