date 2025-01-28T11:36:04.233235
sample_ratio 0.5
rank 16
seed 0
l2_regularization_strength 0
input_shape (100, 100, 100)
input_size 1000000
num_train_samples 500000
num_test_samples 1000000
num_iterations 10
max_num_richardson_iterations None
num_richardson_iterations None
train_mses [21.053038058674616, 21.006556060740692, 19.61643118631449, 5.979852308062816, 1.8341688705730128, 0.75841268721502, 0.33722160566903386, 0.1579373669144243, 0.10998499655594195, 0.06591244814793648, 0.03486995483195593, 0.026703176613419043, 0.016122536546164915, 0.00915537217348618, 0.007167787186782307, 0.004401730058682891, 0.002514502762374881, 0.001903476500365876, 0.0011506753574722906, 0.0006307501892358742, 0.00046915680067484883, 0.0002863972059200029, 0.00015617628433235947, 0.00011957445516233692, 7.400354199929977e-05, 4.0484461185351885e-05, 3.126285751494067e-05, 1.945202815331031e-05, 1.0702793998335305e-05, 8.260483390964964e-06, 5.152279435180575e-06]
train_rres [1.0000010092909246, 0.9977931547894394, 0.9317634314976108, 0.28403778717388306, 0.08712142716273023, 0.03602394345938915, 0.016017733169146692, 0.007501887655311553, 0.005224191741651413, 0.0031307839984459564, 0.0016562925468857537, 0.0012683776797567782, 0.0007658064728502048, 0.00043487222074098126, 0.0003404636614054603, 0.00020907835197188644, 0.0001194366957030998, 9.041347933834807e-05, 5.465607935688719e-05, 2.996008576474423e-05, 2.2284540258893427e-05, 1.3603618355693682e-05, 7.418237763329151e-06, 5.679682690664223e-06, 3.5151039239161457e-06, 1.9229767187577024e-06, 1.4849585594786682e-06, 9.239544303227456e-07, 5.083734124614005e-07, 3.923657813743542e-07, 2.4472879500669126e-07]
test_mses [21.056763065298654, 21.041500528192206, 19.69884481514147, 6.048772126051697, 1.8693204913123387, 0.7756020514797789, 0.344631056194339, 0.16126361082257182, 0.11199362178694879, 0.06703283705616064, 0.03549580227746844, 0.027165655723716695, 0.0164083717444447, 0.009323469273678744, 0.007298868163821001, 0.00448391610032483, 0.0025651461945163496, 0.001943385139301242, 0.001176104168327352, 0.0006469764965637491, 0.00048151657973629323, 0.00029432122112876043, 0.00016120417138496064, 0.000123376739822254, 7.645388602574921e-05, 4.2032545924620926e-05, 3.2430665003848666e-05, 2.0205200546226043e-05, 1.1176738600208192e-05, 8.616639517523732e-06, 5.381682229080344e-06]
test_rres [1.0000031543154257, 0.9992783237608922, 0.935514489592902, 0.2872612085261705, 0.08877558160016685, 0.03683398514615397, 0.016366814889860554, 0.007658542720871889, 0.005318670049278495, 0.0031834450666039186, 0.0016857251103766296, 0.0012901195368215203, 0.0007792471924930253, 0.00044277929394602596, 0.000346629306893895, 0.00021294489709104567, 0.00012182092175524881, 9.2292973204113e-05, 5.585416307737665e-05, 3.0725450788678285e-05, 2.286762201285371e-05, 1.397755906727034e-05, 7.655719892647171e-06, 5.8592637723474184e-06, 3.630858501296286e-06, 1.9961604914384196e-06, 1.5401591973004225e-06, 9.595617435188739e-07, 5.307925924087727e-07, 4.0921136218333887e-07, 2.5558055565874723e-07]
step_times_seconds [0.01802802085876465, 0.03815007209777832, 0.033601999282836914, 0.03707385063171387, 0.029059171676635742, 0.0367588996887207, 0.037529706954956055, 0.04565095901489258, 0.034149169921875, 0.028298139572143555, 0.03371167182922363, 0.03353381156921387, 0.028343915939331055, 0.024282217025756836, 0.030911922454833984, 0.038639068603515625, 0.04348301887512207, 0.0369112491607666, 0.028275012969970703, 0.030665159225463867, 0.030475139617919922, 0.029311180114746094, 0.02762293815612793, 0.021294832229614258, 0.03790998458862305, 0.03095722198486328, 0.02874588966369629, 0.04726076126098633, 0.028261184692382812, 0.031244993209838867, 0.02440810203552246]
