date 2025-01-28T11:36:04.233235
sample_ratio 1.0
rank 16
seed 0
l2_regularization_strength 0
input_shape (100, 100, 100)
input_size 1000000
num_train_samples 1000000
num_test_samples 1000000
num_iterations 10
max_num_richardson_iterations None
num_richardson_iterations None
train_mses [21.056763065298668, 21.025555710913768, 16.103255509805532, 0.009103916700371003, 0.00511394534061435, 4.700806090665736e-05, 3.103016065418585e-05, 9.776120134286865e-06, 3.190764198347719e-05, 1.16914643187266e-05, 8.51547231549318e-06, 1.172320924762752e-05, 3.1551513833781e-07, 2.646690503068969e-05, 2.5858693211448434e-05, 2.7651274424914162e-05, 9.769949428190476e-06, 1.0016156912151738e-05, 2.438633639055832e-05, 1.2823950930045018e-05, 1.248586674161197e-05, 6.138303333778603e-06, 1.4286122915265838e-05, 2.358319447552978e-05, 1.3621580184649956e-05, 1.7743422266858049e-06, 1.1017491521550399e-07, 2.726959355445412e-07, 3.1136471028479137e-07, 1.2735877537134274e-07, 1.1683162081172766e-06]
train_rres [1.0000031543154273, 0.9985210911547237, 0.7647569692746792, 0.00043235256001902345, 0.00024286550861365717, 2.23245182743107e-06, 1.4736480833674696e-06, 4.6427605899999034e-07, 1.5153203999729746e-06, 5.552373439847619e-07, 4.0440684779382494e-07, 5.567449370053984e-07, 1.4984075785705437e-08, 1.2569352864721106e-06, 1.2280508023827439e-06, 1.3131819719871772e-06, 4.639830070460121e-07, 4.7567560480255315e-07, 1.1581273549562787e-06, 6.090200730788049e-07, 5.929641743725892e-07, 2.915131198887544e-07, 6.784598342062936e-07, 1.119985478833113e-06, 6.469001483831468e-07, 8.42649849845616e-08, 5.232298164740546e-09, 1.2950556306678453e-08, 1.4786968512763862e-08, 6.048373945517738e-09, 5.548430638327764e-08]
test_mses [21.056763065298654, 21.02555571091377, 16.103255509805535, 0.009103916700371001, 0.005113945340614353, 4.7008060906657404e-05, 3.1030160654185856e-05, 9.776120134286863e-06, 3.190764198347719e-05, 1.1691464318726605e-05, 8.515472315493181e-06, 1.172320924762752e-05, 3.155151383378099e-07, 2.6466905030689694e-05, 2.585869321144844e-05, 2.7651274424914172e-05, 9.769949428190476e-06, 1.0016156912151736e-05, 2.4386336390558316e-05, 1.282395093004502e-05, 1.2485866741611981e-05, 6.1383033337786e-06, 1.4286122915265848e-05, 2.3583194475529784e-05, 1.3621580184649947e-05, 1.7743422266858057e-06, 1.1017491521550395e-07, 2.726959355445411e-07, 3.113647102847913e-07, 1.273587753713428e-07, 1.1683162081172758e-06]
test_rres [1.0000031543154257, 0.9985210911547231, 0.7647569692746787, 0.000432352560019023, 0.00024286550861365712, 2.232451827431071e-06, 1.4736480833674691e-06, 4.6427605899998996e-07, 1.5153203999729735e-06, 5.552373439847618e-07, 4.044068477938247e-07, 5.56744937005398e-07, 1.4984075785705424e-08, 1.2569352864721098e-06, 1.2280508023827435e-06, 1.3131819719871768e-06, 4.639830070460118e-07, 4.7567560480255273e-07, 1.1581273549562776e-06, 6.090200730788045e-07, 5.929641743725892e-07, 2.91513119888754e-07, 6.784598342062937e-07, 1.1199854788331123e-06, 6.469001483831459e-07, 8.426498498456159e-08, 5.2322981647405405e-09, 1.295055630667844e-08, 1.4786968512763849e-08, 6.0483739455177364e-09, 5.548430638327756e-08]
step_times_seconds [0.022240877151489258, 0.04010891914367676, 0.03707385063171387, 0.027124881744384766, 0.037420034408569336, 0.04159808158874512, 0.0414578914642334, 0.029745101928710938, 0.029898881912231445, 0.0400540828704834, 0.028536081314086914, 0.02937602996826172, 0.03874087333679199, 0.032887935638427734, 0.04191398620605469, 0.0296630859375, 0.03210806846618652, 0.031204938888549805, 0.031581878662109375, 0.03681612014770508, 0.04013705253601074, 0.022722959518432617, 0.04047226905822754, 0.030426979064941406, 0.046174049377441406, 0.028972148895263672, 0.03306436538696289, 0.02720189094543457, 0.045599937438964844, 0.045189857482910156, 0.03749799728393555]
