date 2025-01-28T11:36:04.233235
sample_ratio 0.1
rank 16
seed 0
l2_regularization_strength 0
input_shape (100, 100, 100)
input_size 1000000
num_train_samples 100000
num_test_samples 1000000
num_iterations 10
max_num_richardson_iterations None
num_richardson_iterations None
train_mses [21.125926365770585, 21.066210653274517, 20.822192526281167, 18.64086959370558, 15.599040576924521, 13.032740054757168, 10.989557759505496, 9.145662240314538, 7.670010741300285, 6.507416680851695, 5.466002755098952, 4.634641254376865, 3.9796267705816413, 3.3801474206900393, 2.901292847018059, 2.524229022716614, 2.167687722510249, 1.8832290129971716, 1.6599770459547494, 1.4402783332729916, 1.2657170556737056, 1.1296273932494487, 0.9894537889408813, 0.8788630390069305, 0.7935127375104482, 0.7010879310006783, 0.6288602418220771, 0.5738519223597394, 0.5110309073982595, 0.46248725794234297, 0.42609981803680935]
train_rres [1.0000039778363847, 0.9971773112561131, 0.9856266178837786, 0.8823728446880322, 0.7383866798205941, 0.6169098420214706, 0.5201950098611616, 0.43291349510149457, 0.36306295489960216, 0.3080311108550612, 0.2587353758280607, 0.21938255440153448, 0.18837718791512253, 0.16000059868807276, 0.13733383036812838, 0.11948536693645673, 0.10260834520040577, 0.08914338105548764, 0.07857566197719212, 0.06817613758221647, 0.05991321131081175, 0.05347135397350849, 0.046836181651628735, 0.041601325298770954, 0.03756123543344288, 0.033186271109498226, 0.029767345224877177, 0.027163504932904925, 0.02418984764727766, 0.021892015035626364, 0.020169601352135864]
test_mses [21.056763065298654, 21.053981048541257, 20.951659623863158, 18.99381909628584, 16.100088775226975, 13.632989772761448, 11.656587655329574, 9.82997886406202, 8.352657449490383, 7.176399082377288, 6.10050370844055, 5.232998772411407, 4.54132820805177, 3.897110811313178, 3.3778589134478345, 2.9638818151967716, 2.5673247473823313, 2.248240133031533, 1.9945507046752118, 1.7431143910615372, 1.5415577653076038, 1.3822174010144717, 1.2180961128161156, 1.0872775716793817, 0.9847312367901844, 0.874598894067505, 0.7874415599214001, 0.7198635719012002, 0.6440188763755023, 0.5844818967939026, 0.5389135722747074]
test_rres [1.0000031543154257, 0.9998710340306446, 0.9950117046496358, 0.9020322330588475, 0.764606578421269, 0.6474419991921025, 0.5535810222936798, 0.46683385477779105, 0.3966746346769588, 0.3408131485712678, 0.2897179843091413, 0.2485194548997, 0.21567144573695088, 0.1850770268889214, 0.16041732329918307, 0.14075720731736618, 0.1219243830389736, 0.10677078987487662, 0.09472286836927363, 0.08278194915280188, 0.07320985771110866, 0.06564265156414424, 0.0578483953729285, 0.0516357142797331, 0.046765703726131945, 0.04153542736440926, 0.03739625322840621, 0.03418691849006468, 0.03058499095122169, 0.027757530377372646, 0.02559345282591078]
step_times_seconds [0.02077007293701172, 0.03719019889831543, 0.02981090545654297, 0.039086103439331055, 0.027892112731933594, 0.029097795486450195, 0.030395030975341797, 0.0419917106628418, 0.027942895889282227, 0.032853126525878906, 0.028491973876953125, 0.03370189666748047, 0.021714210510253906, 0.028774738311767578, 0.038066864013671875, 0.027482271194458008, 0.03129887580871582, 0.04328584671020508, 0.02757406234741211, 0.028567075729370117, 0.027807950973510742, 0.03346729278564453, 0.02675461769104004, 0.030614852905273438, 0.02529001235961914, 0.03357410430908203, 0.036242008209228516, 0.028634071350097656, 0.03716897964477539, 0.02848219871520996, 0.03597378730773926]
