date 2025-01-28T11:36:04.233235
sample_ratio 0.6
rank 16
seed 0
l2_regularization_strength 0
input_shape (100, 100, 100)
input_size 1000000
num_train_samples 600000
num_test_samples 1000000
num_iterations 10
max_num_richardson_iterations None
num_richardson_iterations None
train_mses [21.051487559277096, 21.00799583338754, 19.31067686948137, 4.009200031522136, 0.8962538679053452, 0.36751395199810477, 0.1543180454893648, 0.06428069000616977, 0.04581295075505636, 0.021977086617070672, 0.010086726612475878, 0.007630597576626179, 0.003821471882806223, 0.0018426310968270448, 0.0013704343696775453, 0.0006884715932104034, 0.00032960663309281453, 0.0002354224836819961, 0.0001148415577057746, 5.3100486978511284e-05, 3.9900291137188414e-05, 1.9714718757346865e-05, 9.12357218248469e-06, 6.9682743392874305e-06, 3.4394801804477183e-06, 1.5686469157886037e-06, 1.2045324940715336e-06, 5.941728714860543e-07, 2.720421682353852e-07, 2.0815036112682575e-07, 1.1189863498476079e-07]
train_rres [1.000001817083913, 0.9979358440834203, 0.9173086654435352, 0.19044769664309139, 0.0425744496178781, 0.017457893118808895, 0.007330518827406893, 0.0030535042537290836, 0.002176237373821263, 0.001043970241504202, 0.0004791464219572195, 0.0003624737406596988, 0.00018153010878593388, 8.752989259565865e-05, 6.509928840006652e-05, 3.2704237279310916e-05, 1.5657194347316885e-05, 1.1183195999878704e-05, 5.455280348200974e-06, 2.522414785037424e-06, 1.8953702690612012e-06, 9.365017329598235e-07, 4.333940171729239e-07, 3.310116200389747e-07, 1.6338448390342322e-07, 7.451491310220485e-08, 5.721850674050488e-08, 2.8224796441341095e-08, 1.2922728704696563e-08, 9.887697426007755e-09, 5.315483668262581e-09]
test_mses [21.056763065298654, 21.037902067856383, 19.389294213854278, 4.053159858377438, 0.9113530407026559, 0.373665921052271, 0.1565423684547456, 0.06511998465894915, 0.04640764881777885, 0.02228653783975077, 0.010231315932040066, 0.007744743501807541, 0.0038848449870427263, 0.0018736101382766553, 0.0013943212714541621, 0.0007018708563292968, 0.00033645700258039214, 0.00024037357646250967, 0.00011767018480983168, 5.4526680764467306e-05, 4.089352503234282e-05, 2.0277626385280575e-05, 9.407152358435774e-06, 7.166384689334683e-06, 3.5519642638485166e-06, 1.6250514597690154e-06, 1.2442110430535837e-06, 6.164174427800702e-07, 2.832950686384866e-07, 2.1606655826443051e-07, 1.1618335091959683e-07]
test_rres [1.0000031543154257, 0.9991074298929532, 0.9208136746220784, 0.1924879256490136, 0.043280912292712095, 0.017745704719841278, 0.007434327002365067, 0.0030926021186627084, 0.0022039377590101204, 0.0010584061790223107, 0.00048589368523117886, 0.00036780429675512384, 0.00018449451271413143, 8.897930049475258e-05, 6.62174744170956e-05, 3.3332429494258116e-05, 1.5978622299568218e-05, 1.1415540647495079e-05, 5.588254738575215e-06, 2.58951732465838e-06, 1.9420674439183863e-06, 9.630013067263752e-07, 4.467534730950417e-07, 3.4033755673409404e-07, 1.6868573089079433e-07, 7.717504255779847e-08, 5.908861508434429e-08, 2.9274175961592695e-08, 1.3453917934203322e-08, 1.026118017933084e-08, 5.51764376311013e-09]
step_times_seconds [0.021733999252319336, 0.03762078285217285, 0.031477928161621094, 0.03716683387756348, 0.029136180877685547, 0.02341294288635254, 0.03321981430053711, 0.031210899353027344, 0.04034781455993652, 0.03433823585510254, 0.0220029354095459, 0.03139972686767578, 0.026380062103271484, 0.02875804901123047, 0.0257720947265625, 0.029393911361694336, 0.03774523735046387, 0.041261911392211914, 0.03365683555603027, 0.030860185623168945, 0.028432846069335938, 0.029133081436157227, 0.037461042404174805, 0.029062271118164062, 0.03474783897399902, 0.036779165267944336, 0.03533291816711426, 0.029664993286132812, 0.03726482391357422, 0.03697991371154785, 0.028871774673461914]
