date 2025-01-28T11:36:04.233235
sample_ratio 0.9
rank 16
seed 0
l2_regularization_strength 0
input_shape (100, 100, 100)
input_size 1000000
num_train_samples 900000
num_test_samples 1000000
num_iterations 10
max_num_richardson_iterations None
num_richardson_iterations None
train_mses [21.044558006892448, 21.010155089962574, 18.27543688583526, 0.37469743787916526, 0.055189800911786935, 0.029944018286596465, 0.004262903899782977, 0.0008817299008995435, 0.0004011445601590263, 6.092955850994819e-05, 1.3213857058041355e-05, 6.460998264460202e-06, 1.0309250855777688e-06, 1.2604517957815648e-07, 6.878354189482882e-08, 6.466911700349753e-07, 1.1342150073183169e-06, 9.694808432036145e-07, 8.581194035671113e-07, 1.1409258531333638e-07, 1.094484702645614e-07, 2.787598950465086e-06, 2.59382593307843e-06, 2.5811402117160215e-06, 3.2343064318833506e-06, 2.99165896776918e-06, 2.931454976781795e-06, 2.2102582253296383e-06, 1.8108805966382188e-06, 1.779315850212556e-06, 2.113880078267433e-06]
train_rres [1.0000033238149972, 0.9983685529033185, 0.8684191715511881, 0.017805015585568896, 0.002622529983019803, 0.0014228912674320042, 0.0002025662913657162, 4.189837730580178e-05, 1.906174001649022e-05, 2.8952739709987262e-06, 6.279010932009046e-07, 3.07016176700268e-07, 4.898789092383803e-08, 5.989462857225732e-09, 3.268482545276983e-09, 3.0729717359945596e-08, 5.389606077104079e-08, 4.6068160008922894e-08, 4.077644469967983e-08, 5.421494929882355e-09, 5.20081410192516e-09, 1.3246218880032052e-07, 1.2325440874673834e-07, 1.2265160380670374e-07, 1.5368900506536089e-07, 1.4215879043457706e-07, 1.3929799425750385e-07, 1.0502789229857792e-07, 8.60501140046376e-08, 8.45502083601141e-08, 1.0044815879342326e-07]
test_mses [21.056763065298654, 21.028911214652236, 18.302900352576223, 0.37645257172061636, 0.05523938811694301, 0.02998505712049874, 0.004271051533965445, 0.0008834060095201007, 0.0004023042553606251, 6.110616560571593e-05, 1.326041623037314e-05, 6.48953825639291e-06, 1.0361700452336301e-06, 1.2717971285598944e-07, 6.933397930471994e-08, 6.475422022733878e-07, 1.1347850460841115e-06, 9.710377161777864e-07, 8.599720712481811e-07, 1.143741741700894e-07, 1.0971895952359309e-07, 2.7885645991648363e-06, 2.59645774532395e-06, 2.584700749149567e-06, 3.239487537611636e-06, 2.9960714880072874e-06, 2.93679466439824e-06, 2.211471099007493e-06, 1.8122819977052723e-06, 1.781173576206301e-06, 2.114987829357445e-06]
test_rres [1.0000031543154257, 0.9986804468122085, 0.8692199284827515, 0.017878045072899293, 0.002623364388348527, 0.0014240152491548999, 0.00020283578216482182, 4.195368458683724e-05, 1.9105762984916676e-05, 2.9019825205014253e-06, 6.297481724416473e-07, 3.0819355787586695e-07, 4.9208575431443757e-08, 6.039870118048257e-09, 3.292728221852032e-09, 3.075231662234411e-08, 5.389188366868259e-08, 4.611538706712712e-08, 4.084078740899077e-08, 5.431724457725387e-09, 5.21064445050512e-09, 1.324312472211225e-07, 1.2330793329054546e-07, 1.2274958378434656e-07, 1.5384595181753311e-07, 1.4228592159539048e-07, 1.394708160445979e-07, 1.0502459793211947e-07, 8.606677619890051e-08, 8.458941144306054e-08, 1.0044252737884823e-07]
step_times_seconds [0.01771378517150879, 0.03556084632873535, 0.05435585975646973, 0.03326416015625, 0.03376412391662598, 0.030645132064819336, 0.031973838806152344, 0.029422760009765625, 0.03003072738647461, 0.03367304801940918, 0.030946969985961914, 0.031023740768432617, 0.042166948318481445, 0.03010416030883789, 0.029494047164916992, 0.027918100357055664, 0.030306100845336914, 0.025727033615112305, 0.03036332130432129, 0.02928304672241211, 0.026512861251831055, 0.04727292060852051, 0.04544806480407715, 0.03734707832336426, 0.046658992767333984, 0.04440617561340332, 0.02998495101928711, 0.02846503257751465, 0.029488086700439453, 0.029655933380126953, 0.0373692512512207]
