date 2025-01-28T11:36:04.233235
sample_ratio 0.8
rank 16
seed 0
l2_regularization_strength 0
input_shape (100, 100, 100)
input_size 1000000
num_train_samples 800000
num_test_samples 1000000
num_iterations 10
max_num_richardson_iterations None
num_richardson_iterations None
train_mses [21.061165638700185, 21.023312808559094, 18.784844918494244, 1.1868324431036206, 0.1486135725225978, 0.08767990453537378, 0.02846971696480582, 0.006698195182409986, 0.0035839622682195364, 0.0010066938954615115, 0.00027011276991936365, 0.0001477705362029509, 3.663363547071691e-05, 9.218025259263726e-06, 5.7262034346958036e-06, 1.4865299212034983e-06, 3.894993664340761e-07, 2.449130640119701e-07, 7.014231588138637e-08, 2.1603968089619476e-08, 1.503455174004772e-08, 1.3917258134219846e-08, 6.608440591428716e-09, 6.095901932926867e-09, 5.863162990734314e-09, 4.6530279943165605e-09, 4.59036555508328e-09, 5.467460337065707e-09, 5.303440326793652e-09, 5.2981506431466115e-09, 4.181062250570425e-09]
train_rres [1.0000025686291727, 0.9982052831407846, 0.8919208695304787, 0.05635184262808465, 0.007056302429086613, 0.004163118568870707, 0.001351767066521604, 0.0003180361667770884, 0.00017016966371053913, 4.779870680258079e-05, 1.2825190607806016e-05, 7.016274327149773e-06, 1.7393970588990903e-06, 4.3767990314904646e-07, 2.718851483066535e-07, 7.058174106071761e-08, 1.849377064856273e-08, 1.1628686526864342e-08, 3.330418517866711e-09, 1.0257753038371466e-09, 7.13853668697693e-10, 6.60803590895362e-10, 3.1377454028085093e-10, 2.894387564113295e-10, 2.7838810783825494e-10, 2.2092983959396732e-10, 2.1795457216267627e-10, 2.5959979968522107e-10, 2.5181198611438773e-10, 2.515608273074622e-10, 1.9852049320983992e-10]
test_mses [21.056763065298654, 21.032213507640225, 18.822321064687547, 1.1943670400716102, 0.14933956838840734, 0.08783746494653737, 0.028550285575770405, 0.00672096656295993, 0.0035963103704295457, 0.0010129233196678326, 0.00027163428223897913, 0.00014868871927004295, 3.698958038112347e-05, 9.312111405639547e-06, 5.78421947666759e-06, 1.508611058361284e-06, 3.9592106967083514e-07, 2.4860340835148566e-07, 7.149046671727062e-08, 2.2023578112403612e-08, 1.5275944665743385e-08, 1.4008661660848284e-08, 6.6396391394036536e-09, 6.114745425917483e-09, 5.877438937376081e-09, 4.665137616230263e-09, 4.604217040465239e-09, 5.462898496396094e-09, 5.301652653734179e-09, 5.299458985133562e-09, 4.180854659862897e-09]
test_rres [1.0000031543154257, 0.9988372754469905, 0.8938876492011412, 0.056721482014028095, 0.007092260049153641, 0.004171474112199314, 0.0013558767576877643, 0.00031918428023177786, 0.00017079176429797641, 4.8104569140390726e-05, 1.290013751006383e-05, 7.0613506843415145e-06, 1.7566658723004836e-06, 4.422398993662288e-07, 2.7469738363788116e-07, 7.164519125366431e-08, 1.880262019869753e-08, 1.1806382194362479e-08, 3.395141598879866e-09, 1.045918003323623e-09, 7.254672906523784e-10, 6.652829689512948e-10, 3.1532197338829866e-10, 2.903943352922263e-10, 2.791244531956756e-10, 2.21551257288635e-10, 2.1865808858370083e-10, 2.594375836001082e-10, 2.5177988470393287e-10, 2.516757055614247e-10, 1.9855225775358005e-10]
step_times_seconds [0.02274489402770996, 0.03301405906677246, 0.041451215744018555, 0.050520896911621094, 0.043813228607177734, 0.031106948852539062, 0.027640819549560547, 0.03814101219177246, 0.037873029708862305, 0.05188727378845215, 0.02917027473449707, 0.05074477195739746, 0.03193020820617676, 0.029757022857666016, 0.046202898025512695, 0.028157949447631836, 0.02809000015258789, 0.03779315948486328, 0.03371787071228027, 0.03476381301879883, 0.0332949161529541, 0.02913188934326172, 0.0314030647277832, 0.029736042022705078, 0.0395357608795166, 0.04251909255981445, 0.037858009338378906, 0.028696060180664062, 0.028242826461791992, 0.03197622299194336, 0.028973102569580078]
