date 2025-01-27T09:10:31.779173
sample_ratio 1.0
rank 16
seed 0
l2_regularization_strength 0
input_shape (256, 256, 14, 20)
input_size 18350080
num_train_samples 18350080
num_test_samples 18350080
num_iterations 10
max_num_richardson_iterations 1024
num_richardson_iterations [2, 2, 3, 3, 3, 3, 2, 2, 2, 2, 2, 2, 2, 2, 2, 2, 2, 2, 2, 2, 2, 2, 2, 2, 2, 2, 2, 2, 2, 2, 2, 2, 2, 2, 2, 2, 2, 2, 2, 2]
train_mses [22614.471529869348, 22611.5584532673, 22197.153232848155, 19434.525018020595, 7620.772710009484, 4852.299795859614, 3407.477709129163, 3137.6908309991713, 3129.577382591133, 2888.965843994811, 2681.1304709428223, 2638.3341587053064, 2638.1837138259334, 2546.1419816410016, 2461.317129393496, 2435.2334340240927, 2435.208838703666, 2396.193483717089, 2357.5745831480026, 2340.904512324039, 2340.895653284812, 2323.7470039696805, 2303.3851821811995, 2293.5235945554014, 2293.5188763223364, 2283.354351136555, 2270.2803919888997, 2263.643179692673, 2263.6389126049407, 2256.0638583613363, 2246.21126025127, 2241.0506990432127, 2241.046566594227, 2234.762362405182, 2226.582752687341, 2222.2035401721646, 2222.1996969384218, 2216.7096125761664, 2209.5564162137057, 2205.681245954542, 2205.6777783241064]
train_rres [0.9999999994115943, 0.9998711847012222, 0.9815464044989541, 0.8593844424317392, 0.33698654843469633, 0.21456613684717515, 0.15067686647567968, 0.13874703306723982, 0.1383882606593793, 0.12774854537189434, 0.11855817483172111, 0.11666574448437433, 0.11665909189118481, 0.1125890550561783, 0.10883814484430107, 0.10768473759710522, 0.10768365000501272, 0.1059584115924286, 0.10425070418501231, 0.1035135624484859, 0.10351317070644542, 0.10275486648154272, 0.10185447746517302, 0.10141840326344029, 0.10141819462566354, 0.10096872468486148, 0.10039060110931408, 0.10009710708343977, 0.10009691839507162, 0.0997619534930998, 0.09932627680300975, 0.09909807950915725, 0.09909789677444342, 0.09882001258081781, 0.09845831455474523, 0.09826466808784391, 0.09826449814207552, 0.09802172950820436, 0.09770541893915995, 0.09753406095488139, 0.09753390761809308]
test_mses [22614.471529869315, 22611.558453267393, 22197.153232848188, 19434.52501802059, 7620.772710009494, 4852.2997958596125, 3407.4777091291603, 3137.6908309991622, 3129.5773825911338, 2888.9658439947993, 2681.130470942824, 2638.3341587052983, 2638.183713825933, 2546.1419816410003, 2461.3171293934956, 2435.2334340241005, 2435.2088387036642, 2396.193483717087, 2357.574583148003, 2340.9045123240394, 2340.895653284812, 2323.747003969685, 2303.3851821811954, 2293.523594555403, 2293.518876322342, 2283.3543511365565, 2270.280391988894, 2263.6431796926727, 2263.6389126049435, 2256.0638583613413, 2246.2112602512734, 2241.0506990432127, 2241.0465665942224, 2234.76236240518, 2226.582752687338, 2222.203540172163, 2222.1996969384218, 2216.7096125761655, 2209.556416213709, 2205.681245954549, 2205.6777783241164]
test_rres [0.9999999994115928, 0.9998711847012265, 0.9815464044989557, 0.8593844424317391, 0.3369865484346968, 0.21456613684717507, 0.15067686647567957, 0.1387470330672394, 0.13838826065937934, 0.1277485453718938, 0.11855817483172118, 0.11666574448437399, 0.11665909189118479, 0.11258905505617825, 0.10883814484430106, 0.10768473759710556, 0.10768365000501262, 0.10595841159242853, 0.10425070418501232, 0.10351356244848592, 0.1035131707064454, 0.10275486648154293, 0.10185447746517283, 0.10141840326344036, 0.10141819462566377, 0.10096872468486154, 0.10039060110931382, 0.10009710708343976, 0.10009691839507173, 0.09976195349310002, 0.09932627680300991, 0.09909807950915725, 0.09909789677444322, 0.0988200125808177, 0.0984583145547451, 0.09826466808784383, 0.09826449814207552, 0.09802172950820431, 0.0977054189391601, 0.09753406095488168, 0.09753390761809351]
step_times_seconds [0.62654709815979, 1.812021017074585, 1.5753889083862305, 2.668789863586426, 2.637582778930664, 2.2568283081054688, 2.416743040084839, 1.6688482761383057, 1.6137959957122803, 1.453969955444336, 1.4746878147125244, 1.6679999828338623, 2.6463820934295654, 1.673713207244873, 1.5274851322174072, 1.6630189418792725, 1.7406439781188965, 1.4779510498046875, 1.4972302913665771, 1.612170934677124, 1.6593098640441895, 1.4675862789154053, 1.4714879989624023, 1.6056137084960938, 1.8146588802337646, 1.7819290161132812, 1.9474411010742188, 2.1496591567993164, 1.5391228199005127, 1.4352200031280518, 1.4471209049224854, 1.5404772758483887, 1.6338930130004883, 1.483760118484497, 1.4505867958068848, 1.6258060932159424, 1.5418031215667725, 1.4934709072113037, 1.5080392360687256, 1.580894947052002, 1.6149892807006836]
