date 2025-01-26T23:42:30.059438
sample_ratio 0.8
rank 16
seed 0
l2_regularization_strength 0
input_shape (256, 256, 14, 20)
input_size 18350080
num_train_samples 14680064
num_test_samples 18350080
num_iterations 10
max_num_richardson_iterations 1024
num_richardson_iterations [2, 2, 2, 3, 3, 3, 3, 2, 3, 2, 2, 2, 2, 2, 2, 2, 2, 2, 2, 2, 2, 2, 2, 2, 2, 2, 2, 2, 2, 2, 2, 2, 2, 2, 2, 2, 2, 2, 2, 2]
train_mses [22608.855517371467, 22604.927891127376, 22287.072298739156, 20251.756239499744, 10780.722601353744, 5955.074978626711, 4090.879877606592, 3464.028527799044, 3428.078275688051, 2973.1404254950817, 2697.1883469564905, 2638.2688721215413, 2635.116810562842, 2580.6662084740233, 2525.4516503673744, 2503.227070262645, 2503.047819240016, 2478.4038194716013, 2451.851035058107, 2439.433841172696, 2439.412734158243, 2424.556948801156, 2407.229772405403, 2398.966675142906, 2398.957729890389, 2387.704155566634, 2374.3469948267407, 2368.042290313053, 2368.0359247216443, 2358.515580404036, 2347.3216073779367, 2342.135943746643, 2342.130855926619, 2333.7098937314036, 2323.956502092338, 2319.4795059950347, 2319.4753567532825, 2311.8684791410337, 2303.132557610526, 2299.0856771207464, 2299.0822417843815]
train_rres [0.9999999991918223, 0.9998262784903077, 0.9857673805559514, 0.895744422249606, 0.47683628144545653, 0.2633956844581709, 0.1809414842408637, 0.15321556291683644, 0.15162546685671893, 0.1315033580893933, 0.11929787169918017, 0.1166918364338364, 0.11655241931235806, 0.11414404432836225, 0.1117018792209953, 0.11071887589870454, 0.11071094754415574, 0.10962093218581251, 0.10844649041136563, 0.1078972722580701, 0.10789633868518671, 0.10723926051802046, 0.10647287159716436, 0.10610739103360951, 0.10610699538100771, 0.1056092446520505, 0.10501845133573973, 0.10473959137735979, 0.10473930982434626, 0.10431822064968195, 0.10382310611332467, 0.10359374184395162, 0.10359351680734966, 0.1032210538057643, 0.10278965684169906, 0.1025916372608209, 0.10259145373796431, 0.10225499806906695, 0.10186860427232057, 0.10168960890108651, 0.10168945695459106]
test_mses [22614.471529869315, 22612.4359608319, 22301.014775972573, 20265.603303424417, 10787.985266401776, 5960.800972986443, 4094.498947400474, 3465.68643812459, 3429.5268724391067, 2974.123314112091, 2698.223834666488, 2639.5268525255583, 2636.3130338825927, 2581.743988409311, 2526.61567264071, 2504.4792905698073, 2504.2799009445225, 2479.5315900322594, 2453.048970387574, 2440.6703568396824, 2440.643146882555, 2425.69696547614, 2408.4139093303347, 2400.1617560451114, 2400.151139568303, 2388.828012613428, 2375.4934264585972, 2369.1786232722066, 2369.171878988522, 2359.6062714116106, 2348.421111630004, 2343.2072007697107, 2343.2019635358247, 2334.7587820555063, 2325.006434862988, 2320.4854740678593, 2320.481060472161, 2312.872083256338, 2304.1331584052637, 2300.029517315579, 2300.0256240380636]
test_rres [0.9999999994115928, 0.9999099876227464, 0.986139107137445, 0.8961342857264241, 0.47703901662283904, 0.26358347404253984, 0.18105658315221762, 0.15325082576030388, 0.1516518688438689, 0.13151416377048022, 0.11931403435693844, 0.11671848477582775, 0.1165763714110812, 0.11416335701146998, 0.11172561197447677, 0.11074675283869552, 0.11073793593466554, 0.10964357868360118, 0.10847253121542912, 0.10792515545543144, 0.10792395224548354, 0.10726303998945846, 0.10649879236541789, 0.10613388650107045, 0.10613341704606735, 0.10563271434632676, 0.10504306598203168, 0.10476382871688782, 0.10476353048822164, 0.1043405443680884, 0.10384594250395676, 0.10361538611663022, 0.10361515452891101, 0.103241801498565, 0.10281055785115546, 0.10261064335010259, 0.10261044818322947, 0.10227398322532426, 0.10188755257916081, 0.10170609173530029, 0.10170591957662269]
step_times_seconds [0.5754408836364746, 1.5094280242919922, 1.4772450923919678, 1.6568500995635986, 2.9004881381988525, 2.719099283218384, 2.4916579723358154, 2.3920910358428955, 1.4544329643249512, 2.11313796043396, 1.3560209274291992, 1.5079329013824463, 1.4728188514709473, 1.3408489227294922, 1.350013017654419, 1.449995994567871, 1.483290195465088, 1.375615119934082, 1.6869049072265625, 1.7402639389038086, 2.1143369674682617, 1.3043839931488037, 1.3185999393463135, 1.4698421955108643, 1.4023208618164062, 1.3533949851989746, 1.38714599609375, 1.452455759048462, 1.4399998188018799, 1.3418328762054443, 1.4306092262268066, 1.4854438304901123, 1.4118661880493164, 1.3493878841400146, 1.3673980236053467, 1.561643123626709, 1.6468019485473633, 1.3362798690795898, 1.3665058612823486, 1.451941967010498, 3.213670015335083]
