date 2025-01-26T23:42:30.059438
sample_ratio 0.7
rank 16
seed 0
l2_regularization_strength 0
input_shape (256, 256, 14, 20)
input_size 18350080
num_train_samples 12845056
num_test_samples 18350080
num_iterations 10
max_num_richardson_iterations 1024
num_richardson_iterations [2, 2, 2, 3, 3, 3, 3, 2, 3, 2, 2, 2, 2, 2, 2, 2, 2, 2, 2, 2, 2, 2, 2, 2, 2, 2, 2, 2, 2, 2, 2, 2, 2, 2, 2, 2, 2, 2, 2, 2]
train_mses [22612.898303582333, 22608.45906282035, 22337.13386995738, 20720.68477035263, 11868.442518023689, 6476.897412567411, 4519.660172415309, 3755.51293666258, 3695.3317570314916, 3213.832922641424, 2918.2472829297494, 2851.592076337954, 2840.9419355542764, 2769.292947436283, 2678.9308171843763, 2645.7495681353644, 2644.459861479189, 2602.26356190092, 2560.030313842333, 2542.4475175698117, 2542.2920537441787, 2519.248883563228, 2495.314811185446, 2484.574198674419, 2484.5486993520294, 2469.8068835852937, 2453.480606986504, 2445.7270890311033, 2445.7182033295358, 2434.8277765281655, 2422.1389970208315, 2415.7478932657496, 2415.7418351161814, 2406.9177869766595, 2396.210662287443, 2390.4793455117942, 2390.4738434247124, 2382.888409749414, 2373.401458288314, 2368.035861320992, 2368.0303846099]
train_rres [0.9999999993521401, 0.9998036848107883, 0.9878049932213864, 0.9163214939876133, 0.5248527787547872, 0.28642491207530085, 0.19987089265647998, 0.16607835421232078, 0.1634169890576132, 0.1421238833436126, 0.12905233295887708, 0.1261046698307918, 0.12563369345997025, 0.12246519258451086, 0.11846914886732625, 0.11700178946111256, 0.11694475534553722, 0.11507872742711482, 0.11321106555271741, 0.1124335094860391, 0.1124266344794192, 0.11140760676096122, 0.11034918107660373, 0.109874203815402, 0.10987307617037256, 0.10922115550282815, 0.10849916593877362, 0.10815628561240923, 0.10815589266403779, 0.10767429023306638, 0.10711316006174715, 0.10683052916387904, 0.10683026125706396, 0.10644003935736139, 0.10596654301299478, 0.10571308957704016, 0.10571284626072554, 0.10537739904964503, 0.10495786187543632, 0.10472058150156242, 0.10472033930743875]
test_mses [22614.471529869315, 22612.85367861111, 22351.444020123683, 20736.39008460836, 11875.925665908375, 6483.15982941038, 4525.951870977973, 3759.237222216892, 3698.8839128474683, 3216.6323571016032, 2921.4268256470355, 2854.604952423195, 2843.944748812724, 2771.943592219019, 2681.8214681335858, 2648.544142531559, 2647.2529038790176, 2604.7263386045042, 2562.6376456199496, 2544.938059696091, 2544.7796566017773, 2521.4817742375367, 2497.6499613512424, 2486.7858701580985, 2486.7577482009933, 2471.83066117105, 2455.579524499238, 2447.7089498715627, 2447.6981900953315, 2436.6756710215286, 2424.0449757831198, 2417.548620716108, 2417.541321344027, 2408.625595057295, 2397.967585797906, 2392.1431020697805, 2392.136802862384, 2384.491447497817, 2375.04978901642, 2369.6012499266913, 2369.595268379215]
test_rres [0.9999999994115928, 0.9999284588825508, 0.9883690617067936, 0.9169522287981915, 0.5251471670799253, 0.2866819070714365, 0.20013520379359603, 0.16623148655230385, 0.16356269505504528, 0.14223778570108828, 0.12918395285379144, 0.12622912487577465, 0.1257577362965581, 0.1225738831405717, 0.1185887303629191, 0.11711722458227358, 0.11706012669032964, 0.11517962441136544, 0.11331848461403707, 0.11253581826297658, 0.1125288137617212, 0.11149859369578864, 0.11044476350387837, 0.10996435912332932, 0.10996311558522356, 0.10930304767245166, 0.10858443098309922, 0.10823639832566355, 0.10823592253403556, 0.10774851255619203, 0.1071899898768407, 0.10690272448332447, 0.10690240170894229, 0.10650815299657641, 0.10603686145040693, 0.10577930585300968, 0.10577902730538213, 0.10544095372493299, 0.10502344856840654, 0.10478251704456673, 0.10478225254369326]
step_times_seconds [0.5419549942016602, 1.4303548336029053, 1.467045783996582, 1.6828258037567139, 2.215830087661743, 2.066988945007324, 3.1457579135894775, 2.734589099884033, 1.407477855682373, 2.0629987716674805, 1.3361659049987793, 1.4412150382995605, 1.4042420387268066, 1.3238000869750977, 1.3923850059509277, 1.4980390071868896, 1.3831920623779297, 1.3045358657836914, 1.3317320346832275, 1.5098240375518799, 1.4613778591156006, 1.3109169006347656, 1.3142368793487549, 1.4323740005493164, 1.9322969913482666, 1.5199689865112305, 1.413404941558838, 1.709367036819458, 1.7335419654846191, 1.3525638580322266, 1.2967820167541504, 1.4166038036346436, 1.393662929534912, 1.3325419425964355, 1.3647160530090332, 1.423208236694336, 1.402414083480835, 1.3139820098876953, 1.4009180068969727, 1.5134429931640625, 1.399393081665039]
