date 2025-01-26T23:42:30.059438
sample_ratio 0.2
rank 16
seed 0
l2_regularization_strength 0
input_shape (256, 256, 14, 20)
input_size 18350080
num_train_samples 3670016
num_test_samples 18350080
num_iterations 10
max_num_richardson_iterations 1024
num_richardson_iterations [4, 4, 4, 4, 6, 6, 4, 4, 6, 4, 4, 4, 4, 4, 4, 4, 4, 4, 4, 2, 4, 4, 4, 2, 4, 4, 4, 2, 4, 4, 4, 2, 4, 4, 4, 2, 4, 4, 4, 2]
train_mses [22637.914002313733, 22614.89892706522, 22472.643239439556, 22199.42580477338, 19211.735068614198, 10750.482285638414, 6606.071984301714, 5428.446103504442, 4994.390611206478, 4249.502630187443, 3484.571971595466, 3205.9843173217146, 3154.668356363648, 2884.6313589853894, 2683.0078115026254, 2603.2187634033357, 2593.2083129312764, 2512.1656408495264, 2441.328349300985, 2413.177011166851, 2413.09660147956, 2384.9675713242186, 2354.570984583957, 2339.990367296665, 2339.8805720014593, 2321.43619295274, 2297.587283451042, 2284.6291848856126, 2284.511814888254, 2266.959349071968, 2245.367444408206, 2234.4945124765195, 2234.381093569747, 2219.208023260993, 2202.2690445070607, 2194.0513369466944, 2193.953443577825, 2181.790391963649, 2168.581188924417, 2162.4361326333515, 2162.355912184103]
train_rres [0.9999999986292428, 0.9989833380299221, 0.9926993806204132, 0.9806303607335217, 0.84865306230583, 0.4748883783993238, 0.29181451853608126, 0.23979444817700699, 0.22062061918999798, 0.18771617490587172, 0.15392637177006768, 0.14162012951367417, 0.13935331460826902, 0.12742478634455603, 0.11851833201374709, 0.11499375603109413, 0.11455155758218606, 0.11097160441325112, 0.10784246047162288, 0.10659891223247557, 0.10659536024057506, 0.1053527974269736, 0.10401006829144067, 0.10336598875010947, 0.10336113868772986, 0.10254638256569708, 0.10149288843781192, 0.10092048152141747, 0.10091529685655896, 0.10013993982541061, 0.09918614590994836, 0.09870584847990815, 0.098700838349266, 0.09803058797697443, 0.09728233092780543, 0.09691932453294669, 0.09691500022246803, 0.09637771345672362, 0.09579421433132826, 0.09552276457310345, 0.09551922094054392]
test_mses [22614.471529869315, 22632.081762843587, 22607.61950665113, 22353.476218659842, 19344.5307161788, 10797.537289941181, 6647.515083918838, 5456.01380997775, 5017.718961087367, 4271.1818446601865, 3509.69926923573, 3229.343762858449, 3177.9279438552976, 2907.9267476115783, 2703.165046562709, 2622.8308482946086, 2612.422438296439, 2531.580056646516, 2459.18083395503, 2431.02869049473, 2430.94755887483, 2402.944613573128, 2371.8637517151697, 2357.5166844609375, 2357.409917832132, 2338.8541023803677, 2314.700947098622, 2302.1504602834625, 2302.035953826791, 2284.2683523188266, 2262.4378236927114, 2251.9316305692546, 2251.8218027279663, 2236.418597236521, 2219.249317553464, 2211.288109166002, 2211.1942167248544, 2198.867936147284, 2185.4519240822115, 2179.4801856612394, 2179.402667706825]
test_rres [0.9999999994115928, 1.0007787146223661, 0.9996970065600862, 0.9884589244538527, 0.8554049418862598, 0.4774614020640008, 0.29394960971019457, 0.24126205202545015, 0.22188088505660963, 0.1888694076492388, 0.15519704993039382, 0.14279987735698113, 0.14052629696820274, 0.1285869865258504, 0.1195325321399526, 0.11598019627772717, 0.11551994187919755, 0.11194513441595091, 0.10874367898714461, 0.10749880605670487, 0.10749521845927881, 0.10625694299269368, 0.1048825636799329, 0.10424814393561826, 0.10424342277162373, 0.10342289440259518, 0.10235485461950175, 0.10179987871430768, 0.1017948152992085, 0.10100914133490463, 0.10004380687708031, 0.09957922856034192, 0.09957437203114651, 0.09889325041121222, 0.09813403392232473, 0.0977819934878506, 0.09777784161364171, 0.09723277998998021, 0.09663953101489545, 0.09637546389267371, 0.0963720360896288]
step_times_seconds [0.4808623790740967, 2.707627058029175, 2.763988971710205, 2.9307878017425537, 2.707711935043335, 3.754390001296997, 3.895887851715088, 2.649517059326172, 3.1398539543151855, 3.765249013900757, 2.722970962524414, 3.234102964401245, 3.069526195526123, 2.435839891433716, 2.472547769546509, 2.668816089630127, 2.7478840351104736, 2.5942468643188477, 2.4589550495147705, 2.6429030895233154, 1.2628910541534424, 2.4273271560668945, 2.474830150604248, 2.7191078662872314, 2.8801417350769043, 2.9187941551208496, 2.4922709465026855, 2.661464214324951, 1.2365870475769043, 2.4371979236602783, 2.52066707611084, 2.662949800491333, 1.2239229679107666, 2.4239699840545654, 2.6943721771240234, 2.5999319553375244, 1.2393860816955566, 2.4646668434143066, 2.588385820388794, 2.6045889854431152, 1.2131083011627197]
