date 2025-01-26T23:42:30.059438
sample_ratio 0.1
rank 16
seed 0
l2_regularization_strength 0
input_shape (256, 256, 14, 20)
input_size 18350080
num_train_samples 1835008
num_test_samples 18350080
num_iterations 10
max_num_richardson_iterations 1024
num_richardson_iterations [4, 4, 4, 4, 6, 6, 6, 4, 6, 6, 4, 4, 6, 6, 4, 4, 4, 4, 4, 4, 4, 4, 4, 2, 4, 4, 4, 2, 4, 4, 4, 2, 4, 4, 4, 2, 4, 4, 4, 2]
train_mses [22671.671119882758, 22625.005176635783, 22426.859888791052, 22248.88268941816, 21010.977221220837, 13293.117962343464, 8393.167991047949, 6760.403027152927, 6203.748464687488, 5154.693440070075, 4148.435790588651, 3868.462900867037, 3759.6315403795065, 3374.670607312562, 3016.318441723267, 2838.1364456899855, 2773.262099657241, 2638.128029698876, 2520.518197258648, 2448.8045713266733, 2439.455115983296, 2381.2394992006443, 2307.351075385334, 2277.3387449166316, 2277.2916682842247, 2247.2939107924194, 2222.408825192483, 2210.653669094235, 2210.5752223113627, 2197.942608104963, 2186.1133949867162, 2179.3613409477966, 2179.2675421850313, 2172.286231884983, 2164.4860752544564, 2159.711867215632, 2159.611439728379, 2154.9138426940176, 2148.802689933566, 2145.007817871959, 2144.9059119811623]
train_rres [0.9999999992152869, 0.9979416620524199, 0.9892018877922211, 0.9813516857364428, 0.9267502643996497, 0.5863316330596509, 0.3702050872245153, 0.29818723931290475, 0.27363437070938806, 0.2273627474908332, 0.18297882698621168, 0.17062980833551403, 0.1658294846263947, 0.14884966294808644, 0.1330434983555778, 0.12518426314740663, 0.12232279141738747, 0.11636231020108169, 0.11117478645278614, 0.10801164838958409, 0.10759926346715808, 0.10503149435877882, 0.10177243050915681, 0.10044864937778575, 0.10044657292598291, 0.0991234345781459, 0.09802580549518938, 0.09750731014357347, 0.09750385002003889, 0.09694665182632443, 0.09642488997443385, 0.09612707099153145, 0.09612293372426978, 0.09581500272713885, 0.09547095413084614, 0.09526037379868478, 0.09525594415224879, 0.09504874297127562, 0.09477919280343215, 0.09461180893311388, 0.09460731407738938]
test_mses [22614.471529869315, 22654.925210545094, 22723.771701351743, 22595.625424272654, 21350.1056647123, 13474.23241551584, 8503.339667535703, 6813.413549773309, 6244.729656901186, 5203.278087379392, 4206.636229322215, 3924.5393908197025, 3814.0307280989437, 3426.451028388442, 3064.7157245057824, 2884.878846120556, 2816.927242511197, 2679.238284273484, 2559.659655297466, 2488.3511949732306, 2478.3125923081484, 2418.976155193227, 2342.571983203065, 2312.676976897888, 2312.6140881612423, 2281.4321752881588, 2256.209861371444, 2244.4720079298045, 2244.3744376894942, 2231.4251987093594, 2219.456857896825, 2212.641754951973, 2212.5288406905893, 2205.5731114056334, 2197.577173309613, 2192.733635109401, 2192.6149076848487, 2188.055636784458, 2181.7413039288053, 2177.883501065877, 2177.7641724701534]
test_rres [0.9999999994115928, 1.0017888398272774, 1.0048331953265957, 0.9991666345655171, 0.9440904079474247, 0.5958234482636777, 0.37601319364465446, 0.30128555234045834, 0.2761386506414121, 0.23008621171824545, 0.18601523459395689, 0.1735410612327121, 0.16865442647276319, 0.151515856642797, 0.13552011236055586, 0.12756782048223894, 0.12456303642263249, 0.11847450333554109, 0.11318679945319667, 0.11003357696077218, 0.10958967524739735, 0.10696584930472008, 0.10358729713098079, 0.10226535572509382, 0.10226257481834013, 0.1008837270830061, 0.09976840966917398, 0.09924936798300284, 0.09924505347845544, 0.09867244496291211, 0.09814321124680762, 0.09784185099030811, 0.0978368579812445, 0.0975292793021816, 0.0971757031383188, 0.09696152443460845, 0.09695627437053661, 0.09675466581684188, 0.09647544934947505, 0.0963048593422948, 0.09629958269475096]
step_times_seconds [0.4843010902404785, 2.64796781539917, 2.6967759132385254, 2.9298510551452637, 3.066941976547241, 3.6238458156585693, 3.8364758491516113, 4.029865980148315, 2.7092182636260986, 4.298614978790283, 4.524618864059448, 2.6027400493621826, 2.5163190364837646, 3.6391491889953613, 3.7655422687530518, 2.579887866973877, 2.9940731525421143, 2.4400200843811035, 2.486506938934326, 2.7729947566986084, 4.354732036590576, 2.7321629524230957, 2.5653481483459473, 2.6398117542266846, 1.2633841037750244, 2.4371960163116455, 2.4859120845794678, 2.5749571323394775, 1.2391328811645508, 2.378544807434082, 2.5150809288024902, 2.5746309757232666, 1.3646981716156006, 3.0704691410064697, 2.9568560123443604, 2.869422197341919, 1.2562458515167236, 2.2972402572631836, 2.4330570697784424, 2.648159980773926, 1.2230231761932373]
