date 2025-01-26T23:42:30.059438
sample_ratio 0.3
rank 16
seed 0
l2_regularization_strength 0
input_shape (256, 256, 14, 20)
input_size 18350080
num_train_samples 5505024
num_test_samples 18350080
num_iterations 10
max_num_richardson_iterations 1024
num_richardson_iterations [2, 2, 2, 2, 4, 3, 3, 2, 2, 2, 2, 2, 2, 2, 2, 2, 2, 2, 2, 2, 2, 2, 2, 2, 2, 2, 2, 2, 2, 2, 2, 2, 2, 2, 2, 2, 2, 2, 2, 2]
train_mses [22613.98400534867, 22606.528825805246, 22522.113070767948, 22207.64389178351, 20138.317555375656, 11738.161091471224, 9032.128744758298, 7624.43915173798, 6936.986523198459, 6594.182038030172, 6181.250325692398, 5943.645942980515, 5570.177041596575, 5323.218966611798, 5042.909337655917, 4883.275740781943, 4666.956742534192, 4498.444003739011, 4296.563133700631, 4182.211219837515, 4047.5892924101813, 3906.293647405075, 3739.8573055391103, 3644.7866729637017, 3545.070133139526, 3435.0030999898217, 3323.942785791224, 3262.9343496879487, 3212.3705730757843, 3144.609383779909, 3073.1539971394222, 3034.280901297747, 3009.0109108298325, 2964.6350172731163, 2914.6078365638286, 2887.796309636363, 2874.8729651281265, 2843.2085671873165, 2805.8297902812287, 2786.128886254454, 2779.4461354944037]
train_rres [0.9999999976629591, 0.9996703264504812, 0.9959374258337633, 0.9820314648949419, 0.8905249735539063, 0.5190664794519332, 0.39940457734088614, 0.33715594439776814, 0.30675649657069265, 0.2915975363323703, 0.2733375202611168, 0.26283055332860317, 0.24631559955385934, 0.235395008367927, 0.22299959727032975, 0.21594053167343413, 0.20637481350139333, 0.19892310846960842, 0.18999585047213097, 0.1849391601707306, 0.17898612124221286, 0.17273796768194355, 0.16537808180612307, 0.16117401796974914, 0.1567645101374473, 0.15189729908492156, 0.14698616472165424, 0.14428834571080387, 0.14205239398809832, 0.13905596535696957, 0.13589617774694066, 0.13417719290368468, 0.13305974316979963, 0.13109742226948803, 0.12888519904599324, 0.1276995819137593, 0.12712810611918116, 0.12572789296526188, 0.12407498754134848, 0.1232038051802009, 0.12290829109728427]
test_mses [22614.471529869315, 22614.156743299576, 22554.49114460198, 22260.21726889678, 20205.648762591394, 11791.03694080764, 9081.35399044925, 7664.960200009603, 6975.073753083542, 6629.612091082271, 6216.04412076881, 5976.98325856439, 5601.819995662356, 5352.961806631275, 5072.395045713177, 4912.127347051608, 4694.556283997666, 4524.8354549467795, 4323.098953618262, 4208.651491943997, 4072.827633085995, 3930.639410406978, 3764.3377862187517, 3669.214463564794, 3568.214538571374, 3457.2551933503228, 3346.024922617075, 3284.6767992547384, 3233.2734033515253, 3164.916886124652, 3093.3773821249183, 3054.253762555533, 3028.4613937015815, 2983.6874989013795, 2933.6350707657803, 2906.6471763859076, 2893.3884848730654, 2861.433603382405, 2824.059953934903, 2804.2311295646628, 2797.3294382642434]
test_rres [0.9999999994115928, 0.9999860797155636, 0.9973476984213698, 0.9843350628997585, 0.8934831275634504, 0.5213934324441782, 0.40157268203729696, 0.33894049592870495, 0.30843408123716903, 0.29315794881277385, 0.2748701913684368, 0.26429904617284816, 0.24770952462750634, 0.23670514680881813, 0.22429863267107064, 0.21721167959522347, 0.20759080197981897, 0.20008583646572978, 0.19116515481533794, 0.1861043484438178, 0.18009828906725064, 0.17381080088042525, 0.1664570308013535, 0.16225072766168708, 0.15778456426712842, 0.1528780005648015, 0.1479594566792685, 0.1452466750321179, 0.14297364398626425, 0.1399509548601281, 0.1367875157382742, 0.13505748992295985, 0.1339169649805703, 0.13193708697569545, 0.12972379501174047, 0.12853040456136683, 0.12794411221809768, 0.12653108421832102, 0.12487844115849324, 0.12400162100674295, 0.12369643185884521]
step_times_seconds [0.505012035369873, 1.2978379726409912, 1.2894139289855957, 1.501270055770874, 1.3125388622283936, 3.8375070095062256, 2.2570512294769287, 2.1147818565368652, 1.3000462055206299, 1.2014801502227783, 1.1873970031738281, 1.3223390579223633, 1.2770779132843018, 1.2105271816253662, 1.1948730945587158, 1.2618119716644287, 1.246138095855713, 1.1643719673156738, 1.201690912246704, 1.3459341526031494, 1.3289380073547363, 1.1374080181121826, 1.175013780593872, 1.2769598960876465, 1.355159044265747, 1.2125260829925537, 1.514758825302124, 1.6235697269439697, 1.9405522346496582, 1.1861340999603271, 1.1942174434661865, 1.2879970073699951, 1.2540979385375977, 1.155872106552124, 1.2337310314178467, 1.4029438495635986, 1.4667420387268066, 1.159787893295288, 1.1966710090637207, 1.2912697792053223, 1.3192219734191895]
