date 2025-01-27T09:10:31.779173
sample_ratio 0.7
rank 16
seed 0
l2_regularization_strength 0
input_shape (256, 256, 14, 20)
input_size 18350080
num_train_samples 12845056
num_test_samples 18350080
num_iterations 10
max_num_richardson_iterations 1024
num_richardson_iterations [2, 2, 2, 3, 3, 3, 3, 2, 3, 2, 2, 2, 2, 2, 2, 2, 2, 2, 2, 2, 2, 2, 2, 2, 2, 2, 2, 2, 2, 2, 2, 2, 2, 2, 2, 2, 2, 2, 2, 2]
train_mses [22612.898303582333, 22608.45906282035, 22337.13386995738, 20720.68477035263, 11795.644033161123, 6418.262319866709, 4425.262488812616, 3659.5083246109366, 3628.9422740768196, 3164.374024962092, 2871.178753794978, 2811.0584214773316, 2804.2358762648632, 2744.8858285386095, 2660.0096620771706, 2626.339837443638, 2625.4564327800135, 2587.89005535089, 2547.873889664183, 2529.0392651706475, 2528.92654119861, 2508.905235040597, 2486.5191326480117, 2475.0488919069307, 2475.028620951027, 2462.492408810181, 2447.383963374873, 2439.211224634098, 2439.2028809231265, 2429.974170279722, 2418.320932271555, 2411.760575906069, 2411.75417030928, 2404.264824443824, 2394.555626998507, 2388.9146257101274, 2388.908599456096, 2382.4837948008767, 2374.053732509579, 2369.0233548505703, 2369.0175297668184]
train_rres [0.9999999993521401, 0.9998036848107883, 0.9878049932213864, 0.9163214939876133, 0.5216334442034144, 0.28383191882536324, 0.19569638648419588, 0.16183278556824135, 0.16048107690604513, 0.13993668482605437, 0.12697084263099545, 0.12431216829957759, 0.1240104579607942, 0.12138584757732995, 0.11763240716173294, 0.11614344169787706, 0.11610437529200585, 0.11444309433188965, 0.1126734774909364, 0.11184056238963117, 0.11183557744827374, 0.11095018425911893, 0.10996021375301465, 0.10945297047178375, 0.10945207403844652, 0.10889769078494124, 0.10822955681897693, 0.10786813748096197, 0.10786776850079613, 0.10745965139375711, 0.1069443155069473, 0.10665419982725147, 0.10665391655543471, 0.10632271859221665, 0.10589335313411927, 0.10564389367921025, 0.10564362718289709, 0.10535950594532716, 0.10498670710403483, 0.10476425098239064, 0.10476399338234]
test_mses [22614.471529869315, 22612.85367861111, 22351.444020123683, 20736.39008460836, 11802.6365927831, 6424.333786555911, 4431.105149384301, 3662.523627570287, 3631.951088663969, 3166.7590585514795, 2874.100239313315, 2813.8812518392056, 2807.0826573119043, 2747.443455728792, 2662.8103545976865, 2629.0366962113935, 2628.1576516057953, 2590.27531948696, 2550.4082163098365, 2531.4493721718204, 2531.334645373235, 2511.0559735775996, 2488.798016963846, 2477.2030099130584, 2477.1803411263577, 2464.452086681548, 2449.4544704696236, 2441.1683338908547, 2441.1583573844473, 2431.7889415986165, 2420.2290192207174, 2413.570605212996, 2413.5632363961886, 2405.9722004194396, 2396.3418622153104, 2390.6173088131072, 2390.610748001676, 2384.114691963163, 2375.75253818303, 2370.6502328980496, 2370.6441187122778]
test_rres [0.9999999994115928, 0.9999284588825508, 0.9883690617067936, 0.9169522287981915, 0.5219063629344315, 0.28408065049366693, 0.19594113180687767, 0.16195486242416723, 0.1606029608841313, 0.14003241475289233, 0.12709119617613202, 0.12442834432221457, 0.12412771405922914, 0.12149050003151027, 0.1177480689528303, 0.11625461559833507, 0.11621574470966893, 0.11454060797050127, 0.11277770570232273, 0.11193935561743044, 0.11193428245892809, 0.11103757029137117, 0.11005333519344909, 0.10954061009931412, 0.1095396076975265, 0.10897677100154142, 0.10831358432555431, 0.10794717573789621, 0.10794673458204658, 0.10753242395940205, 0.10702125029099115, 0.10672681873662078, 0.10672649289142942, 0.10639082128565008, 0.10596497281133385, 0.1057118360802246, 0.10571154596460464, 0.10542429379397086, 0.10505452376577597, 0.10482890251810546, 0.10482863215203655]
step_times_seconds [0.5388469696044922, 1.4290168285369873, 1.4931740760803223, 1.6038811206817627, 2.285123109817505, 2.0467369556427, 2.0752429962158203, 2.3282480239868164, 1.3903920650482178, 2.039513111114502, 1.3293170928955078, 1.4384009838104248, 1.3868460655212402, 1.3046159744262695, 1.3287808895111084, 1.4421260356903076, 1.3937032222747803, 1.3189868927001953, 1.3367109298706055, 1.42714524269104, 1.3952093124389648, 1.3142757415771484, 1.3290832042694092, 1.4530458450317383, 1.3923299312591553, 1.3020360469818115, 1.3234517574310303, 1.4265000820159912, 1.415930986404419, 1.3160920143127441, 1.3421859741210938, 1.427750825881958, 1.3963980674743652, 1.3004422187805176, 1.355281114578247, 1.4604926109313965, 1.3896820545196533, 1.310439109802246, 1.342867136001587, 1.4490058422088623, 1.3953700065612793]
