date 2025-01-26T23:42:30.059438
sample_ratio 0.9
rank 16
seed 0
l2_regularization_strength 0
input_shape (256, 256, 14, 20)
input_size 18350080
num_train_samples 16515072
num_test_samples 18350080
num_iterations 10
max_num_richardson_iterations 1024
num_richardson_iterations [2, 3, 4, 4, 4, 4, 4, 3, 4, 3, 3, 2, 3, 3, 3, 2, 3, 3, 3, 2, 3, 3, 3, 2, 3, 3, 3, 2, 3, 3, 3, 2, 3, 3, 3, 2, 3, 3, 3, 2]
train_mses [22611.43922386673, 22608.002076992714, 22249.90116442266, 19909.069491555678, 9723.475942078081, 5525.618085623695, 3683.200904802461, 3302.0262241982673, 3291.5529623536813, 2896.2560728170133, 2687.89648118067, 2642.0048410621816, 2641.787655439158, 2574.243233688313, 2511.1030059146833, 2484.182595519709, 2484.141153062851, 2448.9146428033723, 2411.4917403945738, 2397.386498251785, 2397.3606792332157, 2374.8687036224983, 2353.654353681667, 2345.336224745458, 2345.3200879359088, 2330.604426284441, 2317.280372283598, 2311.445287073205, 2311.435302551133, 2300.861849967179, 2291.1952256870495, 2286.5680151253973, 2286.561268320457, 2278.286919429845, 2270.62721815565, 2266.7099207601154, 2266.7049925196466, 2259.9013619131106, 2253.493988170414, 2250.0416802701707, 2250.037956357431]
train_rres [0.9999999986711903, 0.9998479894675557, 0.984010832506922, 0.880486609807923, 0.43002463633071836, 0.24437268338270227, 0.1628910421597804, 0.146033438522797, 0.14557025430320894, 0.12808809029331472, 0.11887330350789213, 0.11684372725654642, 0.11683412213497121, 0.11384694290270914, 0.11105454092136675, 0.10986397493869428, 0.109862142129363, 0.10830423553775217, 0.10664919261949465, 0.10602538260968523, 0.10602424075319927, 0.10502952408089258, 0.10409131091796178, 0.10372343831848672, 0.10372272466159085, 0.10307191860337318, 0.10248265695349668, 0.10222459796198938, 0.10222415639248292, 0.10175654119712889, 0.10132903084842534, 0.10112439059931554, 0.1011240922191521, 0.10075815580981097, 0.10041940243864422, 0.1002461583849798, 0.10024594043156193, 0.09994504713016102, 0.09966167844801983, 0.09950899874189958, 0.09950883405036014]
test_mses [22614.471529869315, 22612.038912571832, 22258.42358415861, 19917.276751777554, 9726.016640572683, 5526.769112021399, 3683.7654511892783, 3302.5632656643124, 3292.101247843782, 2896.70680607075, 2688.303521239281, 2642.4109587780363, 2642.1840830100887, 2574.522655270915, 2511.3544504250613, 2484.4579129746216, 2484.410161913569, 2449.067512776276, 2411.6172581530186, 2397.5465070345126, 2397.5161602206435, 2374.9353851786323, 2353.710065237058, 2345.413065801785, 2345.393804752736, 2330.615831792245, 2317.2864908261045, 2311.458411123455, 2311.446302094464, 2300.8299101073976, 2291.1555464828325, 2286.5284507197957, 2286.5202154092776, 2278.2179318482467, 2270.5450428923436, 2266.6269014891886, 2266.6208839596243, 2259.8022596305636, 2253.3758809920655, 2249.924667534697, 2249.920116380204]
test_rres [0.9999999994115928, 0.9998924303581731, 0.9842557471070039, 0.8807314693934474, 0.43007932429478396, 0.2443908141505594, 0.16289416465718368, 0.14603760513965658, 0.14557498023150622, 0.1280908466306772, 0.11887536333125177, 0.11684601843262674, 0.1168359861058702, 0.11384403347014341, 0.11105076878008631, 0.1098614180849313, 0.10985930655820553, 0.10829647326051751, 0.10664044276023556, 0.10601824156965538, 0.10601689964955739, 0.10501838969106025, 0.1040798172419517, 0.10371292830451036, 0.10371207659108375, 0.10305860242378885, 0.10246918599897026, 0.10221147138947684, 0.10221093593460372, 0.10174148468225863, 0.10131368942707901, 0.10110908169374318, 0.10110871753265711, 0.10074159493396273, 0.10040230383263171, 0.10022904568703787, 0.10022877959505547, 0.09992726362480417, 0.0996430925520365, 0.09949048171384914, 0.09949028046419871]
step_times_seconds [0.6219687461853027, 1.73872709274292, 3.070611000061035, 3.4925589561462402, 3.1623778343200684, 3.042496919631958, 3.0333590507507324, 3.1419641971588135, 2.3805580139160156, 2.952589988708496, 2.2024619579315186, 2.6623542308807373, 2.4129250049591064, 2.275146007537842, 2.233130931854248, 2.3882880210876465, 1.468425989151001, 2.145592212677002, 2.270764112472534, 2.3286149501800537, 1.4597179889678955, 2.1799306869506836, 2.2676219940185547, 2.2867181301116943, 1.457961082458496, 2.32517409324646, 2.627486228942871, 2.8265161514282227, 1.4843871593475342, 2.210211753845215, 2.1781692504882812, 2.3372671604156494, 1.9532349109649658, 2.2312493324279785, 2.1845271587371826, 2.2922377586364746, 1.6978139877319336, 2.7316689491271973, 2.624235153198242, 2.644514799118042, 1.4722199440002441]
