date 2025-01-26T23:42:30.059438
sample_ratio 0.2
rank 16
seed 0
l2_regularization_strength 0
input_shape (256, 256, 14, 20)
input_size 18350080
num_train_samples 3670016
num_test_samples 18350080
num_iterations 10
max_num_richardson_iterations 1024
num_richardson_iterations [5, 10, 11, 17, 21, 20, 18, 15, 17, 18, 15, 12, 16, 15, 14, 8, 13, 13, 11, 3, 11, 11, 9, 2, 9, 10, 9, 2, 9, 10, 8, 2, 9, 10, 8, 2, 9, 9, 7, 2]
train_mses [22637.914002313733, 22618.76633291857, 22475.081580152262, 22204.809136417938, 19247.944654286453, 10874.683795349589, 6774.827372781529, 5454.31707994036, 5027.6376699275725, 4283.964263436908, 3497.8064522044283, 3227.298014867077, 3171.350911374325, 2894.494975498591, 2679.4946206296518, 2573.667824616428, 2564.650789899905, 2492.9776280380393, 2425.470119312769, 2394.078977847524, 2393.647058167917, 2370.375674846104, 2343.4432951015124, 2329.57657688294, 2329.4269548619895, 2316.0499658149333, 2298.7131946882214, 2289.190168416291, 2289.0681515216565, 2276.8367261134745, 2260.911664829812, 2253.134452040731, 2253.0341209186086, 2240.855078667549, 2226.3514279803, 2219.5237704560946, 2219.43972245613, 2207.9524737289844, 2195.3729297689374, 2190.210198738596, 2190.1392379214185]
train_rres [0.9999999986292428, 0.999154175583579, 0.992807091105978, 0.980868162309967, 0.8502525730036318, 0.48037481630734974, 0.2992690652858942, 0.24093726444522898, 0.22208926416639127, 0.18923847211040676, 0.15451098749877254, 0.1425616339965505, 0.14009024447672352, 0.12786049859696025, 0.11836314143974815, 0.11368838227875193, 0.11329006666083583, 0.11012399925037153, 0.10714194407400526, 0.105755281795007, 0.10573620231272912, 0.10470821964226155, 0.10351851728254233, 0.10290597329115923, 0.10289936393568902, 0.10230845308465598, 0.10154262408198483, 0.10112195695435533, 0.1011165670189375, 0.10057625993100679, 0.09987279134904267, 0.09952924322982881, 0.09952481123481485, 0.09898681810377281, 0.09834613846050332, 0.09804453569294494, 0.09804082298337986, 0.09753338891899455, 0.09697770415309617, 0.09674964731787995, 0.09674651271735656]
test_mses [22614.471529869315, 22619.32319379475, 22592.696618001053, 22355.09127312699, 19375.833781281544, 10923.255242217834, 6816.237861913427, 5479.9732296623915, 5050.190703348022, 4305.12177310459, 3522.4410242236413, 3249.834981937815, 3193.556853602994, 2916.0056995717414, 2698.20595942272, 2591.9796829259394, 2583.0527293377813, 2511.929661002213, 2443.0871633792367, 2411.8664213618827, 2411.4265834647354, 2388.629218574889, 2361.3247015523557, 2347.628565820109, 2347.4753712765505, 2334.234866301729, 2316.838650696676, 2307.5097132891924, 2307.3839448227045, 2295.088755239333, 2279.1947342361545, 2271.5981633469983, 2271.494376957991, 2259.1463955725735, 2244.6880990593795, 2237.999922352808, 2237.9126534739466, 2226.205278872667, 2213.652731499995, 2208.564385031459, 2208.490629169359]
test_rres [0.9999999994115928, 1.000214537430585, 0.9990371242974567, 0.9885303413102696, 0.8567891469092681, 0.48302058358352606, 0.3014104419331568, 0.2423215249226566, 0.22331676836693418, 0.1903702133779778, 0.15576048361327183, 0.14370598825328237, 0.14121739911126446, 0.12894423351898657, 0.11931324392309017, 0.11461597402253239, 0.1142212288448211, 0.11107620428832066, 0.10803202536547732, 0.10665146062587033, 0.1066320112261217, 0.10562392377882844, 0.10441653244224987, 0.10381089654639893, 0.10380412236450988, 0.10321863422035657, 0.10244938274473221, 0.10203686205462134, 0.10203130063939005, 0.10148761384308808, 0.10078478862018452, 0.10044887226349881, 0.10044428288413572, 0.09989826166220081, 0.09925892341874064, 0.09896317577353025, 0.098959316789751, 0.09844162286181961, 0.09788655583985949, 0.09766155184368737, 0.09765829039837969]
step_times_seconds [0.5036728382110596, 3.6384878158569336, 7.468824148178101, 8.884310960769653, 12.345064878463745, 13.40097188949585, 15.049463033676147, 12.791186094284058, 13.548979997634888, 11.304094076156616, 12.025727033615112, 12.016421794891357, 8.167448997497559, 10.338539123535156, 11.408273935317993, 9.817478895187378, 5.51965594291687, 8.514413118362427, 10.049706935882568, 7.711457967758179, 1.9888861179351807, 7.221294164657593, 7.547026872634888, 6.162057876586914, 1.7925770282745361, 6.657263994216919, 6.615906000137329, 6.474123001098633, 1.3031721115112305, 5.689260721206665, 6.737534046173096, 6.242462873458862, 2.011047840118408, 5.767412900924683, 6.659939765930176, 5.400434970855713, 1.4106030464172363, 5.851967096328735, 5.912468194961548, 4.73381233215332, 1.3716399669647217]
