date 2025-01-26T23:42:30.059438
sample_ratio 0.2
rank 16
seed 0
l2_regularization_strength 0
input_shape (256, 256, 14, 20)
input_size 18350080
num_train_samples 3670016
num_test_samples 18350080
num_iterations 10
max_num_richardson_iterations 1024
num_richardson_iterations [2, 2, 2, 6, 9, 9, 9, 5, 6, 6, 4, 4, 5, 5, 5, 4, 4, 4, 3, 2, 3, 3, 2, 2, 2, 2, 2, 2, 2, 2, 2, 2, 2, 2, 2, 2, 2, 2, 2, 2]
train_mses [22637.914002313733, 22629.631522325664, 22572.596713627725, 22450.749856403396, 20105.995033433126, 13014.959189028528, 9139.170345023838, 6423.614829454602, 5905.333955252229, 5153.498356996925, 4505.345602026467, 4314.731999910399, 4114.050477462411, 3840.7968283204873, 3569.54653381692, 3367.831507479115, 3231.581182510034, 3085.990878890832, 2952.3229845615, 2891.268618542411, 2870.21010950681, 2814.7316444097314, 2764.9226905676846, 2740.880232096017, 2726.31451774968, 2705.667969374765, 2687.8750720092694, 2668.9166092954447, 2659.2592998012833, 2642.3472719625215, 2626.4207535078663, 2611.2335115733645, 2604.836903569337, 2590.8381130673956, 2576.765237500265, 2564.4133024619273, 2560.183487984295, 2548.4821102515666, 2536.1267115724268, 2525.9315741578203, 2523.1394523518948]
train_rres [0.9999999986292428, 0.9996341309978054, 0.9971146935348868, 0.9917322692954073, 0.888155816998763, 0.5749186594603184, 0.4037107982459062, 0.28375471432539473, 0.260860340160047, 0.22764899404627176, 0.1990177008089287, 0.19059759629597312, 0.1817327546788351, 0.16966213506523325, 0.15768001100097429, 0.1487695157123763, 0.14275083727900167, 0.13631957760530766, 0.13041497464001486, 0.12771797853299022, 0.12678774666601775, 0.12433705862933023, 0.12213681377599789, 0.12107476987759568, 0.12043134865402877, 0.1195193146059931, 0.11873333682821344, 0.11789587173819235, 0.11746927282629893, 0.11672220629826766, 0.11601867334769649, 0.11534779696252549, 0.1150652352390997, 0.11444685712876136, 0.11382520640836362, 0.11327957596643583, 0.11309272948970647, 0.11257583655886962, 0.11203005311517684, 0.11157969636412683, 0.11145635806529716]
test_mses [22614.471529869315, 22614.319270029704, 22588.001004410078, 22493.995992137334, 20217.278525183145, 13083.121541215523, 9193.078475690541, 6454.740813710185, 5933.889381829185, 5180.429618732962, 4535.565634558654, 4343.663014696364, 4142.9887219876355, 3868.1477398400484, 3597.6754187146707, 3394.5171714944186, 3257.880656437056, 3110.7943914653456, 2975.877092845177, 2914.2903610916155, 2893.2878375938744, 2837.1686466827377, 2786.8074936438397, 2762.5513237846462, 2748.0592619237664, 2727.191581073601, 2709.2026716277496, 2690.059190700081, 2680.4643945140547, 2663.378754691453, 2647.3051623230785, 2631.955804833393, 2625.6128105918074, 2611.4793494914184, 2597.300653774328, 2584.8042543097818, 2580.620344906503, 2568.81449119097, 2556.385864919976, 2546.0597071168804, 2543.3065875428465]
test_rres [0.9999999994115928, 0.9999932665618191, 0.9988294867419203, 0.9946726346972785, 0.8939973895292694, 0.5785287317564358, 0.4065130798276228, 0.28542523319135327, 0.26239345768041183, 0.22907586448979897, 0.20056031934680832, 0.19207448674639108, 0.1832007754007335, 0.17104745217923542, 0.1590873088431867, 0.1501037583395908, 0.14406176373465412, 0.1375576867019058, 0.13159171494074468, 0.12886838215642651, 0.12793966164851445, 0.1254581006355147, 0.12323115701922248, 0.12215856198586593, 0.12151773065654606, 0.12059497281936535, 0.11979951273481257, 0.1189529981084982, 0.11852872128347013, 0.11777320330508263, 0.1170624375311539, 0.11638369704144665, 0.11610321318271596, 0.11547823898982336, 0.11485126454604651, 0.11429868035495948, 0.11411367008862223, 0.11359162146621721, 0.1130420341699912, 0.11258541692013059, 0.11246367542514242]
step_times_seconds [0.48002099990844727, 1.3083269596099854, 1.4001049995422363, 1.5079481601715088, 6.503266096115112, 5.8443052768707275, 6.03442120552063, 6.181757926940918, 3.4369359016418457, 3.8002021312713623, 4.147989988327026, 2.6840500831604004, 3.724371910095215, 3.7834761142730713, 3.2240960597991943, 3.5997471809387207, 2.6638708114624023, 2.48156476020813, 2.6732289791107178, 2.017378091812134, 1.3113138675689697, 1.7980971336364746, 1.958803415298462, 1.3726301193237305, 1.2315940856933594, 1.2213959693908691, 1.2438290119171143, 1.3880009651184082, 2.8358447551727295, 1.4347279071807861, 1.3635940551757812, 1.39353609085083, 1.2848551273345947, 1.2428700923919678, 1.1574528217315674, 1.306091070175171, 1.2542142868041992, 1.2597639560699463, 1.1501312255859375, 1.298393726348877, 1.2163348197937012]
