date 2025-01-26T23:42:30.059438
sample_ratio 0.7
rank 16
seed 0
l2_regularization_strength 0
input_shape (256, 256, 14, 20)
input_size 18350080
num_train_samples 12845056
num_test_samples 18350080
num_iterations 10
max_num_richardson_iterations 1024
num_richardson_iterations [3, 4, 5, 6, 6, 6, 5, 4, 5, 5, 5, 2, 5, 5, 4, 2, 5, 5, 4, 2, 4, 4, 4, 2, 4, 4, 4, 2, 4, 4, 4, 2, 4, 4, 4, 2, 4, 4, 4, 2]
train_mses [22612.898303582333, 22608.059601008255, 22310.55455116912, 20548.31187108897, 11660.418071387105, 6211.79751739328, 4162.065862512652, 3669.3671283726867, 3646.569598237627, 3181.1998352477603, 2874.4936033405324, 2778.9856596985464, 2778.710803466808, 2665.1554977664487, 2564.9123308514745, 2533.0890683976954, 2532.984235310955, 2492.4916160556386, 2454.487053153218, 2437.6127685140086, 2437.579734371629, 2416.2348574842017, 2394.1329385607064, 2383.1109769908203, 2383.0936549930593, 2368.795466737693, 2353.492368607776, 2345.597278412352, 2345.583073248596, 2334.9862638834848, 2323.8756883801025, 2318.004194718578, 2317.991878402998, 2309.9887270529257, 2301.5106049896963, 2296.9119332897553, 2296.901709645803, 2290.6895646281996, 2283.831043512274, 2280.0175383603582, 2280.009253342919]
train_rres [0.9999999993521401, 0.9997860195912982, 0.9866295879984819, 0.9086987250334594, 0.515653407506173, 0.274701519016907, 0.18405716082652093, 0.162268766998972, 0.16126060210943732, 0.1406807650429677, 0.1271174337268782, 0.12289382902579571, 0.12288167418266724, 0.11785996913175821, 0.11342696078827885, 0.11201965501057938, 0.11201501902428229, 0.11022433219212739, 0.10854367355352297, 0.10779744967714336, 0.10779598882316901, 0.1068520639628066, 0.10587466077404, 0.10538724154034541, 0.10538647551745364, 0.10475417318919181, 0.10407743118493584, 0.10372829017327444, 0.10372766198472666, 0.10325904406516667, 0.1027677060974713, 0.10250805368233662, 0.10250750902346949, 0.10215358927212036, 0.10177866510521717, 0.10157530012142679, 0.10157484800583291, 0.101300131119471, 0.10099682983454036, 0.10082818691675743, 0.10082782053216917]
test_mses [22614.471529869315, 22613.29999138569, 22328.59472592251, 20563.26646533565, 11665.734310569038, 6217.549421216258, 4166.463003424496, 3672.1429658277534, 3649.3850932802166, 3183.2091336884932, 2877.109689222648, 2781.9144564175617, 2781.625673612575, 2667.2851972794815, 2566.899348216349, 2535.137979463958, 2535.027871767539, 2494.3243350822786, 2456.19245424634, 2439.3243313606295, 2439.290921426474, 2417.9186118208213, 2395.6413597957626, 2384.6081353804125, 2384.5914755706362, 2370.322269548657, 2354.8424017152975, 2346.935221422094, 2346.9222229670468, 2336.3879981485393, 2325.121814145517, 2319.2409987987426, 2319.2302865510087, 2311.310869080215, 2302.7011410389196, 2298.0957537596723, 2298.08724748675, 2291.9695551577634, 2284.9983911144222, 2281.17944247868, 2281.1727163941905]
test_rres [0.9999999994115928, 0.9999481945979634, 0.987358677972752, 0.9092967936958423, 0.5158526162460473, 0.2749367549600102, 0.18423879574058727, 0.1623802244866457, 0.1613738833698928, 0.1407598283962139, 0.12722427246330448, 0.12301478949469571, 0.12300201967142413, 0.11794594413524398, 0.11350693485432957, 0.11210246388573973, 0.11209759498149811, 0.11029770606490111, 0.10861153441312772, 0.1078656349189253, 0.10786415754926439, 0.1069190852947636, 0.10593399696393409, 0.10544611360153558, 0.10544537691353717, 0.10481440015183233, 0.10412988856358649, 0.1037802372229347, 0.10377966243811063, 0.10331384457460693, 0.10281565986215355, 0.10255561331030082, 0.10255513962035792, 0.10220494715816954, 0.1018242295267689, 0.10162058173113261, 0.10162020558823198, 0.1013496844612047, 0.10104142326526952, 0.1008725513715155, 0.10087225394760814]
step_times_seconds [0.5800659656524658, 2.8746602535247803, 3.4950098991394043, 4.216443061828613, 4.916482925415039, 4.4087090492248535, 4.442900896072388, 3.7746219635009766, 2.9795541763305664, 3.6135690212249756, 3.6170060634613037, 4.0956151485443115, 2.0363869667053223, 3.9337027072906494, 3.6855969429016113, 3.005659818649292, 1.5458040237426758, 3.6243021488189697, 3.6043777465820312, 3.161057949066162, 1.4096152782440186, 2.7775678634643555, 3.3602030277252197, 3.880462169647217, 1.3956818580627441, 2.79951810836792, 2.8623690605163574, 3.0148510932922363, 1.5707981586456299, 2.9352540969848633, 2.8520870208740234, 3.135370969772339, 2.208897829055786, 3.2946949005126953, 2.9108119010925293, 3.038668155670166, 1.3939719200134277, 2.8411471843719482, 2.8561882972717285, 2.984503984451294, 1.5626499652862549]
