date 2025-01-26T23:42:30.059438
sample_ratio 0.8
rank 16
seed 0
l2_regularization_strength 0
input_shape (256, 256, 14, 20)
input_size 18350080
num_train_samples 14680064
num_test_samples 18350080
num_iterations 10
max_num_richardson_iterations 1024
num_richardson_iterations [3, 4, 5, 5, 5, 5, 5, 4, 5, 5, 4, 3, 4, 4, 4, 2, 4, 4, 4, 2, 4, 4, 4, 2, 4, 4, 4, 2, 4, 4, 4, 2, 4, 4, 3, 2, 4, 4, 3, 2]
train_mses [22608.855517371467, 22604.770160546777, 22273.719531051098, 20157.538717943487, 10711.130800082883, 5824.620327229793, 3906.7853994415877, 3464.9717300079606, 3430.878155861115, 2962.4373995888595, 2668.151670455491, 2610.0710812864113, 2609.629490431246, 2532.379443733288, 2476.512231351411, 2452.540220201955, 2452.5125727318486, 2428.1106246052227, 2398.215017739532, 2385.970804371268, 2385.9509800802443, 2370.3060214641296, 2349.487369624065, 2340.596041556164, 2340.581209568107, 2328.191390126631, 2311.7140366250483, 2304.007773611066, 2303.996069658811, 2293.7477287859774, 2280.3021794149913, 2273.6526105613198, 2273.643002239283, 2265.2863157184115, 2254.5450769308477, 2249.164881072918, 2249.1568424029647, 2242.651382548897, 2234.419173788306, 2230.067796243264, 2230.0610650106814]
train_rres [0.9999999991918223, 0.9998193019947328, 0.9851767815463286, 0.8915771382662254, 0.4737582043105415, 0.25762561568174597, 0.17279890144295185, 0.15325728118105508, 0.15174930683475982, 0.13102995836823766, 0.11801356624394725, 0.11544463527450857, 0.11542510350942346, 0.11200829868371387, 0.10953726637985395, 0.1084769733848519, 0.1084757505246296, 0.10739644122088551, 0.1060741448835694, 0.10553257773750307, 0.10553170090006243, 0.10483971723943661, 0.10391889876601838, 0.10352563126718883, 0.10352497524158712, 0.10297696787244175, 0.10224816700609068, 0.10190731547551087, 0.10190679780436043, 0.10145350900976943, 0.10085880622396107, 0.10056469275841265, 0.1005642677779433, 0.10019464771877239, 0.09971955782443297, 0.09948158930588291, 0.09948123375184167, 0.0991934942931233, 0.09882937994210662, 0.09863691652713269, 0.09863661880164314]
test_mses [22614.471529869315, 22612.65735771187, 22289.16230434194, 20170.75840176817, 10717.754685384227, 5830.151469561542, 3909.4604575775647, 3466.4683032683342, 3432.2248076943274, 2963.352238269855, 2669.076926307668, 2611.362796278512, 2610.8847421330465, 2533.400097457005, 2477.626500963173, 2453.734830588294, 2453.7014972253196, 2429.1417238082545, 2399.2977826216834, 2387.038011813296, 2387.017497264131, 2371.291477910462, 2350.487896890411, 2341.5373535905132, 2341.5235456917867, 2329.1242261370176, 2312.6439445679343, 2304.8598047973906, 2304.8490895471414, 2294.634126758734, 2281.1755397898623, 2274.445946971591, 2274.436637425649, 2266.127414250189, 2255.368552614292, 2249.921124683179, 2249.9125793671637, 2243.4467936964284, 2235.1968380724666, 2230.794852052599, 2230.7870092652292]
test_rres [0.9999999994115928, 0.9999197776759674, 0.9856149970954302, 0.8919402942163783, 0.4739334573846554, 0.25780622193317865, 0.17287427876055267, 0.15328539942443975, 0.151771170117395, 0.1310378724796724, 0.11802517344753483, 0.11547308506824337, 0.11545194576615742, 0.11202561566031757, 0.10955933665011172, 0.1085028595916377, 0.10850138560791402, 0.10741536538541291, 0.10609568205212817, 0.10555356145536868, 0.10555265431282829, 0.10485725803422656, 0.10393733465771374, 0.10354154635539552, 0.10354093577739902, 0.10299264440870193, 0.10226389505289148, 0.10191968449923418, 0.10191921067652165, 0.10146751041154287, 0.1008723787966751, 0.10057479975285694, 0.10057438808964721, 0.10020695862486416, 0.09973120743981632, 0.09949032505082427, 0.09948994718145868, 0.09920403355051703, 0.09883922486559107, 0.09864457136632784, 0.09864422456240832]
step_times_seconds [0.6185510158538818, 2.4501349925994873, 3.2258458137512207, 4.3102428913116455, 4.4486610889434814, 3.6357412338256836, 3.7770698070526123, 3.9981558322906494, 3.036923885345459, 4.663563013076782, 3.9700992107391357, 3.3129899501800537, 2.216977119445801, 2.878124237060547, 2.9846251010894775, 3.0590689182281494, 1.431825876235962, 3.414341926574707, 3.5615439414978027, 3.4248759746551514, 1.4529080390930176, 2.8074517250061035, 2.8842198848724365, 3.119540214538574, 1.4322590827941895, 2.8399851322174072, 2.9945778846740723, 3.043341875076294, 1.397367238998413, 2.92783522605896, 3.6430740356445312, 3.6112430095672607, 1.459644079208374, 2.7856943607330322, 2.931095838546753, 2.353930950164795, 1.4136767387390137, 2.8243350982666016, 2.943464994430542, 2.2686872482299805, 1.4189190864562988]
