date 2025-01-27T09:10:31.779173
sample_ratio 0.6
rank 16
seed 0
l2_regularization_strength 0
input_shape (256, 256, 14, 20)
input_size 18350080
num_train_samples 11010048
num_test_samples 18350080
num_iterations 10
max_num_richardson_iterations 1024
num_richardson_iterations [2, 2, 4, 4, 4, 4, 4, 3, 4, 4, 3, 2, 3, 3, 3, 2, 3, 3, 2, 2, 2, 2, 2, 2, 2, 2, 2, 2, 2, 2, 2, 2, 2, 2, 2, 2, 2, 2, 2, 2]
train_mses [22611.700276562766, 22606.634157672728, 22382.224792747686, 20847.8891243678, 12837.958572377116, 6659.179669795841, 4423.729221669588, 3866.609236234184, 3769.7600893919453, 3252.982219572493, 2860.176469589114, 2751.853212588405, 2751.1984340792237, 2644.92935325049, 2570.8030148512375, 2536.0779963263576, 2535.8674221411643, 2503.84567114816, 2466.3621579686264, 2449.9258749189576, 2449.8491170165003, 2434.439994838407, 2425.671063455058, 2417.526205808817, 2417.5030733588524, 2408.4149468363994, 2397.9682580914564, 2391.8475662087117, 2391.8370541459562, 2384.1655674333533, 2374.4614809341997, 2369.372570711477, 2369.3660566094177, 2362.4057937635616, 2353.7165534617216, 2349.3370532764116, 2349.332328835769, 2342.8868174782274, 2335.098001617913, 2331.2484166128947, 2331.2446911451034]
train_rres [0.9999999994519886, 0.9997759508919379, 0.9898514709962503, 0.9219956419885835, 0.5677573295383023, 0.2945015007583855, 0.19563894643653001, 0.17100037532882983, 0.16671723228321156, 0.14386278687594173, 0.1264909950618045, 0.1217004107352634, 0.12167145322650408, 0.11697171461902543, 0.11369348531950378, 0.11215777513048084, 0.11214846250991262, 0.11073230403514958, 0.10907459971833426, 0.10834770687791845, 0.10834431226798305, 0.10766284550603325, 0.10727504046389617, 0.10691483501529397, 0.10691381198519588, 0.10651189057255038, 0.10604988689253318, 0.10577919995592387, 0.10577873506108532, 0.10543946439083188, 0.10501030221482809, 0.10478524571055411, 0.104784957625095, 0.10447714075343514, 0.10409286004075982, 0.10389917711867327, 0.10389896818079677, 0.10361391613804126, 0.10326945659891852, 0.1030992091183742, 0.103099044359964]
test_mses [22614.471529869315, 22613.193109854245, 22400.426796337688, 20879.004120095375, 12846.71336256267, 6663.537332709942, 4428.509214048494, 3869.905279016548, 3773.6682984672843, 3256.0521252242365, 2863.2849623929606, 2754.9557583481983, 2754.2942680665174, 2647.28818661467, 2573.0385083422448, 2538.057652721254, 2537.84300229182, 2505.528508604056, 2468.2202658212063, 2451.7227477957226, 2451.642172439307, 2436.177897761632, 2427.519340334859, 2419.346151813591, 2419.3217656523907, 2410.211143994214, 2399.8943196358778, 2393.7561458315804, 2393.74532024621, 2386.067126434018, 2376.4951769491495, 2371.3920672519585, 2371.385739092063, 2364.426584291153, 2355.867627657244, 2351.473367195068, 2351.4691754102014, 2345.0274741728676, 2337.3658881987276, 2333.499293106499, 2333.4963436449557]
test_rres [0.9999999994115928, 0.9999434683530345, 0.9905350542271355, 0.9232585462027232, 0.568074886827913, 0.2946581050982259, 0.1958263409159718, 0.1711251696343236, 0.16686962113010465, 0.14398090704917604, 0.12661295033697076, 0.1218226900897685, 0.12179343933852199, 0.11706168687428463, 0.11377840527600953, 0.11223157029672624, 0.11222207856798856, 0.11079314870659124, 0.10914339789496513, 0.10841388635214681, 0.10841032335239853, 0.10772650128526992, 0.10734362444420638, 0.10698221036005838, 0.1069811320168765, 0.10657826513401424, 0.10612206060415648, 0.10585063379709718, 0.10585015509542381, 0.1055106294161466, 0.10508736286018955, 0.1048617060418355, 0.10486142621394375, 0.10455369606037268, 0.10417522351381911, 0.10398091163464092, 0.10398072627612574, 0.10369587764612194, 0.10335708635668091, 0.10318610756175985, 0.10318597713812658]
step_times_seconds [0.5739221572875977, 1.370276927947998, 1.4906868934631348, 3.434213161468506, 5.061665058135986, 2.904381036758423, 2.8124420642852783, 2.9441518783569336, 2.5203819274902344, 2.7629101276397705, 2.807582139968872, 2.30222487449646, 1.4200098514556885, 1.9846081733703613, 2.1545310020446777, 2.2818198204040527, 2.4087350368499756, 2.4350290298461914, 2.2993228435516357, 1.5211210250854492, 1.3484668731689453, 1.3236818313598633, 1.2947173118591309, 1.4621140956878662, 1.4691619873046875, 1.3285939693450928, 1.2985270023345947, 1.395348072052002, 1.4384760856628418, 1.5118913650512695, 1.2996299266815186, 1.3958740234375, 1.3608548641204834, 1.3971679210662842, 1.6592168807983398, 1.8273541927337646, 2.348576784133911, 1.3510746955871582, 1.3621320724487305, 1.4058120250701904, 1.3875107765197754]
