date 2025-01-27T09:10:31.779173
sample_ratio 0.3
rank 16
seed 0
l2_regularization_strength 0
input_shape (256, 256, 14, 20)
input_size 18350080
num_train_samples 5505024
num_test_samples 18350080
num_iterations 10
max_num_richardson_iterations 1024
num_richardson_iterations [2, 4, 4, 4, 4, 4, 4, 4, 4, 4, 4, 4, 4, 4, 4, 2, 4, 4, 4, 4, 4, 4, 4, 2, 4, 4, 4, 2, 4, 4, 4, 2, 4, 4, 4, 2, 4, 4, 4, 2]
train_mses [22613.98400534867, 22606.528825805246, 22441.623963156133, 21865.771706015643, 17650.35496595817, 8844.826145284047, 5821.215476908529, 5026.073921127359, 4777.737300863478, 4073.8225839057786, 3567.499526952495, 3345.299397354722, 3207.141266999684, 2921.712564369706, 2725.9804429554, 2666.886360391407, 2665.0082763387018, 2587.541768282637, 2519.217759914952, 2484.560639317359, 2465.4316089791696, 2425.312737094258, 2381.69640847263, 2361.061646900204, 2361.0372933177296, 2337.573577802677, 2311.948267183004, 2300.1345710277287, 2300.1013504728153, 2285.560455861972, 2270.1641470226773, 2262.296116601824, 2262.2620902704575, 2251.8323665012294, 2240.9054695710533, 2234.826227064892, 2234.7931797903543, 2226.036001572889, 2216.815390516025, 2211.3035990775397, 2211.271219469029]
train_rres [0.9999999976629591, 0.9996703264504812, 0.9923781632374569, 0.9669137313329106, 0.7805062089251454, 0.3911219766725467, 0.2574166260101393, 0.22225512798595995, 0.21127357694105017, 0.1801461685575415, 0.15775634747823808, 0.14793056317477665, 0.14182115184771993, 0.1291993731334779, 0.12054401541718267, 0.11793084993462502, 0.11784780025846572, 0.11442219830099108, 0.11140088157096027, 0.10986832894739776, 0.10902243508415987, 0.10724836149404575, 0.1053196288784492, 0.10440715093916521, 0.10440607401338284, 0.10336849852669869, 0.10223533638447183, 0.10171292971234928, 0.1017114606852717, 0.10106845613669588, 0.10038762480685715, 0.10003969715286197, 0.10003819249400668, 0.09957698566984044, 0.0990937936368906, 0.09882496694582563, 0.09882350558128002, 0.09843625943328026, 0.09802852008787637, 0.09778478632454213, 0.0977833544844724]
test_mses [22614.471529869315, 22614.156743299576, 22530.701245888224, 21962.61560432506, 17724.85687973088, 8880.03754030295, 5851.102804446324, 5049.963650694971, 4800.062309521895, 4091.5848307555766, 3585.9163556821372, 3363.088589331971, 3223.2531019151784, 2937.40489804993, 2741.787231238363, 2682.122238637449, 2680.1223583271444, 2602.4762301997207, 2533.4852337848333, 2498.444857609239, 2478.4888599770698, 2438.147902272655, 2394.3717040054416, 2373.8751009040334, 2373.8459644307727, 2350.1186026091964, 2324.3269083943846, 2312.732548197823, 2312.6955999105094, 2297.8258361375442, 2282.1956899363763, 2274.560128710404, 2274.5223647737475, 2263.759781583196, 2252.6261842557456, 2246.73951843489, 2246.7026098801703, 2237.6317888072595, 2228.271239377933, 2222.8923917963025, 2222.8564326321093]
test_rres [0.9999999994115928, 0.9999860797155636, 0.9962957216520547, 0.9711752743102466, 0.7837838193959279, 0.3926705748285592, 0.2587326789076333, 0.2233067282184117, 0.21225622276238273, 0.18092772245169964, 0.15856732928009662, 0.1487140030184265, 0.14253055154356817, 0.12989049478524403, 0.12124038476882859, 0.11860203027591015, 0.11851359662374693, 0.11508012580488738, 0.11202938034381531, 0.11047991339701115, 0.10959746971071632, 0.10781361384535174, 0.1058778534547702, 0.10497150447985491, 0.10497021608038004, 0.1039210046594421, 0.10278050954923931, 0.10226781305865693, 0.10226617922488622, 0.10160864611629356, 0.10091748929791172, 0.10057984880910373, 0.10057817890774945, 0.10010226315751829, 0.09960994135790452, 0.09934963610117473, 0.09934800402435837, 0.09894689710237733, 0.0985329785453394, 0.09829512874321773, 0.09829353864794957]
step_times_seconds [0.508281946182251, 1.3895888328552246, 2.885632038116455, 3.1460039615631104, 2.839369058609009, 2.5695791244506836, 2.6614420413970947, 2.766463041305542, 2.740760087966919, 2.5635361671447754, 2.6655187606811523, 2.7837398052215576, 2.7707090377807617, 2.5928947925567627, 2.6537578105926514, 2.758861780166626, 1.322510004043579, 2.52812123298645, 2.651055097579956, 2.776332139968872, 2.7502877712249756, 2.5532519817352295, 2.6433777809143066, 2.8111937046051025, 1.320275068283081, 2.510727882385254, 2.63525128364563, 2.818506956100464, 1.3327281475067139, 2.5269832611083984, 2.641113042831421, 2.7793800830841064, 1.318727970123291, 2.5102241039276123, 2.6924078464508057, 2.7877800464630127, 1.318552017211914, 2.5345280170440674, 2.652858018875122, 2.757457971572876, 1.3202779293060303]
