date 2025-01-26T23:42:30.059438
sample_ratio 0.4
rank 16
seed 0
l2_regularization_strength 0
input_shape (256, 256, 14, 20)
input_size 18350080
num_train_samples 7340032
num_test_samples 18350080
num_iterations 10
max_num_richardson_iterations 1024
num_richardson_iterations [2, 2, 3, 5, 7, 6, 5, 4, 5, 4, 3, 3, 4, 3, 3, 2, 3, 3, 2, 2, 2, 2, 2, 2, 2, 2, 2, 2, 2, 2, 2, 2, 2, 2, 2, 2, 2, 2, 2, 2]
train_mses [22604.506769680684, 22597.9157125893, 22477.81321545773, 21700.943805538114, 16408.57612140131, 8112.952574910244, 5439.969323543316, 4510.0270047160675, 4079.6400898623383, 3481.799144810375, 3132.642598004916, 3035.329416714713, 2977.8564943866563, 2844.9804140469164, 2746.5291339320356, 2695.001350178272, 2686.203927008332, 2645.998369477414, 2599.8627470038805, 2583.686930976314, 2579.8861365046096, 2559.8382922922924, 2546.398233496292, 2535.6354661661453, 2534.1304947060958, 2518.855274708007, 2506.0916843778264, 2498.1096594804903, 2497.510830497556, 2485.0466120354627, 2473.52185139575, 2467.1651996874143, 2466.923104239228, 2456.349548978587, 2446.089961997706, 2440.797190420139, 2440.6958137586175, 2431.4973688564924, 2422.372613977421, 2417.837675497768, 2417.792225307027]
train_rres [0.9999999985876914, 0.9997084170394084, 0.9943952067939612, 0.960027307651634, 0.725898435449876, 0.3589086303061527, 0.2406586160577945, 0.1995189297558925, 0.18047905781216286, 0.15403119277803135, 0.13858486829637248, 0.13427983381168765, 0.13173729117483726, 0.1258589908205776, 0.12150360802107812, 0.11922407216541839, 0.11883488326396818, 0.11705623098529683, 0.11501523876730879, 0.11429963739765549, 0.11413149418156748, 0.1132445982900414, 0.11265002399059038, 0.11217389029634041, 0.11210731191561049, 0.1114315519827725, 0.11086690394854624, 0.11051378742327131, 0.11048729584846326, 0.10993589171602679, 0.10942604822592708, 0.10914483652933372, 0.10913412647711665, 0.10866636332911069, 0.10821248981304915, 0.10797834307301982, 0.10797385827437275, 0.1075669285862863, 0.10716325886859872, 0.10696263788095871, 0.10696062721153159]
test_mses [22614.471529869315, 22613.924282466058, 22513.22460351754, 21757.37272704242, 16458.001775383575, 8139.02420992506, 5462.4563283449, 4527.351092454065, 4095.0388499908854, 3494.226857110119, 3145.1302557808726, 3047.776070502396, 2989.7203334325973, 2855.4612127364785, 2756.883411965248, 2705.1169944131434, 2696.1614510334934, 2655.6887461732877, 2609.610394132234, 2593.3964541311975, 2589.5301674009247, 2569.397849368943, 2556.0181525034523, 2545.246657920547, 2543.7099210073998, 2528.3755501228125, 2515.699313824916, 2507.729679237806, 2507.11530822775, 2494.608395395884, 2483.182640350564, 2476.8520573378155, 2476.6016391411017, 2465.9959634210595, 2455.8374366212474, 2450.57863511764, 2450.4719613954107, 2441.247867039939, 2432.2202122308972, 2427.722928698836, 2427.6733981464495]
test_rres [0.9999999994115928, 0.9999758004201544, 0.9955229137472883, 0.9620995425651654, 0.7277641550881147, 0.3599033563258789, 0.2415469367885033, 0.20019707662902445, 0.18108045735990716, 0.15451286802961092, 0.13907600050596586, 0.1347710497980704, 0.1322038557356773, 0.1262669882550559, 0.12190792991566358, 0.11961884624403007, 0.11922283684082327, 0.11743315518574084, 0.11539559476992126, 0.11467862289772512, 0.11450765773840707, 0.11361741725706108, 0.11302577412094154, 0.11254946431364225, 0.11248151061814186, 0.11180343282820497, 0.11124289634723106, 0.11089048331065428, 0.11086331614873839, 0.11031026706209546, 0.10980502620234306, 0.10952509116160324, 0.1095140178010679, 0.1090450404163966, 0.10859583572105727, 0.10836329429316817, 0.10835857723745342, 0.10795069265178618, 0.10755149451921844, 0.10735262701424601, 0.10735043679935234]
step_times_seconds [0.5142929553985596, 1.3979101181030273, 1.466156005859375, 2.616016149520874, 5.804167747497559, 4.8691651821136475, 4.097286939620972, 3.5662200450897217, 2.847658157348633, 3.425117015838623, 2.674957036972046, 2.061807155609131, 2.181408166885376, 2.630445957183838, 1.9808588027954102, 2.1067628860473633, 3.2375900745391846, 2.256472110748291, 2.0847861766815186, 1.3864400386810303, 1.2521209716796875, 1.2271809577941895, 1.2112109661102295, 1.306485891342163, 1.340325117111206, 1.2936038970947266, 1.2083089351654053, 1.2969989776611328, 1.2870440483093262, 1.2414369583129883, 1.2567570209503174, 1.4027199745178223, 1.2813010215759277, 1.2418601512908936, 1.2797276973724365, 1.7657971382141113, 2.4261341094970703, 1.4359989166259766, 1.2220070362091064, 1.3938560485839844, 1.3111000061035156]
