date 2025-01-26T23:42:30.059438
sample_ratio 0.1
rank 16
seed 0
l2_regularization_strength 0
input_shape (256, 256, 14, 20)
input_size 18350080
num_train_samples 1835008
num_test_samples 18350080
num_iterations 10
max_num_richardson_iterations 1024
num_richardson_iterations [2, 4, 4, 4, 6, 4, 4, 4, 4, 4, 4, 4, 4, 4, 4, 4, 4, 4, 4, 2, 4, 4, 4, 4, 4, 4, 4, 2, 4, 4, 4, 2, 4, 4, 2, 2, 2, 2, 2, 2]
train_mses [22671.671119882758, 22662.768382722523, 22427.329518854127, 22249.49963017945, 21014.587553371963, 13283.900734335888, 8429.423866093219, 6796.016427932131, 6246.97448525657, 5266.431266564915, 4206.447945553015, 3901.1837993415256, 3802.1865753186466, 3379.219679183491, 3043.61759581921, 2914.7590391773883, 2874.6498081046325, 2744.866351913564, 2633.619570564383, 2561.3233954765465, 2559.8034091892055, 2504.4459306580984, 2447.925405712273, 2418.605034912366, 2390.3851887864307, 2360.04683019694, 2320.7019278837283, 2299.4564415567597, 2299.3445302133428, 2280.4019630412145, 2257.0937194934545, 2243.497358722923, 2243.3383717498004, 2231.18681226532, 2216.1651813567923, 2214.4290041199383, 2214.2608793953955, 2213.1205887132664, 2213.08850920909, 2211.6618193687227, 2211.5223144413385]
train_rres [0.9999999992152869, 0.9996073180976855, 0.9892226021921532, 0.9813788977031982, 0.92690950860045, 0.5859250804084765, 0.37180425804986406, 0.29975807194200127, 0.2755409800769372, 0.23229126933716354, 0.18553762181929154, 0.17207305873711837, 0.16770649822105763, 0.14905031299471533, 0.134247606951286, 0.1285639255032212, 0.12679479120212833, 0.12107031436921382, 0.11616345149732248, 0.11297461840915625, 0.11290757499281033, 0.1104658723854044, 0.10797287023295585, 0.10667960999546128, 0.10543489159977837, 0.10409673004983078, 0.10236130869185986, 0.10142421472124097, 0.10141927854592606, 0.10058376152306966, 0.09955568364534195, 0.09895597660619307, 0.09894896402330243, 0.098412984147329, 0.09775041142309931, 0.0976738322760964, 0.09766641664610062, 0.09761612080883285, 0.09761470584899234, 0.09755177754380905, 0.09754562427321258]
test_mses [22614.471529869315, 22614.357357404006, 22722.296136226516, 22594.761145824166, 21352.860383178002, 13464.100433183077, 8559.404380793329, 6854.022245649069, 6287.5612651121755, 5316.567107020404, 4263.850091500427, 3955.688199620225, 3854.699446369553, 3433.1897352842457, 3096.6085386029195, 2966.956166704779, 2924.0420908444607, 2790.559947367657, 2676.96176249352, 2602.3939471246726, 2600.7502757652574, 2544.3033246994264, 2488.0324065884506, 2457.991025812044, 2427.9627967085867, 2396.782789373485, 2358.611652857219, 2336.792968641995, 2336.639637899128, 2317.1056424482144, 2294.3817072116412, 2280.3652816557874, 2280.169813531867, 2267.49618554291, 2252.8933131859626, 2251.1241081369503, 2250.9223755866037, 2249.733953523169, 2249.7063600808674, 2248.25148704385, 2248.0829466734567]
test_rres [0.9999999994115928, 0.9999949507654154, 1.0047679466152821, 0.9991284166285277, 0.9442122201445589, 0.5953754173506662, 0.378492345684559, 0.3030812474464983, 0.2780326417580833, 0.23509579239426168, 0.18854520139282632, 0.17491844512342353, 0.17045277573743486, 0.15181383870631496, 0.1369303957729384, 0.1311972362935932, 0.12929959850097947, 0.1233970885430546, 0.11837383674354852, 0.11507648729072222, 0.1150038050104276, 0.1125077506163171, 0.11001948030659339, 0.1086910662988174, 0.10736323385108025, 0.1059844703776304, 0.10429656286038469, 0.10333175215616072, 0.10332497195161011, 0.10246118897911752, 0.10145634855234971, 0.10083654960948724, 0.10082790611217858, 0.1002674849692498, 0.09962175365825862, 0.09954352034444298, 0.09953459983750292, 0.09948204844088214, 0.09948082827342215, 0.09941649455533197, 0.0994090417890769]
step_times_seconds [0.4813120365142822, 1.2572579383850098, 2.6608099937438965, 2.9856247901916504, 2.6729438304901123, 3.669257164001465, 2.7017037868499756, 2.612398147583008, 2.5447888374328613, 2.8489573001861572, 2.985424041748047, 2.918566942214966, 3.0713717937469482, 2.3416221141815186, 2.4531090259552, 2.667667865753174, 2.60616397857666, 2.3794469833374023, 2.563459873199463, 3.193464994430542, 1.8092138767242432, 2.716214179992676, 2.442896842956543, 2.611126661300659, 2.5805020332336426, 2.3921518325805664, 2.450284957885742, 2.6146740913391113, 1.2743611335754395, 2.388522148132324, 2.473958969116211, 2.7606778144836426, 1.5034220218658447, 3.0245320796966553, 2.6652071475982666, 1.5274980068206787, 1.135073184967041, 1.094377040863037, 1.0876741409301758, 1.241718053817749, 1.1886022090911865]
