date 2025-01-27T09:10:31.779173
sample_ratio 0.5
rank 16
seed 0
l2_regularization_strength 0
input_shape (256, 256, 14, 20)
input_size 18350080
num_train_samples 9175040
num_test_samples 18350080
num_iterations 10
max_num_richardson_iterations 1024
num_richardson_iterations [3, 4, 4, 4, 5, 4, 4, 4, 4, 4, 4, 4, 4, 4, 4, 2, 4, 4, 4, 2, 4, 4, 4, 2, 4, 4, 4, 2, 4, 4, 4, 2, 4, 4, 4, 2, 4, 4, 4, 2]
train_mses [22610.854759402322, 22603.30567461015, 22379.59436785825, 21234.065459930232, 14255.632392463052, 6995.812491223675, 4713.580738131026, 3981.8380565201433, 3775.2454115564487, 3332.359886925623, 2917.50155713684, 2831.3369293902147, 2825.428531946145, 2721.5069249682383, 2646.117078220059, 2612.2436487046602, 2612.1892015363405, 2567.8375780180836, 2520.8600144802963, 2497.0598842951317, 2497.0010738478863, 2462.259511465413, 2425.459255732244, 2409.3565359102195, 2409.3016594514083, 2382.974540816508, 2358.968398021164, 2348.644963313776, 2348.5984442500912, 2330.802675359293, 2314.232478656669, 2306.983085467232, 2306.944213883195, 2293.7601403599897, 2280.9744387516607, 2275.3279739035984, 2275.294976209429, 2264.580152917962, 2253.8997312259617, 2248.886981047736, 2248.858258836596]
train_rres [0.9999999981090242, 0.9996661281665464, 0.9897721498667725, 0.9391093634329467, 0.6304773754551692, 0.309400619854306, 0.20846539325355226, 0.1761029422089763, 0.16696606318466056, 0.14737876635285133, 0.12903101553057053, 0.12522025169609585, 0.12495894368736431, 0.12036285000195511, 0.11702861751017948, 0.11553051273653048, 0.11552810472636031, 0.11356658562828437, 0.1114889302743036, 0.11043633273239678, 0.11043373174947241, 0.10889723245802786, 0.10726968427131994, 0.10655751659951275, 0.1065550896033071, 0.10539073209160496, 0.10432902332360863, 0.10387245346821322, 0.10387039609072389, 0.1030833507071456, 0.10235050814778152, 0.10202989252962517, 0.10202817337374288, 0.10144508734543639, 0.10087961993077199, 0.10062989629593076, 0.1006284369219063, 0.10015455730146648, 0.0996821991449327, 0.0994605025208074, 0.09945923223662795]
test_mses [22614.471529869315, 22616.525527082627, 22419.796420970022, 21278.884080713742, 14280.469635241758, 7007.300267442397, 4724.294417155165, 3989.799323318447, 3782.2020538457023, 3337.8530443448935, 2923.1797706442535, 2836.719590839364, 2830.5448958516477, 2726.235372252135, 2650.913692836321, 2616.8481141303755, 2616.7797361956805, 2572.1281845607086, 2525.3670297358753, 2501.4639151131, 2501.395627676952, 2466.4020898849676, 2429.8590104789696, 2413.6995697777834, 2413.6413708047867, 2387.205513687516, 2363.3936508788856, 2353.0359512312107, 2352.99035413163, 2335.12949925109, 2318.7139756746733, 2311.448357676362, 2311.4117060522235, 2298.1768657936454, 2285.5202237350436, 2279.857109393451, 2279.826337294119, 2269.0735365723094, 2258.4898888341218, 2253.4496400736425, 2253.4226779657206]
test_rres [0.9999999994115928, 1.0000908260846544, 0.9913915688087545, 0.9409410270802848, 0.6314748327405001, 0.30985912069906085, 0.20890580653788365, 0.17642682101596194, 0.16724697929043686, 0.1475981005336438, 0.12926146715669576, 0.12543824362304745, 0.12516520186852634, 0.12055268976978624, 0.11722200484654983, 0.11571564292953987, 0.1157126192933446, 0.11373815123868666, 0.11167039764402245, 0.11061341452694456, 0.11061039489254726, 0.1090629991143539, 0.10744708342354374, 0.10673252148163259, 0.10672994795375307, 0.10556096829987088, 0.10450802028986902, 0.10405000827628294, 0.104047991996597, 0.10325819441735931, 0.10253230862581755, 0.10221102683135068, 0.1022094061158691, 0.1016241684624793, 0.10106449842842886, 0.10081407850016388, 0.10081271777416713, 0.1003372345995424, 0.09986923128060651, 0.09964635413970777, 0.09964516188952095]
step_times_seconds [0.5128867626190186, 2.0860159397125244, 2.9603331089019775, 3.178215742111206, 2.8785929679870605, 3.3587300777435303, 2.751983165740967, 2.8391971588134766, 2.809413194656372, 2.6599419116973877, 2.7615809440612793, 2.8228089809417725, 2.8372440338134766, 2.668855905532837, 2.7580831050872803, 2.830397844314575, 1.3899800777435303, 2.6264030933380127, 2.729314088821411, 2.8361549377441406, 1.3889038562774658, 2.5988309383392334, 2.737999200820923, 2.8210558891296387, 1.373776912689209, 2.614960193634033, 2.787200927734375, 2.8309950828552246, 1.3662657737731934, 2.6332039833068848, 2.75494122505188, 2.8151752948760986, 1.3694188594818115, 2.6399271488189697, 2.750478744506836, 2.8493309020996094, 1.3762900829315186, 2.621903896331787, 2.7856650352478027, 2.8296327590942383, 1.379051923751831]
