date 2025-01-26T23:42:30.059438
sample_ratio 0.1
rank 16
seed 0
l2_regularization_strength 0
input_shape (256, 256, 14, 20)
input_size 18350080
num_train_samples 1835008
num_test_samples 18350080
num_iterations 10
max_num_richardson_iterations 1024
num_richardson_iterations [2, 2, 2, 2, 4, 4, 4, 4, 4, 4, 4, 4, 4, 4, 2, 2, 2, 2, 2, 2, 2, 2, 2, 2, 2, 2, 2, 2, 2, 2, 2, 2, 2, 2, 2, 2, 2, 2, 2, 2]
train_mses [22671.671119882758, 22662.768382722523, 22617.028776698473, 22554.956826873666, 22353.07965617395, 17544.242042188464, 13546.373251913614, 10084.12038216558, 7615.097041137173, 6712.442948295116, 5017.789014343519, 4693.896612224114, 4286.221503289012, 3800.669773858812, 3453.1471159001253, 3424.498537925402, 3411.7991544199826, 3392.3966872405317, 3391.215900227231, 3366.0535095045425, 3353.8073221085265, 3336.3161031630516, 3333.8311663675436, 3311.6532305891365, 3300.137583491866, 3284.222332513745, 3280.374686689299, 3260.894827325501, 3250.3288312980812, 3235.799220588219, 3230.753340133906, 3213.6889637528243, 3204.1313536466355, 3190.8013359276747, 3184.770057673149, 3169.803811068719, 3161.188634446775, 3148.858238360271, 3142.037565864791, 3128.8410011288674, 3121.0435549118997]
train_rres [0.9999999992152869, 0.9996073180976855, 0.9975898397324473, 0.9948519758384328, 0.985947596030089, 0.7738398257301465, 0.5975021942429116, 0.4447894608619652, 0.3358860048249009, 0.29607182053470465, 0.2213241795839857, 0.20703796309149292, 0.1890562666184143, 0.16763959528079247, 0.15231109762182599, 0.15104746876091163, 0.15048732551305388, 0.14963152326267587, 0.1495794412169312, 0.14846958078494582, 0.1479294270696925, 0.14715792598186975, 0.1470483206166358, 0.14607009825077086, 0.1455621671402964, 0.14486017870364895, 0.14469046709301903, 0.14383125123524187, 0.1433652072474274, 0.14272433650518562, 0.14250177327093297, 0.1417490993159581, 0.14132753312226423, 0.14073957391810965, 0.14047354684767888, 0.13981341700927621, 0.13943341958563557, 0.13888955160115277, 0.13858870600163511, 0.13800663312946845, 0.13766270408384948]
test_mses [22614.471529869315, 22614.357357404006, 22604.31803854213, 22577.289979344594, 22409.865283292704, 17808.97915116526, 13737.824539431964, 10190.600965653168, 7664.0355701114, 6786.8377266688, 5102.563661492793, 4770.136411790207, 4353.685855150277, 3869.7289441766284, 3526.149591152515, 3497.1824556171264, 3483.810220181388, 3463.8303155457907, 3462.556803603204, 3437.2907199723795, 3424.4518131684686, 3406.4202844357915, 3403.826471427975, 3381.65714304229, 3369.556540701908, 3353.0876410637343, 3349.0782633968006, 3329.665317558707, 3318.4847081326493, 3303.3649454923684, 3298.092865275684, 3281.126335669475, 3270.908991887095, 3256.944748360752, 3250.6254342345824, 3235.7720374858814, 3226.4519426867123, 3213.4456894674895, 3206.2866104084233, 3193.20639120636, 3184.6714457595995]
test_rres [0.9999999994115928, 0.9999949507654154, 0.9995510173821962, 0.9983558508647769, 0.9909524191404389, 0.787503661854938, 0.6074793529091996, 0.4506229980301394, 0.33889960928245116, 0.30011038346446806, 0.225632672943558, 0.21093291535391406, 0.19251769146310432, 0.1711173722007385, 0.15592447448618665, 0.1546435630361851, 0.1540522498405525, 0.15316874899917968, 0.15311243497299715, 0.15199518208550047, 0.1514274524005773, 0.1506301077136475, 0.15051541067096555, 0.14953509466652748, 0.14900001241544417, 0.1482717663626133, 0.14809447379757243, 0.14723604357509165, 0.14674164292528155, 0.1460730549986783, 0.14583992639310292, 0.14508967540564047, 0.14463786985436447, 0.14402037837331516, 0.14374094163679427, 0.14308413226937913, 0.14267200259474247, 0.142096872939628, 0.14178030224084345, 0.14120190184899303, 0.1408244910644666]
step_times_seconds [0.4669191837310791, 1.274505853652954, 1.262350082397461, 1.7576839923858643, 1.8400509357452393, 2.7127928733825684, 2.3615598678588867, 2.6671738624572754, 2.5051231384277344, 2.3365728855133057, 2.5927858352661133, 2.626889944076538, 2.60149884223938, 2.4557790756225586, 2.447489023208618, 1.217533826828003, 1.177170753479004, 1.1294960975646973, 1.5349922180175781, 1.6493933200836182, 1.8001530170440674, 1.1676299571990967, 1.107893943786621, 1.3549370765686035, 1.2334330081939697, 1.1544299125671387, 1.1351287364959717, 1.2394330501556396, 1.3111660480499268, 1.1648027896881104, 1.1363790035247803, 1.2783939838409424, 1.182569980621338, 1.1438558101654053, 1.1587350368499756, 1.2907061576843262, 1.7483630180358887, 1.2972679138183594, 1.2862329483032227, 1.5221309661865234, 1.4054369926452637]
