date 2025-01-26T23:42:30.059438
sample_ratio 0.2
rank 16
seed 0
l2_regularization_strength 0
input_shape (256, 256, 14, 20)
input_size 18350080
num_train_samples 3670016
num_test_samples 18350080
num_iterations 10
max_num_richardson_iterations 1024
num_richardson_iterations [2, 2, 2, 2, 4, 2, 2, 2, 2, 2, 2, 2, 2, 2, 2, 2, 2, 2, 2, 2, 2, 2, 2, 2, 2, 2, 2, 2, 2, 2, 2, 2, 2, 2, 2, 2, 2, 2, 2, 2]
train_mses [22637.914002313733, 22629.631522325664, 22572.596713627725, 22450.749856403396, 21500.393193033753, 13622.596765397571, 12451.876983497174, 11773.927990013855, 11211.146092128703, 11073.448050719862, 10080.644804908176, 9446.18305624433, 8928.091462223081, 8676.749057151535, 7963.149520387465, 7551.197393411834, 7218.73567964716, 7025.457911178927, 6567.406324050136, 6332.793659488444, 6134.905965697567, 5996.48721317035, 5686.615632419126, 5542.345510220567, 5410.97556769941, 5287.474750336279, 5046.684654547439, 4934.1042974743905, 4828.713999857791, 4702.115852394105, 4503.8988403966205, 4406.926209674362, 4318.011460317249, 4198.155747784902, 4039.920697390787, 3952.008442398998, 3874.6859369933723, 3773.412700010783, 3654.443673032999, 3583.014742893626, 3525.208125094472]
train_rres [0.9999999986292428, 0.9996341309978054, 0.9971146935348868, 0.9917322692954073, 0.9497515169182313, 0.6017602481099623, 0.550045245562644, 0.5200977427810395, 0.49523759457762306, 0.4891549651796133, 0.4452991909970042, 0.41727267990904326, 0.3943866669460946, 0.38328394764513213, 0.3517616291261659, 0.3335641871547528, 0.3188781293636078, 0.31034033881525863, 0.2901065139825422, 0.2797428089072373, 0.2710013809868293, 0.2648869151255608, 0.25119874667087044, 0.2448258042705214, 0.23902271029606537, 0.23356722454851728, 0.2229306395948787, 0.2179575507799277, 0.21330207335999568, 0.2077097671396782, 0.19895379202176242, 0.19467015393658277, 0.19074246213484938, 0.18544799408643275, 0.17845816939847606, 0.17457476146335016, 0.1711591417515811, 0.16668553005602393, 0.1614302301727155, 0.158274951376526, 0.1557214202643393]
test_mses [22614.471529869315, 22614.319270029704, 22588.001004410078, 22493.995992137334, 21567.519823325973, 13701.57926493517, 12528.282230104694, 11846.881850842177, 11279.37704900776, 11139.019721154675, 10144.948041531112, 9507.865452861231, 8985.811836535988, 8731.285823797565, 8015.935322635639, 7601.174873262293, 7265.59541655863, 7069.850727926566, 6610.779762962137, 6374.2874362920975, 6174.396347400317, 6034.372332970442, 5724.311653121553, 5579.10005420767, 5446.478495044064, 5321.69555649351, 5081.2628266830225, 4968.289744921797, 4861.960749892114, 4734.321647990411, 4536.715752246931, 4439.7596910192915, 4349.911433887304, 4229.2518549023325, 4071.3959979595315, 3983.5448296403897, 3905.2599655489153, 3803.1977050420596, 3684.224194119074, 3612.6185684543348, 3554.025163385312]
test_rres [0.9999999994115928, 0.9999932665618191, 0.9988294867419203, 0.9946726346972785, 0.9537043473312651, 0.6058766059943493, 0.5539940301583232, 0.5238628649015282, 0.4987681019860682, 0.4925615750024456, 0.44860424981243757, 0.42043279387310445, 0.397347858400324, 0.386092852407702, 0.35446043067296595, 0.33611994243376564, 0.3212807959136725, 0.3126250690593728, 0.29232519319944106, 0.2818676272899956, 0.2730285488038967, 0.26683676076398877, 0.25312604109243164, 0.24670486080366646, 0.24084040543001764, 0.23532256972413712, 0.22469076126682028, 0.21969515119715602, 0.21499333913726867, 0.209349205394943, 0.20061117694416938, 0.19632383107174742, 0.19235078854628104, 0.18701528562486155, 0.18003498291730458, 0.17615025060545658, 0.17268853521927072, 0.16817539590880762, 0.1629144500275015, 0.15974808704050758, 0.15715711758286824]
step_times_seconds [0.47896313667297363, 1.288999080657959, 1.2776598930358887, 1.4324588775634766, 1.3236169815063477, 2.4963479042053223, 1.1512000560760498, 1.2703890800476074, 1.423072099685669, 1.5739357471466064, 1.5681939125061035, 1.631052017211914, 1.3240110874176025, 1.1557114124298096, 1.141875982284546, 1.3478097915649414, 1.229755163192749, 1.1455109119415283, 1.1559371948242188, 1.3146717548370361, 1.2764782905578613, 1.1596338748931885, 1.1735689640045166, 1.2642948627471924, 1.223844289779663, 1.171457052230835, 1.2088079452514648, 1.575815200805664, 1.6706418991088867, 1.3153340816497803, 1.188910961151123, 1.3324201107025146, 1.227830171585083, 1.1308441162109375, 1.1592028141021729, 1.2651147842407227, 1.4887659549713135, 1.2087128162384033, 1.152925968170166, 1.2531769275665283, 1.2200970649719238]
