date 2025-01-26T23:42:30.059438
sample_ratio 0.6
rank 16
seed 0
l2_regularization_strength 0
input_shape (256, 256, 14, 20)
input_size 18350080
num_train_samples 11010048
num_test_samples 18350080
num_iterations 10
max_num_richardson_iterations 1024
num_richardson_iterations [2, 2, 2, 3, 4, 3, 3, 2, 3, 2, 2, 2, 2, 2, 2, 2, 2, 2, 2, 2, 2, 2, 2, 2, 2, 2, 2, 2, 2, 2, 2, 2, 2, 2, 2, 2, 2, 2, 2, 2]
train_mses [22611.700276562766, 22606.634157672728, 22382.224792747686, 21092.431943249798, 13172.061955753466, 6900.4302699613645, 4924.860922538084, 4074.1227566260454, 3933.9589796882365, 3476.6806220497915, 3135.7557295763772, 3039.8807686983623, 3004.074445616574, 2930.769865974787, 2817.042658689011, 2777.0354772375663, 2770.2441225332914, 2720.4549067644016, 2665.1256090911693, 2640.8876173025433, 2639.5722338226637, 2605.758629632029, 2571.4175917439943, 2554.4192399632043, 2554.146844032198, 2530.552920674716, 2506.1942235791266, 2493.182260715178, 2493.1112822665, 2475.637747716347, 2456.8310122466983, 2446.2478264213646, 2446.21967829157, 2432.39184224142, 2417.0482662618865, 2408.1573487612645, 2408.1410743270717, 2396.631184749038, 2383.6749487853435, 2376.110521769557, 2376.0991780613804]
train_rres [0.9999999994519886, 0.9997759508919379, 0.9898514709962503, 0.9328105217082416, 0.5825330155374467, 0.3051707824613353, 0.21780144171395496, 0.1801776383271914, 0.1739789104497359, 0.153755824534263, 0.13867845803299397, 0.1344383982562929, 0.1328548674901753, 0.12961298038283575, 0.12458340693933265, 0.1228140936661071, 0.12251374673874257, 0.12031182405567871, 0.11786489184951197, 0.11679296928380972, 0.11673479659166051, 0.11523939360300722, 0.11372066491612424, 0.11296891464685795, 0.11295686796626668, 0.11191342925728082, 0.11083616851243146, 0.1102607158619156, 0.11025757684769859, 0.10948481167184454, 0.10865308582950105, 0.10818504558086466, 0.1081838007328685, 0.10757226617892322, 0.10689369819051639, 0.10650049832553478, 0.10649977859044255, 0.10599075496855877, 0.10541776683418023, 0.10508323086744087, 0.10508272919317349]
test_mses [22614.471529869315, 22613.193109854245, 22400.426796337688, 21119.28741849441, 13186.62557111344, 6907.277754024948, 4932.513127854858, 4078.8609054625235, 3938.30837303958, 3480.4323725534528, 3139.4718300903724, 3043.1885855864552, 3007.3351816698228, 2933.5925607971835, 2819.660748314973, 2779.5217660200437, 2772.6974465001667, 2722.589264121131, 2667.0718000526635, 2642.853948436349, 2641.5207938020126, 2607.510828849752, 2572.989067938258, 2556.0793270600034, 2555.7970188428485, 2532.093958579209, 2507.5648759473393, 2494.6710728027642, 2494.5943423498634, 2477.0696234899538, 2458.1102759434575, 2447.6575821615465, 2447.626228437423, 2433.7841930444606, 2418.3088696285613, 2409.551724684727, 2409.5339421743533, 2398.033370554406, 2384.965301216312, 2377.532321723889, 2377.5206235951214]
test_rres [0.9999999994115928, 0.9999434683530345, 0.9905350542271355, 0.9338837468818673, 0.5831056253486786, 0.30543617792869876, 0.21811312806658523, 0.1803650771885211, 0.17414991836181146, 0.15390288320063406, 0.1388257879073784, 0.13456819363549402, 0.13298277503094338, 0.12972191524335785, 0.12468391060704827, 0.12290898598772675, 0.1226072181791424, 0.12039146079195921, 0.11793650782246477, 0.1168656072015912, 0.11680665580704762, 0.1153027531008832, 0.11377621904743052, 0.11302847922755588, 0.11301599570714216, 0.1119678588882744, 0.11088319579610184, 0.11031303862395841, 0.11030964564381496, 0.10953471182206054, 0.10869633947671085, 0.10823412687262879, 0.1082327404274906, 0.10762065292562106, 0.10693634228911764, 0.10654910596006546, 0.10654831962683899, 0.10603977041763059, 0.10546190728635452, 0.10513322485491973, 0.10513270756983771]
step_times_seconds [0.5763261318206787, 1.7223291397094727, 1.7676970958709717, 1.7839150428771973, 2.4230639934539795, 2.685349941253662, 2.0138649940490723, 2.1916558742523193, 1.439687967300415, 1.9659771919250488, 1.2702867984771729, 1.403365135192871, 1.6040308475494385, 1.5376269817352295, 1.4677770137786865, 1.7430830001831055, 1.648010015487671, 1.2660040855407715, 1.267806053161621, 1.4182219505310059, 1.329495906829834, 1.2935538291931152, 1.3311522006988525, 1.3627660274505615, 1.3548312187194824, 1.2597670555114746, 1.2981200218200684, 1.5161380767822266, 1.4564480781555176, 1.2749898433685303, 1.2937347888946533, 1.3897778987884521, 1.943958044052124, 1.4158432483673096, 1.547908067703247, 1.6067709922790527, 1.5073609352111816, 1.3305480480194092, 1.2522048950195312, 1.3507499694824219, 1.3241801261901855]
