date 2025-01-26T23:42:30.059438
sample_ratio 0.2
rank 16
seed 0
l2_regularization_strength 0
input_shape (256, 256, 14, 20)
input_size 18350080
num_train_samples 3670016
num_test_samples 18350080
num_iterations 10
max_num_richardson_iterations 1024
num_richardson_iterations [2, 2, 2, 2, 3, 3, 3, 2, 2, 2, 2, 2, 2, 2, 2, 2, 2, 2, 2, 2, 2, 2, 2, 2, 2, 2, 2, 2, 2, 2, 2, 2, 2, 2, 2, 2, 2, 2, 2, 2]
train_mses [22637.914002313733, 22629.631522325664, 22572.596713627725, 22450.749856403396, 21500.393193033753, 16836.349249919214, 13282.789668507603, 10897.586827013558, 9894.30967125312, 9231.271718062195, 8614.775701920982, 8190.912332829702, 7681.572327358593, 7310.100854633629, 6944.142626846903, 6717.420823982185, 6422.994069331536, 6185.298873562627, 5945.503893452449, 5813.080781548046, 5630.646087415027, 5463.533361182715, 5289.578677864187, 5200.732345427799, 5074.840326329684, 4934.455151388806, 4782.829112658338, 4703.79176327865, 4602.130714589862, 4469.387767091148, 4332.741762344393, 4258.517661927292, 4177.0236026791845, 4059.167920566259, 3944.043905397644, 3873.6939212270595, 3804.6664024081138, 3703.395102736558, 3608.438000242676, 3544.0734112821665, 3486.8891557084894]
train_rres [0.9999999986292428, 0.9996341309978054, 0.9971146935348868, 0.9917322692954073, 0.9497515169182313, 0.7437235261658779, 0.5867497177055512, 0.4813865275290742, 0.4370680821863342, 0.4077792549465853, 0.38054635640155426, 0.3618227510169351, 0.33932332793754405, 0.3229140654861627, 0.3067483433596592, 0.2967332066942065, 0.28372729306554934, 0.27322742123907306, 0.26263479420828884, 0.25678517786513333, 0.2487263658268731, 0.24134438151567905, 0.23366016277263146, 0.22973549319815031, 0.22417437926721653, 0.217973049288929, 0.21127516897596693, 0.2077837982929937, 0.20329305552671914, 0.1974293108679494, 0.19139315380217556, 0.18811440204493454, 0.1845145094431661, 0.17930839010110447, 0.17422293854408194, 0.17111532076326694, 0.16806612114543681, 0.16359259502803983, 0.15939799024448895, 0.15655476940418966, 0.15402873032260966]
test_mses [22614.471529869315, 22614.319270029704, 22588.001004410078, 22493.995992137334, 21567.519823325973, 16918.768250102574, 13365.199633924902, 10974.793943028308, 9964.961140583237, 9295.338918721565, 8676.116263028936, 8249.273085688637, 7734.997061349703, 7359.245094231109, 6992.3115476158555, 6763.72204759317, 6466.205301754662, 6225.977537788535, 5986.244656225782, 5852.942481437786, 5668.632524035172, 5499.985948240073, 5326.691451036358, 5237.680000099632, 5110.7072668678275, 4969.1418249375165, 4818.459002706161, 4739.525050838129, 4637.165661585659, 4503.347448313245, 4367.515619752963, 4293.433238695628, 4211.287983437867, 4092.4057909984226, 3977.708413405446, 3907.4901284721664, 3837.6658229352915, 3735.3151621565835, 3640.3544014511467, 3575.8467392311704, 3517.8657628692317]
test_rres [0.9999999994115928, 0.9999932665618191, 0.9988294867419203, 0.9946726346972785, 0.9537043473312651, 0.7481390054948243, 0.5910020761885987, 0.48529959774099046, 0.4406453240155538, 0.4110349826647413, 0.3836532835385689, 0.3647785034436476, 0.34203748898496034, 0.325421935249769, 0.3091963274165415, 0.2990882203318254, 0.28593218680389243, 0.27530944182807104, 0.26470858029102157, 0.25881402845356233, 0.2506639393811413, 0.2432064767792354, 0.23554348554493398, 0.23160744614791406, 0.225992778876588, 0.2197328297258845, 0.21306971482869713, 0.20957929712349757, 0.2050530189366718, 0.19913564814969906, 0.19312923635710202, 0.18985335255341035, 0.18622093270663534, 0.1809640248804908, 0.1758921673589036, 0.17278715184707885, 0.16969955789629537, 0.16517366567797406, 0.1609745509419018, 0.1581220561534732, 0.15555816797013708]
step_times_seconds [0.49526405334472656, 1.333296775817871, 1.369251012802124, 1.4455597400665283, 1.3994598388671875, 1.8022572994232178, 1.9642150402069092, 2.3202638626098633, 2.045685052871704, 1.316816806793213, 1.2505309581756592, 1.373718023300171, 1.394698143005371, 1.1283040046691895, 1.2357540130615234, 1.2376110553741455, 1.3644490242004395, 1.1375770568847656, 1.2543680667877197, 1.221865177154541, 1.30598783493042, 1.1356327533721924, 1.3214349746704102, 1.340606927871704, 1.302522897720337, 1.14119291305542, 1.2255587577819824, 1.5260870456695557, 1.9017677307128906, 1.3169727325439453, 1.2849361896514893, 1.3194308280944824, 1.5030760765075684, 1.162445068359375, 1.2386531829833984, 1.2383790016174316, 1.302811861038208, 1.161971092224121, 1.267374038696289, 1.2744109630584717, 1.316382884979248]
