date 2025-01-26T23:42:30.059438
sample_ratio 0.1
rank 16
seed 0
l2_regularization_strength 0
input_shape (256, 256, 14, 20)
input_size 18350080
num_train_samples 1835008
num_test_samples 18350080
num_iterations 10
max_num_richardson_iterations 1024
num_richardson_iterations [2, 2, 2, 2, 2, 2, 2, 2, 2, 2, 2, 2, 2, 2, 2, 2, 2, 2, 2, 2, 2, 2, 2, 2, 2, 2, 2, 2, 2, 2, 2, 2, 2, 2, 2, 2, 2, 2, 2, 2]
train_mses [22671.671119882758, 22662.768382722523, 22617.028776698473, 22554.956826873666, 22353.07965617395, 21417.63918864561, 20197.65177151724, 18906.683729615674, 17682.255533631414, 16532.24429183374, 15493.316954132502, 14580.897136946996, 13771.149852331468, 13033.36834559294, 12374.971546768007, 11824.953431464874, 11336.224159772264, 10878.665447415817, 10459.696981695251, 10127.674948321936, 9826.932030340173, 9528.902133658217, 9242.635625190744, 9031.719959561788, 8834.864547523648, 8623.01487930958, 8407.240631248449, 8262.558480089161, 8122.482478139269, 7956.104473869347, 7777.716343935159, 7670.074428185884, 7561.823692167699, 7420.0717524629745, 7263.263001453333, 7177.605400438244, 7088.288247098322, 6961.276031447656, 6819.172913152167, 6747.2869494958895, 6669.831090039087]
train_rres [0.9999999992152869, 0.9996073180976855, 0.9975898397324473, 0.9948519758384328, 0.985947596030089, 0.9446872733195182, 0.8908761797428688, 0.8339342792511858, 0.7799273122063248, 0.7292027213804329, 0.6833778092514432, 0.6431328792837825, 0.6074166200059222, 0.574874620686227, 0.5458341148132004, 0.5215739660150305, 0.5000171399334944, 0.47983518203643755, 0.4613553592136565, 0.4467105616882727, 0.4334454205279451, 0.4202999450633368, 0.4076733280517755, 0.39837027913455303, 0.3896873985986306, 0.3803431527806839, 0.3708258019532639, 0.36444417484334746, 0.3582657153420923, 0.35092712952459376, 0.34305880218114704, 0.338310942391914, 0.33353622881386175, 0.32728384720317516, 0.32036734113454785, 0.3165891634918441, 0.3126495706494134, 0.3070473274411653, 0.3007794560772694, 0.2976087165574629, 0.29419230058236995]
test_mses [22614.471529869315, 22614.357357404006, 22604.31803854213, 22577.289979344594, 22409.865283292704, 21508.63618205511, 20313.28148663518, 19045.19148828536, 17835.638374446717, 16694.598040883793, 15660.570000712367, 14752.163438215197, 13942.962616804332, 13202.879535239805, 12541.894198858776, 11988.869878271398, 11496.142217410144, 11033.31237916389, 10610.302872971972, 10273.760762769954, 9968.39678531436, 9665.239434773728, 9375.53882023301, 9160.52127741522, 8959.675897654863, 8743.667308181892, 8525.49677606825, 8377.619113535398, 8234.419465228482, 8064.869056646989, 7884.996732210298, 7775.0637255638785, 7664.452208282295, 7520.321686330326, 7362.675636620346, 7275.503150717388, 7184.407214138459, 7055.599963819473, 6913.044206697334, 6840.252518808488, 6761.424005066311]
test_rres [0.9999999994115928, 0.9999949507654154, 0.9995510173821962, 0.9983558508647769, 0.9909524191404389, 0.951100543781912, 0.89824258983248, 0.8421683191634188, 0.7886825186427501, 0.7382263171177914, 0.6925021427457639, 0.6523328838372446, 0.6165504504575423, 0.5838243670665796, 0.5545959442348071, 0.5301415005600328, 0.5083533433651795, 0.48788725211194744, 0.4691819949325214, 0.45430028038263737, 0.4407972464128808, 0.42739178832106384, 0.4145813799952439, 0.4050734176974172, 0.3961921409726041, 0.3866403551145722, 0.3769929692936342, 0.3704538970782821, 0.36412168418383006, 0.3566242545729817, 0.34867039528897076, 0.34380921573690676, 0.3389180328025453, 0.33254465716664805, 0.32557363202422984, 0.3217189106907453, 0.31769069643842435, 0.3119949077894141, 0.30569116742342894, 0.3024723573906643, 0.29898660210375977]
step_times_seconds [0.5031301975250244, 1.4704556465148926, 1.4223177433013916, 1.7027068138122559, 1.5275120735168457, 1.112800121307373, 1.1132419109344482, 1.1786000728607178, 1.1737060546875, 1.081777811050415, 1.1382949352264404, 1.2289199829101562, 1.1745171546936035, 1.0549890995025635, 1.1151070594787598, 1.1890771389007568, 1.4472901821136475, 1.1517150402069092, 1.1261980533599854, 1.1612818241119385, 1.1730730533599854, 1.0791149139404297, 1.3031527996063232, 1.5698878765106201, 1.7758002281188965, 1.2427937984466553, 1.1800858974456787, 1.3316240310668945, 1.3963491916656494, 1.08683180809021, 1.1397671699523926, 1.1974010467529297, 1.2768409252166748, 1.104706048965454, 1.1786389350891113, 1.1850759983062744, 1.212717056274414, 1.079401969909668, 1.2088801860809326, 1.3281700611114502, 1.2370340824127197]
