date 2025-01-27T09:10:31.779173
sample_ratio 0.9
rank 16
seed 0
l2_regularization_strength 0
input_shape (256, 256, 14, 20)
input_size 18350080
num_train_samples 16515072
num_test_samples 18350080
num_iterations 10
max_num_richardson_iterations 1024
num_richardson_iterations [2, 2, 3, 3, 3, 3, 3, 2, 3, 2, 2, 2, 2, 2, 2, 2, 2, 2, 2, 2, 2, 2, 2, 2, 2, 2, 2, 2, 2, 2, 2, 2, 2, 2, 2, 2, 2, 2, 2, 2]
train_mses [22611.43922386673, 22608.002076992714, 22253.49306729687, 19913.317256025097, 9730.334120902307, 5543.817568483216, 3684.4209045492576, 3302.259590835647, 3291.582472912695, 2894.859398688866, 2684.345892632159, 2642.471563474655, 2642.1314266709405, 2582.305614578092, 2521.744258383739, 2496.892643391252, 2496.855857574066, 2462.5307901750043, 2425.8135704919887, 2411.6871825950275, 2411.6658580110197, 2389.4700528008098, 2367.4766189334528, 2358.843015426994, 2358.829427764599, 2343.8832531070457, 2329.9481470143, 2323.933494370168, 2323.924953805187, 2313.2262179357213, 2303.3588965776526, 2298.704942528282, 2298.6992589544743, 2290.4662094039054, 2282.8363082095557, 2278.989364604096, 2278.9853060689948, 2272.303103987185, 2266.0441730025636, 2262.7208875920014, 2262.7178380104983]
train_rres [0.9999999986711903, 0.9998479894675557, 0.98416968585694, 0.8806744689009122, 0.43032794204899716, 0.24517756283575926, 0.1629449971395186, 0.1460437592562434, 0.14557155941955657, 0.1280263218179663, 0.11871627730055347, 0.1168643682430503, 0.11684932555603268, 0.11420350494191607, 0.11152515459392254, 0.11042608192042226, 0.11042445505285434, 0.10890641513449217, 0.10728258131875389, 0.10665783612945699, 0.10665689304114809, 0.10567527462398481, 0.10470260616089477, 0.10432078157160135, 0.10432018065176417, 0.10365918006309235, 0.10304289438855997, 0.10277689395503643, 0.10277651624511339, 0.10230336034604276, 0.1018669740883055, 0.10166115109768958, 0.10166089973935083, 0.10129678980994224, 0.10095935435929841, 0.1007892217303109, 0.10078904223996285, 0.10049351916393162, 0.10021671542250069, 0.1000697417879061, 0.10006960691893697]
test_mses [22614.471529869315, 22612.038912571832, 22261.61039468075, 19921.616916206116, 9732.898515287783, 5544.980170040979, 3684.992775775671, 3302.804310091762, 3292.139343069748, 2895.3128265126825, 2684.75461787693, 2642.889445448424, 2642.538152950569, 2582.6114590393718, 2522.026494400098, 2497.1952518398575, 2497.151319946311, 2462.718988211023, 2425.977425714737, 2411.881866159303, 2411.8556183837845, 2389.5739610980804, 2367.5646451525563, 2358.9542205710886, 2358.9372266597197, 2343.928137539713, 2329.9823694543275, 2323.9798163292153, 2323.9689142469388, 2313.2245521404625, 2303.347617012858, 2298.6984412804236, 2298.69106707828, 2290.425455913126, 2282.7845635265394, 2278.93956974766, 2278.934248903788, 2272.2304418714325, 2265.9579670673015, 2262.6366782648547, 2262.632655397906]
test_rres [0.9999999994115928, 0.9998924303581731, 0.9843966661868974, 0.8809233891745608, 0.43038363716373434, 0.24519609752783447, 0.16294843630284425, 0.14604826399706075, 0.145576664782299, 0.12802920559009812, 0.11871843269700831, 0.11686717686073655, 0.11685164289182712, 0.11420171610504438, 0.11152268093397687, 0.11042465648919458, 0.11042271384404091, 0.10890013430157625, 0.10727544179323538, 0.10665214358666342, 0.1066509829238786, 0.10566569979474762, 0.10469245945598915, 0.10431171102394958, 0.10431095956215501, 0.10364726556022572, 0.1030305910534277, 0.10276516132124705, 0.10276467923692084, 0.10228956921341387, 0.10185281635324873, 0.1016472322553158, 0.10164690617198771, 0.10128140520729025, 0.10094352897737267, 0.10077350538113082, 0.10077327009622214, 0.10047683128625233, 0.10019946575983905, 0.10005260012134266, 0.1000524222322887]
step_times_seconds [0.6120789051055908, 1.593921184539795, 1.572416067123413, 2.7432079315185547, 2.8252058029174805, 2.2945969104766846, 2.370077133178711, 2.7705509662628174, 2.348020315170288, 2.6655170917510986, 1.5271151065826416, 1.5270211696624756, 1.5276641845703125, 1.3824968338012695, 1.5130376815795898, 1.5518019199371338, 1.5200810432434082, 1.3936150074005127, 1.4856047630310059, 1.703495740890503, 1.5626270771026611, 1.4027540683746338, 1.4756970405578613, 1.6069271564483643, 2.345658779144287, 1.7142879962921143, 1.702664852142334, 1.634221076965332, 1.770939826965332, 1.4079952239990234, 1.4485499858856201, 1.589883804321289, 1.597456932067871, 1.4077961444854736, 1.4515902996063232, 1.4921319484710693, 1.8869709968566895, 1.435241937637329, 1.4624969959259033, 1.511584997177124, 1.649806022644043]
