date 2025-01-27T09:10:31.779173
sample_ratio 0.6
rank 16
seed 0
l2_regularization_strength 0
input_shape (256, 256, 14, 20)
input_size 18350080
num_train_samples 11010048
num_test_samples 18350080
num_iterations 10
max_num_richardson_iterations 1024
num_richardson_iterations [2, 2, 2, 3, 4, 3, 3, 2, 3, 2, 2, 2, 2, 2, 2, 2, 2, 2, 2, 2, 2, 2, 2, 2, 2, 2, 2, 2, 2, 2, 2, 2, 2, 2, 2, 2, 2, 2, 2, 2]
train_mses [22611.700276562766, 22606.634157672728, 22382.224792747686, 21092.431943249798, 12963.245899293026, 6839.08523158877, 4783.609134148233, 3886.3723311115345, 3798.6541671560117, 3323.8858660209266, 3005.6829401929344, 2941.41632596657, 2915.504710044359, 2864.601664139341, 2761.7683018745365, 2729.841764199651, 2724.69769671235, 2681.0223642921815, 2632.341768188965, 2611.940913882825, 2610.9265996128815, 2582.5455053466494, 2554.9195965250124, 2540.820928827975, 2540.610943541169, 2522.0191248451974, 2503.6304423394618, 2492.913902281867, 2492.859212152853, 2479.13088334346, 2464.9068459202035, 2455.9058895919907, 2455.8832848310594, 2444.514274345254, 2432.268808498268, 2424.1778540761748, 2424.1634874348056, 2414.056098495389, 2402.8643250307687, 2395.3942498340084, 2395.383102795278]
train_rres [0.9999999994519886, 0.9997759508919379, 0.9898514709962503, 0.9328105217082416, 0.5732981480223114, 0.3024578047732946, 0.21155459664769286, 0.1718743960625561, 0.1679950697476583, 0.14699849297244744, 0.13292600298886872, 0.13008381892464077, 0.12893788051262012, 0.12668669881223804, 0.12213890448670303, 0.12072695681063722, 0.1204994609823021, 0.11856792412916665, 0.11641503003092864, 0.11551280445543285, 0.11546794651653478, 0.1142127956918046, 0.11299104286169426, 0.11236753080745372, 0.11235824423085299, 0.11153602305958381, 0.11072278556436022, 0.11024884773922332, 0.11024642907418197, 0.10963929521719823, 0.1090102387003734, 0.10861217238014141, 0.10861117268703376, 0.1081083794277688, 0.10756682502493746, 0.10720900344059399, 0.10720836807743309, 0.10676136989462265, 0.10626641492345282, 0.10593605165570645, 0.10593555867912406]
test_mses [22614.471529869315, 22613.193109854245, 22400.426796337688, 21119.28741849441, 12975.559577185679, 6845.293653634005, 4790.5057327242685, 3889.343680790277, 3801.9306915213256, 3326.6108753814665, 3008.292559998081, 2943.847729302217, 2918.057371390381, 2866.802207474138, 2763.8744655811506, 2731.947895541479, 2726.8358518224486, 2682.837341927916, 2634.060463373731, 2613.7567284149322, 2612.749089501237, 2584.127042369316, 2556.399069964605, 2542.415348673877, 2542.205098123508, 2523.4498152393508, 2504.9734866971207, 2494.36506579023, 2494.308806292211, 2480.4794654704124, 2466.185992150696, 2457.28753848058, 2457.2635855949015, 2445.8396591746396, 2433.5360844486368, 2425.547212909419, 2425.531941472395, 2415.402474738924, 2404.15600072669, 2396.790301864776, 2396.778564956215]
test_rres [0.9999999994115928, 0.9999434683530345, 0.9905350542271355, 0.9338837468818673, 0.5737723984578891, 0.3026952737128915, 0.21183363597854474, 0.17198472550484734, 0.16811936923941076, 0.14710097775357073, 0.1330251097954958, 0.13017539338391285, 0.12903495736432263, 0.12676848105872396, 0.12221707061800346, 0.12080529453565206, 0.120579242659566, 0.11863365176611841, 0.11647676393165984, 0.11557894348425145, 0.115534386223129, 0.1142687344002564, 0.11304261809009757, 0.11242426531258382, 0.11241496814417697, 0.11158561943052919, 0.11076860593070212, 0.11029950715531674, 0.11029701938999749, 0.109685493235367, 0.10905344338655994, 0.10865995846018758, 0.10865889927622066, 0.10815373927730354, 0.10760968169441851, 0.10725641800996913, 0.10725574271508131, 0.10680782304054319, 0.10631050989348326, 0.10598480257603164, 0.10598428357612757]
step_times_seconds [0.5264639854431152, 1.3750970363616943, 1.4004161357879639, 1.5674889087677002, 2.2073779106140137, 2.7499430179595947, 2.079490900039673, 2.13840389251709, 1.3933930397033691, 1.9868197441101074, 1.3550889492034912, 1.4699442386627197, 2.303762912750244, 1.7576050758361816, 1.6488618850708008, 1.5168960094451904, 1.4767990112304688, 1.269723892211914, 1.333913803100586, 1.4179439544677734, 1.4947230815887451, 1.323683261871338, 1.3407299518585205, 1.424462080001831, 1.4101698398590088, 1.293346881866455, 1.4058361053466797, 1.418205976486206, 1.4314160346984863, 1.3003551959991455, 1.7615139484405518, 1.7694158554077148, 1.9956481456756592, 1.292956829071045, 1.3562548160552979, 1.5002260208129883, 1.410827875137329, 1.2716331481933594, 1.3483622074127197, 1.4495563507080078, 1.4379262924194336]
