date 2025-01-27T09:10:31.779173
sample_ratio 0.4
rank 16
seed 0
l2_regularization_strength 0
input_shape (256, 256, 14, 20)
input_size 18350080
num_train_samples 7340032
num_test_samples 18350080
num_iterations 10
max_num_richardson_iterations 1024
num_richardson_iterations [2, 4, 4, 4, 4, 4, 4, 4, 4, 4, 4, 4, 4, 4, 4, 2, 4, 4, 4, 2, 4, 4, 4, 2, 4, 4, 4, 2, 4, 4, 3, 2, 4, 4, 3, 2, 4, 4, 2, 2]
train_mses [22604.506769680684, 22597.9157125893, 22410.730670207366, 21555.916923434703, 16102.898560968466, 7602.5122343475105, 5095.78727905209, 4289.54652798357, 3930.0677779821394, 3392.8368405836068, 3005.9434051502853, 2902.865482702137, 2853.383234224305, 2702.441908183263, 2600.262852964546, 2567.627881716205, 2567.525179938977, 2505.782453495621, 2451.536373758761, 2430.712600054147, 2430.5919003556114, 2389.455075821857, 2356.102952209884, 2343.2203292536606, 2343.1234806532875, 2319.188382321174, 2298.708510208565, 2291.241033067471, 2291.174984971272, 2276.094772956912, 2262.3240685403425, 2257.344329351604, 2257.2976005451615, 2247.14567175432, 2237.3104074094294, 2233.5192055901653, 2233.484297442381, 2226.4023580531716, 2219.0028678277436, 2217.03716662535, 2217.011570537621]
train_rres [0.9999999985876914, 0.9997084170394084, 0.9914275443787123, 0.9536114683954946, 0.7123755763529839, 0.3363272776120747, 0.2254323584131559, 0.18976510151855885, 0.1738621334442498, 0.15009559245692852, 0.13297982705540926, 0.12841976638463945, 0.12623072289379375, 0.11955323475544058, 0.11503293904116024, 0.11358920166901712, 0.11358465824862182, 0.1108532238941695, 0.10845343343587875, 0.10753221122619379, 0.10752687159637593, 0.10570702102875226, 0.10423155757782641, 0.10366164366334506, 0.1036573591814396, 0.10259849518842323, 0.10169248682945499, 0.10136213336469531, 0.10135921146523612, 0.10069207848389236, 0.10008287676418966, 0.09986257825325796, 0.09986051101919477, 0.09941140019010468, 0.09897629826856255, 0.09880857942149639, 0.09880703512114555, 0.09849373744774946, 0.09816639165381677, 0.09807943106583995, 0.09807829872139406]
test_mses [22614.471529869315, 22613.924282466058, 22474.416148593948, 21621.29590138814, 16146.701201622884, 7628.888136109153, 5116.232235055192, 4304.772570310536, 3943.1585941405992, 3404.0052907744043, 3017.1150520286656, 2913.85087528581, 2863.3228671338625, 2711.631165917548, 2609.7602592222597, 2576.9570022916632, 2576.8478614896144, 2515.4225509591997, 2461.2131332065055, 2440.1517796526387, 2440.0225687926413, 2399.1074590010135, 2365.664952153479, 2352.551637814075, 2352.4439704241563, 2328.649177988047, 2308.1061443004714, 2300.440725723318, 2300.36283558264, 2285.3934710658673, 2271.572480544038, 2266.4355363907634, 2266.377247239912, 2256.3017545077455, 2246.434645053393, 2242.5165460092853, 2242.4712890751057, 2235.4213362324963, 2228.0182360791323, 2226.011410162421, 2225.9774092528837]
test_rres [0.9999999994115928, 0.9999758004201544, 0.9938068243463267, 0.9560822971303349, 0.7139986079619591, 0.33734540829503723, 0.22623709005480042, 0.1903547718146679, 0.17436439257986955, 0.15052331796811766, 0.13341523573824626, 0.12884894832597124, 0.1266146264646145, 0.11990689947100765, 0.11540222172513173, 0.11395167901101314, 0.11394685286233039, 0.11123065803933217, 0.10883354618778185, 0.10790222424582728, 0.10789651060977126, 0.10608726604203894, 0.1046084560338685, 0.1040285921925062, 0.10402383119733047, 0.10297163803019499, 0.10206323591925667, 0.10172427515413249, 0.10172083089320741, 0.10105889349227398, 0.10044773658350245, 0.1002205836233518, 0.10021800610785514, 0.09977247313517744, 0.0993361547610994, 0.09916289848860028, 0.09916089725084892, 0.09884915205577993, 0.09852179087295371, 0.09843305008973974, 0.09843154658745926]
step_times_seconds [0.5339329242706299, 1.357792854309082, 2.963693141937256, 3.831904172897339, 4.285869121551514, 2.7804412841796875, 2.757420778274536, 2.8638710975646973, 3.0863380432128906, 2.6880688667297363, 2.7430472373962402, 3.301133871078491, 4.733790874481201, 2.6439590454101562, 2.673464059829712, 2.8358609676361084, 1.5660080909729004, 2.706904649734497, 2.7256288528442383, 2.936344623565674, 1.5141968727111816, 2.5874717235565186, 2.7631521224975586, 3.5745677947998047, 1.9932928085327148, 2.623838186264038, 2.735819101333618, 2.861597776412964, 1.3383290767669678, 2.8435819149017334, 2.7458579540252686, 2.088196039199829, 1.3851079940795898, 2.7574541568756104, 2.7151150703430176, 2.1853902339935303, 2.791806936264038, 3.1388940811157227, 2.7331550121307373, 1.3449499607086182, 1.3668217658996582]
