date 2025-01-27T09:10:31.779173
sample_ratio 0.5
rank 16
seed 0
l2_regularization_strength 0
input_shape (256, 256, 14, 20)
input_size 18350080
num_train_samples 9175040
num_test_samples 18350080
num_iterations 10
max_num_richardson_iterations 1024
num_richardson_iterations [2, 4, 4, 4, 4, 4, 4, 4, 4, 4, 4, 3, 4, 4, 4, 2, 4, 4, 4, 2, 4, 4, 4, 2, 4, 4, 4, 2, 4, 4, 3, 2, 4, 4, 3, 2, 4, 4, 3, 2]
train_mses [22610.854759402322, 22605.191695813653, 22379.803732565, 21235.731274794267, 14264.626752094755, 7000.8003416582615, 4717.973434525362, 3984.952636424179, 3781.3933438488184, 3335.295096833315, 2923.2499801541603, 2836.727671405105, 2825.514526061016, 2721.1404757908463, 2642.730226499892, 2608.488475588879, 2608.4297743558445, 2561.3719705481703, 2510.9323244852185, 2486.475922003129, 2486.412433160202, 2450.5139123019835, 2414.5899976537644, 2399.4148033738848, 2399.359321864402, 2374.5911024941765, 2351.979626323651, 2342.184205707012, 2342.1403112565067, 2325.0927474047776, 2308.899437678188, 2301.669941502031, 2301.6342893447845, 2288.517609063772, 2275.7653174233365, 2269.798731756858, 2269.7686342506854, 2258.844401242126, 2247.918219111181, 2242.3659385630176, 2242.3394587748044]
train_rres [0.9999999981090242, 0.9997495403692255, 0.9897814093445135, 0.9391830366699213, 0.6308751649111806, 0.30962121524878483, 0.20865966704075628, 0.1762406893189944, 0.167237964992273, 0.14750858054755447, 0.12928524842302938, 0.1254586655934057, 0.12496274691000332, 0.12034664322071671, 0.11687882875828128, 0.11536443440164935, 0.11536183824889229, 0.11328063414495981, 0.11104986284045629, 0.10996824064191146, 0.10996543274970735, 0.10837776518152717, 0.10678897453373669, 0.1061178281125748, 0.10611537435706807, 0.1050199615747145, 0.10401993409373811, 0.1035867164775822, 0.1035847751776672, 0.10283082031833561, 0.10211464616798709, 0.10179491052599507, 0.10179333375423837, 0.101213228296228, 0.1006492384890307, 0.10038535701622993, 0.100384025907502, 0.09990088481866903, 0.09941765752688607, 0.09917209933827512, 0.09917092822871536]
test_mses [22614.471529869315, 22613.61443285438, 22419.991147598914, 21280.656558037397, 14289.503165443717, 7012.4191060282765, 4728.590575118656, 3992.841079410667, 3788.3350745001867, 3340.830022278834, 2929.0690076686747, 2842.2204398435697, 2830.6065870201646, 2725.7775948549247, 2647.47609927063, 2613.0262052266007, 2612.9536611322496, 2565.57246960661, 2515.3539327622825, 2490.7979816102466, 2490.7264262437916, 2454.637562220055, 2418.9292241097946, 2403.681146983617, 2403.6243438983624, 2378.8173774594993, 2356.3624233633955, 2346.5159046468684, 2346.473964825795, 2329.420879778074, 2313.35783260151, 2306.088131359523, 2306.055140969637, 2292.9441460405496, 2280.296360324515, 2274.2855795559603, 2274.2579326995733, 2263.342210907895, 2252.484631010174, 2246.8778284922228, 2246.853221470459]
test_rres [0.9999999994115928, 0.9999620990338061, 0.9914001795175441, 0.9410194050923586, 0.6318742906798427, 0.31008547304057393, 0.20909578037632987, 0.17656132586549655, 0.16751817822793028, 0.14772974092719696, 0.12952188611069063, 0.12568148826370612, 0.12516792981944924, 0.12053244709480988, 0.11706999627278644, 0.11554664013429534, 0.11554343227271818, 0.11344826098228238, 0.11122762377886819, 0.11014177257491, 0.11013860843435874, 0.10854277790810321, 0.10696377403697206, 0.10628951211150252, 0.10628700030904248, 0.10519004934153917, 0.10419710311888555, 0.10376169525637026, 0.10375984069961032, 0.10300576227619178, 0.10229546280508116, 0.10197400045173331, 0.10197254163409863, 0.10139278035583683, 0.100833501944582, 0.10056770839034931, 0.10056648586094666, 0.10008379840257128, 0.09960368194807039, 0.09935575209893607, 0.09935466398941664]
step_times_seconds [0.5104401111602783, 1.3404262065887451, 2.955753803253174, 3.1690781116485596, 2.8942151069641113, 2.664712905883789, 2.742598056793213, 2.809652090072632, 2.828831911087036, 2.673835039138794, 2.7276968955993652, 2.82218599319458, 2.0814437866210938, 2.793827772140503, 2.748685121536255, 2.8802130222320557, 1.3726799488067627, 2.6117160320281982, 2.7784042358398438, 2.878365993499756, 1.3730759620666504, 2.6528849601745605, 2.8000881671905518, 2.866398811340332, 1.3823199272155762, 2.651141881942749, 2.7382609844207764, 2.8501369953155518, 1.3721389770507812, 2.61448073387146, 2.7729239463806152, 2.1006178855895996, 1.3766181468963623, 2.6489651203155518, 2.7454721927642822, 2.1287407875061035, 1.378499984741211, 2.632032871246338, 2.7440733909606934, 2.1251580715179443, 1.3890769481658936]
