date 2025-01-26T23:42:30.059438
sample_ratio 0.6
rank 16
seed 0
l2_regularization_strength 0
input_shape (256, 256, 14, 20)
input_size 18350080
num_train_samples 11010048
num_test_samples 18350080
num_iterations 10
max_num_richardson_iterations 1024
num_richardson_iterations [2, 4, 5, 6, 6, 6, 5, 4, 5, 5, 4, 2, 4, 4, 4, 2, 4, 4, 4, 2, 4, 4, 3, 2, 4, 4, 3, 2, 3, 3, 3, 2, 3, 3, 3, 2, 3, 3, 3, 2]
train_mses [22611.700276562766, 22606.634157672728, 22340.574706813073, 20829.543348421514, 12752.222402505131, 6498.503520994582, 4413.410150111488, 3864.4825074160563, 3765.8730778973936, 3249.504592026311, 2859.64477123368, 2751.5943526326196, 2750.52903337929, 2645.4608172607786, 2570.797212760569, 2537.7650350417234, 2537.4878685707044, 2505.2240577119182, 2467.355246407199, 2449.0693195896333, 2448.9911848330967, 2427.4596936428984, 2398.9095486850265, 2385.9800212272057, 2385.9474689198278, 2367.9061233172624, 2346.1388885903702, 2335.4987517994887, 2335.4803270438997, 2319.921431827319, 2304.398688143044, 2297.2558086938348, 2297.2444919187415, 2284.633870925767, 2270.705554691055, 2264.9436701939435, 2264.9351911228187, 2253.5223543598127, 2241.4400950973945, 2236.6253886893314, 2236.6183795426355]
train_rres [0.9999999994519886, 0.9997759508919379, 0.9880095004499239, 0.9211843020313116, 0.5639656566974117, 0.28739561545352194, 0.19518258661280016, 0.17090632097683725, 0.16654532962021498, 0.1437089891737901, 0.12646748075953448, 0.1216889626817125, 0.12164184905293997, 0.11699521855740677, 0.1136932287226714, 0.1122323842352278, 0.1122201265780204, 0.11079326303187004, 0.10911851894713538, 0.10830982581110886, 0.1083063703099507, 0.10735414244052699, 0.10609151536724058, 0.105519708413646, 0.10551826879137248, 0.10472039223312983, 0.10375773863128966, 0.1032871797323607, 0.10328636489953728, 0.10259827444115716, 0.10191178278038375, 0.10159588970918913, 0.10159538922603446, 0.10103768587636046, 0.10042170759711908, 0.10016688887833716, 0.10016651389233362, 0.09966178242069895, 0.09912744581142059, 0.09891451594119696, 0.0989142059624423]
test_mses [22614.471529869315, 22613.193109854245, 22365.120768027205, 20859.734775602632, 12760.852644741351, 6502.973214064994, 4418.368483928384, 3867.8354458019953, 3769.8163292142926, 3252.712365241631, 2862.576350058451, 2754.460935292993, 2753.415243748699, 2647.6400402013833, 2572.9031939763986, 2539.7464679937334, 2539.4717267111337, 2506.8929537118643, 2469.206548009246, 2450.884599350007, 2450.806112741273, 2429.1276741954453, 2400.8477608664416, 2387.9124662804693, 2387.8794429065183, 2369.776285049289, 2348.2817036655365, 2337.6251647933314, 2337.60725407445, 2322.0276781448665, 2306.714820193416, 2299.5463269911997, 2299.5359454024865, 2286.9192603126044, 2273.1677755037035, 2267.3753517571754, 2267.367673214028, 2255.9581256650995, 2244.007624188649, 2239.162783390712, 2239.1562198558327]
test_rres [0.9999999994115928, 0.9999434683530345, 0.9889738402830877, 0.9224064659559682, 0.5642781711868956, 0.287558044487108, 0.1953779231804192, 0.1710336427016424, 0.1666992890820779, 0.14383322462483863, 0.1265816158734103, 0.1218008092753413, 0.12175456934697078, 0.11707724565424735, 0.11377242174614514, 0.11230624881703814, 0.11229409990247803, 0.11085348374936255, 0.10918701077294714, 0.10837682387009341, 0.10837335323366556, 0.1074147441189472, 0.10616422127232612, 0.10559222937053545, 0.10559076909436281, 0.10479025700533759, 0.10383977795732116, 0.10336855143089715, 0.1033677594283581, 0.10267883880070433, 0.1020017123013203, 0.10168472531409266, 0.1016842662457172, 0.10112636308774181, 0.10051827968492401, 0.10026214176299782, 0.1002618022218711, 0.09975727804905792, 0.09922883317898283, 0.09901459687508833, 0.09901430663903897]
step_times_seconds [0.545335054397583, 1.360260009765625, 2.9509799480438232, 4.127359867095947, 4.509685754776001, 4.2755467891693115, 4.256096839904785, 3.9516758918762207, 4.507850885391235, 3.425154209136963, 3.4687280654907227, 2.966383218765259, 1.4836630821228027, 2.7005109786987305, 2.80151104927063, 3.019012928009033, 1.7047741413116455, 2.7083919048309326, 2.7590761184692383, 3.2516028881073, 1.8135778903961182, 3.3275609016418457, 2.899624824523926, 2.176149845123291, 1.344750165939331, 2.7156851291656494, 2.7884039878845215, 2.145951986312866, 1.383941888809204, 2.1776187419891357, 2.045318841934204, 2.1573989391326904, 1.3653130531311035, 2.479215145111084, 2.2478179931640625, 2.691270112991333, 1.50941801071167, 2.077056884765625, 1.9908208847045898, 2.107806921005249, 1.428553819656372]
