date 2025-01-27T09:10:31.779173
sample_ratio 0.5
rank 16
seed 0
l2_regularization_strength 0
input_shape (256, 256, 14, 20)
input_size 18350080
num_train_samples 9175040
num_test_samples 18350080
num_iterations 10
max_num_richardson_iterations 1024
num_richardson_iterations [2, 2, 2, 4, 4, 3, 3, 2, 2, 2, 2, 2, 2, 2, 2, 2, 2, 2, 2, 2, 2, 2, 2, 2, 2, 2, 2, 2, 2, 2, 2, 2, 2, 2, 2, 2, 2, 2, 2, 2]
train_mses [22610.854759402322, 22605.191695813653, 22436.04810484338, 21553.32444025665, 14595.234187278778, 7531.597379242062, 5297.070808114895, 4137.259289063554, 3951.2007564040764, 3573.4721858095977, 3258.189117770515, 3209.766027285974, 3132.6519992549242, 3004.2163006305304, 2888.131232729215, 2848.5835531889225, 2821.932388839474, 2763.2096726620075, 2706.5307435872505, 2683.8291827194066, 2676.469460458111, 2643.461449851863, 2608.8803279999897, 2593.523820020567, 2591.4336411386234, 2569.1253300133226, 2544.8835633797844, 2533.4606420856157, 2532.8555697875913, 2516.377011440253, 2498.2638783368448, 2489.280442167916, 2489.097146188449, 2476.4214919287224, 2462.38647453996, 2455.0555189659376, 2454.9935156219594, 2444.9586475417873, 2433.7618909963803, 2427.6229605966505, 2427.597094527968]
train_rres [0.9999999981090242, 0.9997495403692255, 0.9922689036374321, 0.9532290852709701, 0.6454967897049702, 0.33309653461323097, 0.2342711434159989, 0.1829766864306486, 0.17474796025963657, 0.15804233042389887, 0.1440984494517837, 0.14195686343443784, 0.13854637636060607, 0.13286610908419463, 0.12773206754012034, 0.12598301028924114, 0.12480432135498183, 0.1222072184727034, 0.1197005052338326, 0.11869649361788624, 0.11837099852600706, 0.11691116824116989, 0.11538176468016113, 0.11470259938040625, 0.11461015798886079, 0.11362353845056845, 0.11255140885415783, 0.11204621250514239, 0.11201945224758829, 0.11129066253611905, 0.11048958122973346, 0.11009227488074613, 0.11008416833275973, 0.10952356793217176, 0.10890284759622842, 0.10857862475555446, 0.10857588256183728, 0.10813207501152682, 0.10763688114807596, 0.10736537746307846, 0.10736423349621348]
test_mses [22614.471529869315, 22613.61443285438, 22460.553225313688, 21589.552887689104, 14626.562780640183, 7545.69732573723, 5309.674066856304, 4144.593362876965, 3958.036151157693, 3580.118182005892, 3265.043514251986, 3216.625560472478, 3139.239174940191, 3010.3870890240773, 2894.3382062960886, 2854.5891019525466, 2827.719226246115, 2768.685584965241, 2712.001099026802, 2689.1234178845893, 2681.7019544647223, 2648.482880463938, 2613.920435662374, 2598.449647390178, 2596.3519405718544, 2573.8853525014515, 2549.6764107897957, 2538.170713467482, 2537.5690245860565, 2520.9701340588913, 2502.9003971139127, 2493.847253202997, 2493.666561005835, 2480.9035067721716, 2466.919559185853, 2459.5234965075383, 2459.4615291352866, 2449.3668967214408, 2438.2251316998995, 2432.022993644372, 2431.9951931737196]
test_rres [0.9999999994115928, 0.9999620990338061, 0.9931938131931015, 0.95467863781252, 0.64677888902754, 0.3336667545527602, 0.23479098579504756, 0.1832717317742338, 0.17502227030160578, 0.15831093709931204, 0.14437850152802925, 0.14223748515773432, 0.13881550001938875, 0.13311772876392924, 0.1279861083983405, 0.12622842397632547, 0.12504025224942344, 0.12242981577876944, 0.11992325771791816, 0.11891161872832098, 0.11858344553153866, 0.11711451560596589, 0.11558618253235961, 0.11490207243751795, 0.11480931294878444, 0.11381585227792554, 0.11274534564833502, 0.11223656978327239, 0.11220996341839329, 0.11147596923703582, 0.1106769350031171, 0.1102766097559128, 0.11026861964228947, 0.10970424411800202, 0.10908588133381668, 0.10875883134442409, 0.10875609117991776, 0.10830971186061451, 0.1078170288898774, 0.10754277361737695, 0.10754154429523254]
step_times_seconds [0.5751919746398926, 1.447289228439331, 1.4440009593963623, 1.5692391395568848, 2.9400339126586914, 2.8142669200897217, 2.0509378910064697, 2.1030311584472656, 2.0414352416992188, 1.5315980911254883, 1.5548181533813477, 1.5542309284210205, 1.567310094833374, 1.3128960132598877, 1.3235960006713867, 1.395664930343628, 1.395740270614624, 1.2998011112213135, 1.359947919845581, 1.3963358402252197, 1.3794939517974854, 1.2261388301849365, 1.3729360103607178, 1.4393706321716309, 2.2591092586517334, 1.4406859874725342, 1.513211965560913, 1.4794130325317383, 1.4181969165802002, 1.2610299587249756, 1.300797939300537, 1.448775291442871, 1.6325829029083252, 1.252683162689209, 1.3554530143737793, 1.354856014251709, 1.4049131870269775, 1.265164852142334, 1.3537120819091797, 1.3868727684020996, 1.3736891746520996]
