date 2025-01-26T23:42:30.059438
sample_ratio 0.5
rank 16
seed 0
l2_regularization_strength 0
input_shape (256, 256, 14, 20)
input_size 18350080
num_train_samples 9175040
num_test_samples 18350080
num_iterations 10
max_num_richardson_iterations 1024
num_richardson_iterations [2, 4, 5, 7, 7, 7, 6, 5, 6, 6, 5, 3, 5, 5, 4, 2, 4, 4, 4, 2, 4, 4, 4, 2, 4, 4, 3, 2, 4, 4, 3, 2, 3, 3, 3, 2, 3, 3, 3, 2]
train_mses [22610.854759402322, 22605.191695813653, 22383.331683260505, 21242.75584704262, 14282.085729005401, 7037.525792911981, 4763.65428217279, 3995.3285792966954, 3787.049949736522, 3340.438542374926, 2926.5087960019264, 2841.020140495436, 2828.825364988265, 2728.3711132357207, 2655.6692281174355, 2622.2963484563443, 2621.053208650465, 2578.3334872886435, 2537.2265817895864, 2516.11749272778, 2515.6279988586307, 2484.931853472034, 2454.6560448766318, 2439.736906551517, 2439.5499662342895, 2417.2580023716296, 2397.2244095115416, 2387.0734386402783, 2386.994809373978, 2372.2284699723527, 2359.088191912253, 2350.4584720156604, 2350.418738472283, 2339.8585300698505, 2331.5364622007987, 2325.5830345584354, 2325.5610642215556, 2317.63326713146, 2309.7852924793383, 2304.8166613210733, 2304.8012166937824]
train_rres [0.9999999981090242, 0.9997495403692255, 0.9899374384166727, 0.9394937092344844, 0.6316473151489053, 0.3112454550917744, 0.21067997313033707, 0.17669958142914696, 0.16748813713026595, 0.14773605737612264, 0.12942937459058387, 0.12564850667318306, 0.12510917387865259, 0.12066642933708167, 0.11745107610278717, 0.11597510892007344, 0.11592012914081447, 0.11403078343780539, 0.11221276700902658, 0.11127918491995885, 0.11125753629705484, 0.10989995182467718, 0.10856095739654474, 0.10790113544573156, 0.10789286772127515, 0.10690697116593877, 0.10602095455863317, 0.10557201218294315, 0.10556853468211498, 0.1049154704998526, 0.10433432139359038, 0.10395265869343591, 0.10395090141606958, 0.1034838598780635, 0.10311580356432089, 0.10285250402547307, 0.10285153235336815, 0.102500913274193, 0.10215382446570742, 0.10193407907342839, 0.10193339601091589]
test_mses [22614.471529869315, 22613.61443285438, 22419.618821037464, 21287.439879717294, 14307.538527462666, 7049.4749638380345, 4774.749232068044, 4003.4257702547293, 3794.146374350503, 3346.0420042870505, 2932.3897711535933, 2846.6480238726867, 2834.1220198954225, 2733.181218587993, 2660.601266909864, 2627.0004562390927, 2625.724357301847, 2582.657561138249, 2541.7408169607033, 2520.4764790084196, 2519.9772092232897, 2489.0350173359147, 2458.939410180281, 2443.9117680416794, 2443.7227300676586, 2421.311916629432, 2401.4222217734005, 2391.2153753175644, 2391.13755600447, 2376.311830350438, 2363.2764272147397, 2354.62262378706, 2354.58385347185, 2343.9822095082477, 2335.7172797815538, 2329.7672836234533, 2329.745651515887, 2321.779401377775, 2313.9738849780415, 2309.0271041416045, 2309.011330450387]
test_rres [0.9999999994115928, 0.9999620990338061, 0.9913837154334403, 0.94131935999809, 0.6326718048726689, 0.31172406352185095, 0.2111368918328263, 0.17702937531002386, 0.16777515084120673, 0.14796021202170234, 0.1296687285199231, 0.12587727369343257, 0.1253233804064128, 0.12085983143005438, 0.1176503842608133, 0.1161645741411021, 0.11610814571938065, 0.11420375471553278, 0.1123944378761175, 0.1114541400711617, 0.11143206262468337, 0.11006381522485802, 0.10873300335520301, 0.1080684889485802, 0.1080601297891075, 0.10706913544305612, 0.10618962363054008, 0.10573828226550534, 0.10573484113653861, 0.10507925537033015, 0.10450283672128895, 0.10412017009955704, 0.10411845569667409, 0.10364965659414536, 0.10328418576229707, 0.10302108007146804, 0.10302012351108482, 0.10266786013305702, 0.10232270431613551, 0.1021039602775232, 0.10210326277321995]
step_times_seconds [0.513916015625, 1.3597328662872314, 3.540921926498413, 4.499905109405518, 5.630944013595581, 4.791975975036621, 4.841633081436157, 4.39579701423645, 5.7212910652160645, 4.212578058242798, 4.094148874282837, 3.899243116378784, 2.0734848976135254, 3.3363258838653564, 3.4817001819610596, 2.8056890964508057, 1.3725130558013916, 2.827958106994629, 2.8298580646514893, 2.8176820278167725, 1.9976019859313965, 3.1195268630981445, 2.8691320419311523, 2.956652879714966, 1.3848330974578857, 2.6060750484466553, 2.8191840648651123, 2.191322088241577, 1.3556532859802246, 2.6265499591827393, 2.877316951751709, 2.107412099838257, 1.3665237426757812, 1.92277193069458, 2.80220103263855, 2.4061150550842285, 1.7751359939575195, 1.922896146774292, 2.0845718383789062, 2.131162643432617, 1.3393070697784424]
