date 2025-01-26T23:42:30.059438
sample_ratio 0.4
rank 16
seed 0
l2_regularization_strength 0
input_shape (256, 256, 14, 20)
input_size 18350080
num_train_samples 7340032
num_test_samples 18350080
num_iterations 10
max_num_richardson_iterations 1024
num_richardson_iterations [2, 4, 6, 8, 9, 8, 7, 7, 7, 7, 6, 5, 6, 6, 5, 2, 5, 5, 4, 2, 4, 4, 4, 2, 4, 4, 3, 2, 4, 4, 3, 2, 3, 3, 3, 2, 3, 3, 2, 2]
train_mses [22604.506769680684, 22597.9157125893, 22419.383424901524, 21565.15936216823, 16136.190065950073, 7679.011622519108, 5147.975575138096, 4296.9687651047325, 3921.8418055733573, 3394.831409111678, 3029.093876342308, 2926.1579250485984, 2874.1165758477296, 2727.4133169115034, 2631.2136897817536, 2595.2852864817296, 2594.2621993834714, 2541.665371438322, 2502.5298600200554, 2484.9839554087916, 2484.476623698873, 2458.7008441335224, 2438.1326807197415, 2427.7657756153976, 2427.542835189518, 2411.3217451589944, 2395.969333144701, 2389.695672631998, 2389.595378090129, 2378.2970960021626, 2367.834015689495, 2362.5181458552956, 2362.4701459215494, 2354.4469624453154, 2348.4194856201952, 2344.9578408439297, 2344.933361497953, 2338.6840750555243, 2332.818177340555, 2330.7800322093663, 2330.76481491413]
train_rres [0.9999999985876914, 0.9997084170394084, 0.9918103332964312, 0.9540203443251773, 0.7138483580984031, 0.33971153141787613, 0.22774111465119518, 0.19009345361163066, 0.17349822493339487, 0.15018383010553452, 0.13400397995532473, 0.12945019994157986, 0.12714794448174505, 0.1206579440484771, 0.11640217204804937, 0.11481273664849125, 0.11476747633349133, 0.1124406470685673, 0.11070933252312067, 0.10993311985167153, 0.10991067602158176, 0.10877038219471001, 0.10786046791990177, 0.10740184676106243, 0.10739198410721927, 0.10667437986250414, 0.10599520503471259, 0.10571766478277232, 0.10571322785597939, 0.10521340354275155, 0.10475052769217451, 0.10451535910916336, 0.104513235641743, 0.1041582983035099, 0.10389164896326895, 0.10373850937890873, 0.10373742643796285, 0.10346096446968028, 0.10320146322214353, 0.10311129778968897, 0.10311062459228769]
test_mses [22614.471529869315, 22613.924282466058, 22472.99545600147, 21630.087391439818, 16180.466142444764, 7705.021709567416, 5168.929419693846, 4312.791500739757, 3935.49106313272, 3406.0960019853296, 3040.5717563406943, 2937.2171075568494, 2884.592869082507, 2736.583554103421, 2640.507551164193, 2604.3961694530212, 2603.331321019143, 2550.437011319604, 2511.7685197294086, 2494.1915776389815, 2493.661850005781, 2467.800994484159, 2447.5958625742774, 2437.2210120048385, 2436.983815270889, 2420.7479318146775, 2405.6888971794456, 2399.394692856294, 2399.2842736079424, 2387.979058227959, 2377.7271660577317, 2372.3796511526066, 2372.323307616228, 2364.286008570207, 2358.3759406706818, 2354.8823817064194, 2354.8511048967316, 2348.5832740326223, 2342.815157190706, 2340.7560368928202, 2340.735047913206]
test_rres [0.9999999994115928, 0.9999758004201544, 0.9937440020694599, 0.9564710521819351, 0.7154916758303556, 0.34071199474446673, 0.2285673317559184, 0.1907093646873738, 0.17402533840417322, 0.15061576811478297, 0.13445247882691383, 0.1298821907887203, 0.127555174728501, 0.12101028091143769, 0.11676185075220098, 0.11516502450568766, 0.11511793746976712, 0.11277897900246212, 0.11106907870625712, 0.11029183560080276, 0.11026841132435267, 0.10912485793765299, 0.10823139766504367, 0.1077726272467462, 0.1077621385323185, 0.10704419633211218, 0.1063782937658514, 0.10609996737157176, 0.10609508469066804, 0.1055951740313188, 0.10514184076856031, 0.10490537648086225, 0.10490288499941104, 0.1045474798761617, 0.1042861397918603, 0.10413165645770003, 0.10413027341367762, 0.10385311323984191, 0.10359805015641307, 0.10350699694325464, 0.10350606882165012]
step_times_seconds [0.5050370693206787, 1.3368539810180664, 2.898653984069824, 4.704349040985107, 5.823702812194824, 6.076149940490723, 6.3204309940338135, 5.732578992843628, 5.243122816085815, 4.849302053451538, 4.824585199356079, 4.499742031097412, 3.5424036979675293, 4.603899717330933, 5.09965181350708, 3.6508970260620117, 1.3166861534118652, 3.2892677783966064, 3.4728970527648926, 2.786187171936035, 1.326901912689209, 2.647268056869507, 2.848712921142578, 2.7537801265716553, 1.385378122329712, 3.2774250507354736, 3.22632098197937, 2.0854477882385254, 1.4632811546325684, 2.703768014907837, 2.696416139602661, 2.08516526222229, 1.3738389015197754, 1.9409289360046387, 1.9886038303375244, 2.2427098751068115, 1.5590946674346924, 2.2677528858184814, 2.401581048965454, 1.4142563343048096, 1.3338737487792969]
