date 2025-01-26T23:42:30.059438
sample_ratio 0.6
rank 16
seed 0
l2_regularization_strength 0
input_shape (256, 256, 14, 20)
input_size 18350080
num_train_samples 11010048
num_test_samples 18350080
num_iterations 10
max_num_richardson_iterations 1024
num_richardson_iterations [2, 2, 3, 5, 5, 5, 4, 3, 4, 4, 3, 2, 3, 3, 3, 2, 3, 3, 2, 2, 2, 2, 2, 2, 2, 2, 2, 2, 2, 2, 2, 2, 2, 2, 2, 2, 2, 2, 2, 2]
train_mses [22611.700276562766, 22606.634157672728, 22382.224792747686, 20886.89059504238, 12849.958283318756, 6682.705557956618, 4506.078046408486, 3874.3468437712395, 3774.469930419103, 3289.6973650210953, 2911.617208288015, 2808.4766603805365, 2804.341277074897, 2692.641596594358, 2625.7207250633137, 2591.420225632974, 2590.5702521315534, 2553.5250291492885, 2519.100573964332, 2500.934268030566, 2500.7457832958703, 2484.7229327578293, 2472.052850803763, 2460.644275660937, 2460.5972601564254, 2449.7673855503303, 2437.010507238632, 2428.055348707659, 2428.0369080836745, 2419.2164951249924, 2407.9561763664547, 2400.6129627040427, 2400.602441074174, 2393.0624432415343, 2383.4091303280793, 2377.330073694288, 2377.32299272688, 2370.7696577794673, 2362.5402776787046, 2357.471291567225, 2357.466209029266]
train_rres [0.9999999994519886, 0.9997759508919379, 0.9898514709962503, 0.923720477811462, 0.5682880154570212, 0.29554193061815454, 0.1992808143052248, 0.1713425701853942, 0.16692552449330506, 0.1454865102129496, 0.12876595616784878, 0.12420457659048624, 0.12402168971100379, 0.11908178342120107, 0.11612221511471088, 0.11460527923673554, 0.11456768925055323, 0.11292936827031445, 0.11140695046249605, 0.11060354754711953, 0.11059521183011077, 0.10988660299781218, 0.10932626999356412, 0.10882172699162107, 0.1088196477360184, 0.10834069770273032, 0.10777652613895232, 0.10738048522135059, 0.10737966968674909, 0.10698958787751023, 0.10649160149812953, 0.10616684866802063, 0.10616638335007751, 0.10583292776132097, 0.10540601104165394, 0.10513716541942705, 0.10513685226440918, 0.10484703173505192, 0.10448308829003894, 0.10425891292743007, 0.10425868815273846]
test_mses [22614.471529869315, 22613.193109854245, 22400.426796337688, 20916.482105375082, 12860.050344459325, 6687.759463909232, 4511.832285503949, 3877.8782974676446, 3778.4020590089062, 3292.712745619298, 2914.742803780239, 2811.4776395637186, 2807.396980432854, 2695.0904422795957, 2628.0555556339664, 2593.696321703189, 2592.8540385134133, 2555.457177621809, 2521.0095313673264, 2502.8058885893215, 2502.6140096705353, 2486.4970268879624, 2473.858914268125, 2462.438191203464, 2462.3885011497255, 2451.525155428954, 2438.8145768438044, 2429.8620458430782, 2429.8417368159385, 2421.025800300435, 2409.8150160297264, 2402.482136995091, 2402.470597633239, 2394.958117992091, 2385.35091570739, 2379.283401948437, 2379.2759979721613, 2372.763372656184, 2364.573460407703, 2359.5129521076055, 2359.5080274309]
test_rres [0.9999999994115928, 0.9999434683530345, 0.9905350542271355, 0.9249158029380024, 0.5686646411306475, 0.29572919496000066, 0.19951084317358034, 0.1714777323035805, 0.16707894552367203, 0.1456020203405067, 0.1288883889334038, 0.1243220578555643, 0.12414161326179728, 0.1191754773988017, 0.1162112300796616, 0.11469188288354522, 0.11465463756529105, 0.11300096810765169, 0.11147771136522838, 0.11067275588602338, 0.11066427110147205, 0.10995158662632072, 0.10939273595427611, 0.10888771760605355, 0.10888552033809422, 0.10840514892194014, 0.10784309384314326, 0.10744721764574312, 0.10744631959127826, 0.10705648352994596, 0.10656074856442599, 0.10623649252242051, 0.1062359822579277, 0.10590378437186149, 0.1054789589556956, 0.10521065669856046, 0.10521032929863594, 0.10492234444329483, 0.1045601908447531, 0.10433641783770158, 0.10433620007109595]
step_times_seconds [0.5536308288574219, 1.4231979846954346, 1.4367759227752686, 2.3898088932037354, 4.3189170360565186, 3.436253786087036, 3.576430082321167, 3.663116931915283, 2.4503371715545654, 2.8505187034606934, 2.8535048961639404, 2.174456834793091, 1.338393211364746, 1.9849939346313477, 2.0452969074249268, 2.150014877319336, 1.342299222946167, 2.012953281402588, 2.031240940093994, 1.3965260982513428, 1.3585431575775146, 1.3301429748535156, 1.406916856765747, 1.7282500267028809, 2.1182897090911865, 1.436309814453125, 1.3312349319458008, 1.5148980617523193, 1.3539021015167236, 1.312412977218628, 1.3253891468048096, 1.4687910079956055, 1.4461350440979004, 1.2742488384246826, 1.3141560554504395, 1.4979441165924072, 1.5033290386199951, 1.4729132652282715, 1.4855408668518066, 1.6410818099975586, 1.5701611042022705]
