date 2025-01-27T09:10:31.779173
sample_ratio 0.6
rank 16
seed 0
l2_regularization_strength 0
input_shape (256, 256, 14, 20)
input_size 18350080
num_train_samples 11010048
num_test_samples 18350080
num_iterations 10
max_num_richardson_iterations 1024
num_richardson_iterations [3, 4, 4, 4, 4, 4, 4, 4, 4, 4, 4, 3, 4, 4, 4, 2, 4, 4, 4, 2, 4, 4, 4, 2, 4, 4, 4, 2, 4, 4, 4, 2, 4, 4, 4, 2, 4, 4, 4, 2]
train_mses [22611.700276562766, 22605.669434351115, 22339.65587954608, 20828.1586889332, 12740.135667269828, 6479.608970941817, 4398.885310739711, 3865.9521922102062, 3771.39187783912, 3249.1119883552433, 2847.169415771269, 2738.5080727276973, 2737.8375350830534, 2633.104442479571, 2553.5178452952086, 2520.6310730387013, 2520.601142318127, 2488.0731733243833, 2446.347115662184, 2427.0601657454513, 2427.0285839889984, 2402.3104645685157, 2369.523337841775, 2355.736427984313, 2355.710681787671, 2333.8327516967242, 2308.1427539686724, 2298.441622379582, 2298.4213785429224, 2279.955920246518, 2260.5171383103393, 2253.5188556085645, 2253.502617982968, 2238.349717998, 2223.6041982553006, 2218.154639618921, 2218.1420983349776, 2205.702156853627, 2194.1303954107366, 2189.666371168871, 2189.6571261029944]
train_rres [0.9999999994519886, 0.9997332861073669, 0.987968865413405, 0.9211230656151811, 0.5634311221387166, 0.28656000602073656, 0.19454022716233135, 0.17097131762792359, 0.16678939795082268, 0.14369162631889418, 0.12591575951332173, 0.1211102233680964, 0.12108056891327544, 0.11644875921895341, 0.11292905056514466, 0.11147463661854849, 0.11147331293566787, 0.11003476702456567, 0.10818943663680254, 0.10733647336246824, 0.10733507666270442, 0.10624192050440537, 0.10479191337058727, 0.10418218877308777, 0.1041810501503255, 0.10321350105798087, 0.10207736368663065, 0.10164833219120482, 0.10164743690971775, 0.10083080401345454, 0.09997112598447969, 0.09966162768880336, 0.09966090958156731, 0.09899077421840005, 0.0983386552023921, 0.09809764906102549, 0.09809709442409932, 0.09754693935736923, 0.09703517945895314, 0.09683775846960603, 0.09683734960756743]
test_mses [22614.471529869315, 22614.751958396948, 22365.420091273027, 20858.31225165493, 12748.461509720775, 6483.968772352405, 4403.643192530507, 3869.291701517961, 3775.2978298542266, 3252.415282449846, 2850.025089864028, 2741.319003110961, 2740.6513966956013, 2635.1540065447143, 2555.542863166901, 2522.536535964931, 2522.499357466118, 2489.6429218156304, 2448.193059396263, 2428.8965066019105, 2428.8613239319184, 2403.9893107786797, 2371.556189487787, 2357.764906996622, 2357.7384896135777, 2335.7946032094046, 2310.4085581470013, 2300.681031321203, 2300.661588803181, 2282.175771815218, 2262.9419076518247, 2255.911869722809, 2255.8965228870275, 2240.7557527784847, 2226.1239827828354, 2220.647286845783, 2220.635375466697, 2208.231237632166, 2196.708285787947, 2192.219847817746, 2192.2110677366304]
test_rres [0.9999999994115928, 1.0000123998131276, 0.9889870761990917, 0.9223435626975398, 0.5637302417339822, 0.2867176781015258, 0.1947267785640277, 0.17109803756106617, 0.16694167814827687, 0.14382008778053, 0.12602660576979322, 0.12121967996807709, 0.12119015876462624, 0.11652511983371555, 0.11300475707724704, 0.11154523470287034, 0.11154359068926861, 0.11009069644021409, 0.10825780539342439, 0.10740452200992762, 0.10740296625082332, 0.10630313895192965, 0.10486896344051118, 0.10425912020518134, 0.10425795204244122, 0.10328760496347997, 0.10216504744477181, 0.10173490134088316, 0.1017340416029943, 0.10091660852910311, 0.10006609720379216, 0.09975523263569495, 0.09975455400671386, 0.09908503714094781, 0.09843802799161994, 0.09819585138684737, 0.09819532467194876, 0.09764682024146278, 0.09713728139054516, 0.09693880503165118, 0.09693841678109671]
step_times_seconds [0.5437178611755371, 3.0177409648895264, 3.6303210258483887, 3.3739960193634033, 3.0320188999176025, 2.76019287109375, 2.906236171722412, 2.983354091644287, 2.9152510166168213, 2.8422226905822754, 2.8142001628875732, 2.963031053543091, 4.560122966766357, 3.1538290977478027, 2.9153192043304443, 2.975525140762329, 1.406038761138916, 2.8145039081573486, 2.8247270584106445, 2.9424262046813965, 1.4408040046691895, 2.7840230464935303, 2.8355588912963867, 3.0162861347198486, 2.5717599391937256, 3.144178867340088, 2.9244492053985596, 3.0439000129699707, 1.4021940231323242, 2.750319242477417, 2.8732001781463623, 3.017174005508423, 1.448472023010254, 2.7657830715179443, 2.9042418003082275, 2.9234750270843506, 1.4920330047607422, 2.832465171813965, 2.8205032348632812, 2.9475839138031006, 1.407790184020996]
