date 2025-01-26T23:42:30.059438
sample_ratio 0.3
rank 16
seed 0
l2_regularization_strength 0
input_shape (256, 256, 14, 20)
input_size 18350080
num_train_samples 5505024
num_test_samples 18350080
num_iterations 10
max_num_richardson_iterations 1024
num_richardson_iterations [2, 2, 2, 2, 4, 4, 2, 2, 2, 2, 2, 2, 2, 2, 2, 2, 2, 2, 2, 2, 2, 2, 2, 2, 2, 2, 2, 2, 2, 2, 2, 2, 2, 2, 2, 2, 2, 2, 2, 2]
train_mses [22613.98400534867, 22606.528825805246, 22522.113070767948, 22207.64389178351, 20138.317555375656, 10616.20071624331, 8031.589000992443, 7306.722893349919, 6679.580169187176, 6444.406458206167, 6306.285602192244, 5888.54467690137, 5480.742057808939, 5284.56123940463, 5112.300579572365, 4878.8491528531285, 4654.797586184968, 4511.827768233295, 4352.324536098326, 4201.567866033867, 4072.632323998942, 3941.046655936131, 3798.346178313993, 3685.454717034171, 3601.7075655493445, 3490.731164876807, 3380.6330220116583, 3299.213277592879, 3251.8742155181085, 3176.793158489248, 3099.7168014430695, 3045.748902538971, 3021.196452940095, 2970.673211494582, 2915.7364145968036, 2879.396542801484, 2866.580251612364, 2830.366708715646, 2789.298523062994, 2763.4070129931033, 2754.703403955727]
train_rres [0.9999999976629591, 0.9996703264504812, 0.9959374258337633, 0.9820314648949419, 0.8905249735539063, 0.46945291413144474, 0.3551602840226055, 0.3231063962256991, 0.2953738780392197, 0.28497439644518596, 0.27886663340535806, 0.2603939518904249, 0.2423607465055212, 0.233685547217354, 0.22606810752212195, 0.21574478607118103, 0.20583713043245988, 0.1995149442319332, 0.19246164341928215, 0.1857951193040941, 0.18009353475786366, 0.17427476051073557, 0.16796448465421732, 0.16297237618764687, 0.1592690415045898, 0.15436161783316005, 0.1494930310957765, 0.14589261534376918, 0.14379926187040773, 0.14047914557264993, 0.13707079625888824, 0.13468431279957346, 0.13359859302831648, 0.13136443378793283, 0.12893510524695592, 0.12732814064921866, 0.1267613987979758, 0.1251600205179027, 0.12334396786893292, 0.1221990342737178, 0.12181415697766165]
test_mses [22614.471529869315, 22614.156743299576, 22554.49114460198, 22260.21726889678, 20205.648762591394, 10658.0425412836, 8073.724893262971, 7344.701691678619, 6715.429635818114, 6480.215078829235, 6342.368439588904, 5922.299360480306, 5512.200041560806, 5314.812842584202, 5142.607351813871, 4907.546724333482, 4681.423896895707, 4537.284797213328, 4377.858457202456, 4226.061448574697, 4095.474260007554, 3963.0538162934986, 3820.7687102061996, 3707.4310505344424, 3622.455019009201, 3510.887672707301, 3401.074436567569, 3319.212367852921, 3271.126052027532, 3195.7089473713954, 3118.7955388962578, 3064.4652358180183, 3039.4976015386355, 2988.797465302661, 2933.920310875597, 2897.2961042188113, 2884.2414851904155, 2847.928116418514, 2806.836510550329, 2780.7431540232856, 2771.822830599303]
test_rres [0.9999999994115928, 0.9999860797155636, 0.9973476984213698, 0.9843350628997585, 0.8934831275634504, 0.47129301787729727, 0.35701585499570543, 0.324778833662154, 0.2969527553627301, 0.28655169175442047, 0.2804561860965875, 0.2618809530513847, 0.24374657754159076, 0.2350182197464617, 0.22740338380207295, 0.21700912687541396, 0.2070100947509595, 0.2006363398123492, 0.1935865911721259, 0.18687420754034634, 0.18109971096111724, 0.17524414880653683, 0.16895237648651396, 0.1639406449740012, 0.1601830496942263, 0.1552496005048922, 0.1503937171414417, 0.14677381965419087, 0.14464746813925133, 0.14131256356223526, 0.137911493219809, 0.13550903588294347, 0.13440498026830247, 0.13216304699388667, 0.1297364081789008, 0.12811690508386442, 0.12753963671818666, 0.12593387871041842, 0.12411682957930197, 0.1229629951208126, 0.12256854312546299]
step_times_seconds [0.5323410034179688, 1.824354887008667, 1.547658920288086, 1.7395830154418945, 1.3457262516021729, 2.4653990268707275, 2.6192409992218018, 1.3498282432556152, 1.2598872184753418, 1.2642028331756592, 1.1975491046905518, 1.305220127105713, 1.2417616844177246, 1.2196810245513916, 1.2015597820281982, 1.4289557933807373, 1.3386597633361816, 1.209650993347168, 1.1954998970031738, 1.3417010307312012, 1.6490890979766846, 1.3978602886199951, 1.4075772762298584, 1.6331148147583008, 1.297295093536377, 1.2927768230438232, 1.240833044052124, 1.3271796703338623, 1.2511119842529297, 1.1912400722503662, 1.1943953037261963, 1.3264639377593994, 1.3183469772338867, 1.214446783065796, 1.1934709548950195, 1.3339779376983643, 1.6398582458496094, 1.7282629013061523, 1.3923559188842773, 1.6677272319793701, 1.295159101486206]
