date 2025-01-27T09:10:31.779173
sample_ratio 0.9
rank 16
seed 0
l2_regularization_strength 0
input_shape (256, 256, 14, 20)
input_size 18350080
num_train_samples 16515072
num_test_samples 18350080
num_iterations 10
max_num_richardson_iterations 1024
num_richardson_iterations [3, 4, 4, 4, 4, 4, 4, 3, 4, 4, 4, 2, 4, 4, 4, 2, 4, 4, 3, 2, 3, 3, 3, 2, 3, 3, 3, 2, 3, 3, 3, 2, 3, 3, 3, 2, 3, 3, 3, 2]
train_mses [22611.43922386673, 22607.96696957207, 22249.8249926814, 19908.445552887228, 9720.883982249306, 5523.1345718888315, 3684.1722560374783, 3301.905443835479, 3291.5889396849802, 2896.636500878883, 2688.9154559783487, 2642.951978986677, 2642.7248822775914, 2575.053539664177, 2511.8089106605826, 2484.6313230564515, 2484.5890743466866, 2449.361324945424, 2411.6298429635763, 2397.374444652032, 2397.348131566514, 2374.717145629052, 2353.2529800659577, 2344.8719635701873, 2344.8555096472346, 2330.066957256576, 2316.6023641437064, 2310.728299533204, 2310.7180333092656, 2300.1260352054483, 2290.346502424036, 2285.6651964825464, 2285.6581295280807, 2277.367892784085, 2269.5976400482978, 2265.6180764619003, 2265.612813683993, 2258.802191163814, 2252.304195155937, 2248.7972123761438, 2248.7931961399604]
train_rres [0.9999999986711903, 0.9998464368277503, 0.9840074637810128, 0.8804590158692337, 0.4299100058642687, 0.24426284898839526, 0.16293400055902732, 0.14602809696264984, 0.1455718454151632, 0.12810491487743775, 0.11891836807836183, 0.11688561481239192, 0.11687557136904735, 0.11388277901056433, 0.11108575984281498, 0.1098838200945777, 0.10988195162838718, 0.1083239902352323, 0.10665530026118222, 0.1060248495343857, 0.10602368582759011, 0.10502282136764446, 0.10407356000829157, 0.10370290618118856, 0.10370217849982481, 0.10304814881933469, 0.10245267177067492, 0.10219288889951222, 0.10219243487162735, 0.10172399949319454, 0.1012914957205866, 0.10108446308153514, 0.1010841505426301, 0.1007175114865797, 0.10037386893253739, 0.10019787113152574, 0.10019763838305501, 0.09989643586145963, 0.09960905937317385, 0.09945396164850397, 0.09945378402884258]
test_mses [22614.471529869315, 22612.116511798675, 22258.390642098308, 19916.644062960655, 9723.41353067542, 5524.283247444188, 3684.7354733682187, 3302.4351091241515, 3292.131406191321, 2897.086098620883, 2689.3227514960236, 2643.3572733351125, 2643.1207255121167, 2575.332830938363, 2512.0594297574353, 2484.9077421671436, 2484.8593457245097, 2449.5130340109563, 2411.753556389081, 2397.5341208598734, 2397.503396125275, 2374.781850903616, 2353.308055844394, 2344.9488136007735, 2344.929272797532, 2330.0776002157004, 2316.609559335744, 2310.7426684337506, 2310.7302687321744, 2300.095051781007, 2290.3090713456286, 2285.627804115849, 2285.6192260398225, 2277.3007574875637, 2269.5178397545, 2265.537283121834, 2265.5309039840085, 2258.704769911422, 2252.187786150624, 2248.681803273368, 2248.6769269900333]
test_rres [0.9999999994115928, 0.999895861755042, 0.9842542904264779, 0.8807034922277777, 0.42996421614855584, 0.2442808905305241, 0.16293705852614224, 0.14603193812506743, 0.1455763138177225, 0.12810761874712526, 0.11892043315544805, 0.11688786396305488, 0.11687740394312718, 0.11387985901070051, 0.1110819425942092, 0.10988130929448989, 0.1098791692293311, 0.10831617397445327, 0.10664646979632182, 0.1060176938595479, 0.10601633522799464, 0.10501160048642537, 0.10406204059871259, 0.1036923993171261, 0.10369153523311671, 0.10303480210745085, 0.1024392524456229, 0.10217982162537169, 0.1021792733171102, 0.10170898963478482, 0.10127625874312127, 0.1010692555761075, 0.10106887625811152, 0.1007010379676444, 0.10035688145183973, 0.10018086333772788, 0.10018058125561892, 0.09987873320847115, 0.09959055562499965, 0.09943552291196177, 0.09943530728528549]
step_times_seconds [0.5945429801940918, 2.3735930919647217, 4.22638201713562, 4.126142978668213, 3.6551499366760254, 3.0745186805725098, 3.1620399951934814, 3.3472230434417725, 2.6463377475738525, 3.177628993988037, 3.197007894515991, 3.5416629314422607, 2.6103076934814453, 3.2171268463134766, 3.1787450313568115, 3.3200557231903076, 1.5352919101715088, 3.0504541397094727, 3.210022211074829, 2.4412920475006104, 1.7325618267059326, 2.4514107704162598, 2.3315958976745605, 2.38411283493042, 2.2985689640045166, 2.9791488647460938, 2.4068050384521484, 2.456048011779785, 1.5361909866333008, 2.2115800380706787, 2.3444700241088867, 2.5166289806365967, 1.5319721698760986, 2.227886915206909, 2.594641923904419, 2.403074026107788, 1.5238866806030273, 2.5276873111724854, 3.011399984359741, 2.645688056945801, 1.5847070217132568]
