date 2025-01-27T09:10:31.779173
sample_ratio 0.4
rank 16
seed 0
l2_regularization_strength 0
input_shape (256, 256, 14, 20)
input_size 18350080
num_train_samples 7340032
num_test_samples 18350080
num_iterations 10
max_num_richardson_iterations 1024
num_richardson_iterations [2, 2, 2, 4, 4, 4, 3, 2, 2, 2, 2, 2, 2, 2, 2, 2, 2, 2, 2, 2, 2, 2, 2, 2, 2, 2, 2, 2, 2, 2, 2, 2, 2, 2, 2, 2, 2, 2, 2, 2]
train_mses [22604.506769680684, 22597.9157125893, 22477.81321545773, 21906.00313679204, 16541.053387118, 8412.48947645768, 5776.517932286642, 4506.665675770956, 4256.445696855402, 3875.485155198138, 3645.3023316946224, 3600.8390590081426, 3476.9544846646822, 3323.889790863795, 3212.373406799029, 3175.839217164705, 3099.2854871943828, 2986.3752890673823, 2892.067294071178, 2851.8641001371834, 2812.791467582136, 2753.4615979034347, 2701.416819676445, 2678.877627333781, 2664.2713239518266, 2629.1192241044873, 2596.03165266387, 2581.07469810466, 2575.4705812620227, 2552.1505438698446, 2529.073658497994, 2518.372393377339, 2516.20826807447, 2499.521756169313, 2482.3899618069804, 2474.438055924904, 2473.6010179732502, 2460.8858101556316, 2447.5117501734217, 2441.4096122274873, 2441.0840383544123]
train_rres [0.9999999985876914, 0.9997084170394084, 0.9943952067939612, 0.9690989203638106, 0.7317590926577245, 0.37215983300552613, 0.25554717840056707, 0.19937022804014118, 0.18830075498719298, 0.1714474546696558, 0.16126440464676525, 0.15929739545356655, 0.1538168700242454, 0.14704544629249572, 0.14211207680810392, 0.1404958420477096, 0.13710918421694085, 0.13211415384012312, 0.1279420656886795, 0.12616351797309122, 0.12443498512351484, 0.12181029305659975, 0.11950788590019615, 0.1185107753443019, 0.11786460759066981, 0.11630951505289132, 0.11484575511638752, 0.11418407491736864, 0.11393615458485162, 0.11290450025163157, 0.11188360271228727, 0.11141018981217057, 0.1113144511472281, 0.1105762571201869, 0.10981836425781681, 0.10946658016662347, 0.10942955047342998, 0.10886704283151515, 0.10827538825132055, 0.10800543598032028, 0.10799103292893178]
test_mses [22614.471529869315, 22613.924282466058, 22513.22460351754, 21954.97252292019, 16593.642478504054, 8439.427612261901, 5798.802739874644, 4520.517846824279, 4269.759486826621, 3888.1396700461387, 3658.846616470812, 3614.546582891662, 3490.2624220157263, 3336.6260874285194, 3225.66772253398, 3189.7424807591656, 3112.6324507758977, 2999.070005769717, 2904.60466228901, 2864.2307363925966, 2824.596552479294, 2764.7893838244167, 2712.6395588527826, 2689.912762492224, 2675.0680417860094, 2639.673104753786, 2606.5421338195015, 2591.4581287644955, 2585.7361100128705, 2562.2558735143516, 2539.157205449423, 2528.3640818065205, 2526.1366132986464, 2509.3353120679953, 2492.1952066811336, 2484.1721919582087, 2483.2992865486267, 2470.502613358978, 2457.1302283120367, 2450.969973865023, 2450.6230095748797]
test_rres [0.9999999994115928, 0.9999758004201544, 0.9955229137472883, 0.9708373012830956, 0.7337621154146036, 0.3731870362811371, 0.25641999764635215, 0.19989491411256946, 0.18880651173628984, 0.1719314847849906, 0.1617922669333792, 0.159833342821685, 0.1543375628014156, 0.14754384514615743, 0.14263732479335167, 0.14104872955661463, 0.1376389647148385, 0.1326172933134367, 0.12844008566565449, 0.1266547719642341, 0.12490216926301102, 0.12225752781999995, 0.11995149007456472, 0.11894652313040385, 0.11829009741300989, 0.11672495197219572, 0.11525991791773946, 0.11459291117269094, 0.11433988652249294, 0.11330160285295458, 0.11228019193823001, 0.11180292570530938, 0.1117044282231276, 0.11096148354725606, 0.11020355713035361, 0.10984878365233501, 0.1098101842356776, 0.1092443220988942, 0.10865300228753312, 0.10838059908610291, 0.10836525650825488]
step_times_seconds [0.5215167999267578, 1.38484787940979, 1.4081158638000488, 1.5182349681854248, 2.8679471015930176, 2.657888174057007, 2.7163052558898926, 2.090590000152588, 1.3478190898895264, 1.1973469257354736, 1.2776329517364502, 1.3358159065246582, 1.3460111618041992, 1.2155272960662842, 1.270115852355957, 1.348036289215088, 1.347425937652588, 1.202739953994751, 1.316749095916748, 1.3386619091033936, 1.3429288864135742, 1.2200570106506348, 1.2670316696166992, 1.3521642684936523, 1.338176965713501, 1.217721939086914, 1.284229040145874, 1.3484148979187012, 1.3578288555145264, 1.2135093212127686, 1.2866880893707275, 1.3321430683135986, 1.3631207942962646, 1.2617249488830566, 1.3129541873931885, 1.3374500274658203, 1.342937707901001, 1.2185289859771729, 1.2870421409606934, 1.373457908630371, 1.3897221088409424]
