date 2025-01-26T23:42:30.059438
sample_ratio 0.5
rank 16
seed 0
l2_regularization_strength 0
input_shape (256, 256, 14, 20)
input_size 18350080
num_train_samples 9175040
num_test_samples 18350080
num_iterations 10
max_num_richardson_iterations 1024
num_richardson_iterations [2, 2, 4, 5, 6, 5, 4, 4, 4, 4, 3, 2, 3, 3, 2, 2, 3, 2, 2, 2, 2, 2, 2, 2, 2, 2, 2, 2, 2, 2, 2, 2, 2, 2, 2, 2, 2, 2, 2, 2]
train_mses [22610.854759402322, 22605.191695813653, 22436.04810484338, 21278.425966335075, 14418.324661946124, 7270.8103598058715, 4868.698930888737, 4086.133680772423, 3843.9587039177645, 3392.440538698218, 2979.628967553107, 2897.175006103961, 2880.1881537799436, 2786.811973948179, 2725.5416785962807, 2700.7681446407273, 2693.844848646725, 2658.6004688807684, 2632.385393944984, 2614.8776393564353, 2612.715549239326, 2601.0634594609646, 2581.0910293834736, 2568.9262079716245, 2568.288319478699, 2556.5076519826175, 2539.9045214867056, 2529.914944167783, 2529.719869085389, 2518.8655723243746, 2504.551465827819, 2495.809341831183, 2495.7435583268248, 2485.8991139706795, 2473.3805563853284, 2465.5659021423626, 2465.5386296426227, 2456.62803654452, 2445.645533140823, 2438.6295268294043, 2438.6143730418485]
train_rres [0.9999999981090242, 0.9997495403692255, 0.9922689036374321, 0.9410712753904109, 0.637672692523303, 0.3215628256173512, 0.2153257350723366, 0.1807155773864098, 0.17000501473967897, 0.15003592603559177, 0.13177869627771038, 0.12813204239528955, 0.12738077259710417, 0.12325106672579632, 0.12054129321709871, 0.11944564538899502, 0.11913945192330874, 0.11758071475594647, 0.11642131255000772, 0.11564700504408905, 0.11555138326702544, 0.11503605158760354, 0.1141527399988889, 0.11361473197051981, 0.1135865203660269, 0.11306550213831457, 0.11233120303104126, 0.1118893985346465, 0.11188077103762788, 0.11140072298743309, 0.11076765950434933, 0.11038102555914343, 0.11037811618199102, 0.10994273041518643, 0.10938907785782466, 0.1090434626959326, 0.1090422565274804, 0.10864817177588347, 0.10816245358876528, 0.10785215986600216, 0.10785148966632646]
test_mses [22614.471529869315, 22613.61443285438, 22460.553225313688, 21322.21545659464, 14445.87687812115, 7283.272243480402, 4880.256177587752, 4094.8894439889286, 3851.356530625, 3398.6102595703837, 2985.786376423868, 2903.2126734586077, 2885.989380962284, 2792.078968671633, 2731.002212035767, 2706.072295316555, 2699.075388353523, 2663.3986814911373, 2637.373601776138, 2619.6967971923405, 2617.529505177636, 2605.706766826083, 2585.919814916579, 2573.607366371233, 2572.9735255086775, 2561.0322079663038, 2544.6090743938958, 2534.483895824698, 2534.29209586295, 2523.2990116807036, 2509.155434529752, 2500.2866685218382, 2500.2219587228387, 2490.264883100976, 2477.904792494669, 2469.970824321544, 2469.9429681788592, 2460.945962060603, 2450.108536490414, 2442.9793903093937, 2442.9626633488374]
test_rres [0.9999999994115928, 0.9999620990338061, 0.9931938131931015, 0.9428571176596365, 0.6387890537499804, 0.3220624558736686, 0.21580235329710473, 0.18107385070532883, 0.17030495376696914, 0.15028475253475254, 0.13202989823234945, 0.12837853265400243, 0.12761692774701, 0.1234642588636644, 0.12076347690998232, 0.11966108914595186, 0.11935168961169021, 0.11777408445765107, 0.11662326916376672, 0.11584161019154404, 0.11574577368214048, 0.11522297843003913, 0.11434800985641023, 0.11380355987791578, 0.11377553176939482, 0.11324749300803906, 0.11252127070648969, 0.11207354065231324, 0.1120650593592005, 0.1115789509767314, 0.11095352945742025, 0.11056135730380696, 0.11055849587063679, 0.11011819924009858, 0.10957164255480488, 0.10922080666823651, 0.1092195748843042, 0.10882173202067243, 0.10834250677990134, 0.10802725969719108, 0.10802652003982062]
step_times_seconds [0.5128729343414307, 1.3788580894470215, 1.4962048530578613, 3.1656010150909424, 3.713052749633789, 4.206820011138916, 3.4351422786712646, 3.4573709964752197, 3.2443788051605225, 2.6742970943450928, 2.856872081756592, 2.1055238246917725, 1.3349330425262451, 2.0471370220184326, 2.125645637512207, 1.3332409858703613, 1.3171000480651855, 1.9556260108947754, 1.3592009544372559, 1.348452091217041, 1.3698997497558594, 1.2263598442077637, 1.3524181842803955, 1.6751699447631836, 1.7072429656982422, 1.2940928936004639, 1.3209600448608398, 1.48225998878479, 1.6130170822143555, 1.2225637435913086, 1.2954161167144775, 1.3535869121551514, 1.4311408996582031, 1.2646939754486084, 1.2953410148620605, 1.354334831237793, 1.3622400760650635, 1.2793951034545898, 1.400454044342041, 1.314906120300293, 1.3656260967254639]
