date 2025-01-26T23:42:30.059438
sample_ratio 0.5
rank 16
seed 0
l2_regularization_strength 0
input_shape (256, 256, 14, 20)
input_size 18350080
num_train_samples 9175040
num_test_samples 18350080
num_iterations 10
max_num_richardson_iterations 1024
num_richardson_iterations [3, 6, 7, 8, 9, 8, 8, 7, 7, 8, 6, 5, 7, 6, 6, 2, 6, 6, 6, 2, 6, 6, 5, 2, 6, 6, 5, 2, 5, 5, 5, 2, 5, 5, 5, 2, 5, 5, 4, 2]
train_mses [22610.854759402322, 22603.777260355764, 22379.873026279813, 21235.906525696377, 14262.777172381604, 7005.067040461178, 4715.791228591007, 3974.63926531752, 3772.9539868610095, 3331.0135252444843, 2917.95658496336, 2832.472678224223, 2825.5888454166484, 2722.432902424289, 2648.3077083861313, 2614.624078828898, 2614.509690238948, 2570.87518802928, 2524.6454141405266, 2501.408882735997, 2501.326262364063, 2467.459816507349, 2433.3269838898477, 2417.6598755932105, 2417.6001392674293, 2393.4678831985107, 2372.142108939445, 2361.5379472520895, 2361.4937409126464, 2345.3415825667953, 2331.1902456830962, 2323.9299469061275, 2323.8962754171075, 2312.4109232801075, 2301.2416957388464, 2295.7229613326995, 2295.6952777837887, 2286.567617905878, 2277.4832050798013, 2273.183106956102, 2273.1593513291346]
train_rres [0.9999999981090242, 0.9996869847750091, 0.9897844739661485, 0.9391907874119274, 0.6307933643897348, 0.30980991659777185, 0.2085631556105849, 0.1757845645418951, 0.16686472138597633, 0.14731922142662368, 0.12905113983947, 0.12527048194364487, 0.12496603379837098, 0.12040380278610029, 0.11712550151501876, 0.11563579093786634, 0.11563073192568168, 0.11370092862583023, 0.11165634542482983, 0.11062867391007086, 0.11062501989642756, 0.10912722398587753, 0.10761764670911565, 0.10692474463028132, 0.10692210269894771, 0.10585481637651226, 0.10491165104969633, 0.1044426656097322, 0.10444071051604689, 0.10372635634911337, 0.10310049160372799, 0.10277939366910786, 0.10277790449546473, 0.10226994704593463, 0.10177597069523979, 0.10153189613660701, 0.10153067178886992, 0.10112698692344682, 0.10072521472573188, 0.1005350362401627, 0.10053398561084438]
test_mses [22614.471529869315, 22614.600015999615, 22419.154752024835, 21280.568804116334, 14287.287557634068, 7016.587814286569, 4726.531888060478, 3982.614874129335, 3779.9639327375817, 3336.5208223289483, 2923.667641214468, 2837.9027321281314, 2830.7424153872066, 2727.1582790356365, 2653.160490087828, 2619.263471905421, 2619.1320828324847, 2575.158822146318, 2529.142393760456, 2505.7781408320025, 2505.685286881871, 2471.531440278535, 2437.631550974548, 2421.8926732151353, 2421.829114811216, 2397.563608657503, 2376.4115965338538, 2365.7736474975245, 2365.7294244530635, 2349.498196240798, 2335.468647170138, 2328.2117809975393, 2328.1789470433705, 2316.6222124723995, 2305.550019085007, 2300.0555843450493, 2300.0284226635545, 2290.8331994999244, 2281.8238653599733, 2277.5565950205173, 2277.5327108030565]
test_rres [0.9999999994115928, 1.000005681000484, 0.9913631945465496, 0.9410155246602692, 0.6317763176714786, 0.3102698111203001, 0.20900474632080276, 0.1761091284634123, 0.1671480107558926, 0.1475391903789934, 0.12928304053590486, 0.12549056150659862, 0.1251739360781753, 0.1205935002208171, 0.11732135703557699, 0.11582244877598355, 0.11581663882050063, 0.1138721644337252, 0.1118373422492666, 0.11080418731200237, 0.11080008135931832, 0.10928981628245682, 0.10779078106338197, 0.1070948161928625, 0.10709200567377528, 0.10601899779440102, 0.1050836669783231, 0.10461326248463333, 0.10461130696493982, 0.1038935706171646, 0.10327319135940151, 0.10295229656605012, 0.10295084466592032, 0.10243981196064986, 0.10195020541086809, 0.1017072444055902, 0.10170604333036531, 0.10129943541356855, 0.10090104741132185, 0.10071235096836897, 0.10071129482087443]
step_times_seconds [0.5298612117767334, 2.179788112640381, 4.504950761795044, 5.707241058349609, 6.041421890258789, 7.3759119510650635, 5.566526889801025, 5.849107027053833, 4.964720964431763, 4.912427186965942, 5.565181016921997, 4.997086048126221, 5.096138954162598, 4.961697101593018, 4.200123071670532, 4.28397011756897, 1.3422818183898926, 4.0759429931640625, 4.151646852493286, 4.5110697746276855, 1.5274379253387451, 4.042716026306152, 5.1920249462127686, 4.1384971141815186, 1.404937982559204, 4.084775924682617, 4.196372985839844, 3.754595994949341, 1.3700659275054932, 3.3459389209747314, 4.198127031326294, 4.327763795852661, 1.649317741394043, 3.2922871112823486, 3.4566869735717773, 3.586503744125366, 1.351318120956421, 3.400908946990967, 3.5106070041656494, 2.8974990844726562, 1.4489846229553223]
