date 2025-01-26T23:42:30.059438
sample_ratio 0.7
rank 16
seed 0
l2_regularization_strength 0
input_shape (256, 256, 14, 20)
input_size 18350080
num_train_samples 12845056
num_test_samples 18350080
num_iterations 10
max_num_richardson_iterations 1024
num_richardson_iterations [2, 4, 4, 5, 5, 5, 5, 3, 5, 4, 4, 2, 4, 4, 4, 2, 4, 4, 3, 2, 3, 3, 3, 2, 3, 3, 3, 2, 3, 3, 3, 2, 3, 3, 3, 2, 3, 3, 3, 2]
train_mses [22612.898303582333, 22608.45906282035, 22310.547561427047, 20548.628990910445, 11662.739089204044, 6212.683392087992, 4172.8585207719525, 3668.863331140876, 3644.484594535412, 3178.599448747608, 2877.6439427621754, 2784.966286848517, 2784.256888243447, 2675.0330112361326, 2571.8266686575134, 2537.673923271915, 2537.5173395282845, 2495.672907685034, 2456.400020630299, 2439.972172601926, 2439.935302714866, 2419.0409970582396, 2399.0426228842452, 2388.7478268481677, 2388.732640035914, 2375.2607831543446, 2360.7229436535386, 2353.041329878559, 2353.0296726317906, 2342.7040872373564, 2331.8076633736828, 2325.879115248016, 2325.868953937994, 2317.8339991801645, 2309.389820876286, 2304.677601616571, 2304.669023868194, 2298.37188991814, 2291.5696243738685, 2287.6875934240056, 2287.680584206683]
train_rres [0.9999999993521401, 0.9998036848107883, 0.9866292788942718, 0.9087127488802486, 0.5157560488299111, 0.27474069465384854, 0.18453443968336694, 0.1622464878012893, 0.16116839793141144, 0.1405657693239954, 0.12725674976577367, 0.1231583076019519, 0.12312693618750131, 0.11829677795346152, 0.1137327304295134, 0.11222240897911967, 0.11221548444687143, 0.11036501701654154, 0.10862826985118283, 0.10790178853962412, 0.10790015805924336, 0.10697615860713511, 0.10609177952876328, 0.10563651740839293, 0.10563584580884651, 0.10504008596010976, 0.104397185642945, 0.10405748510271012, 0.10405696958954574, 0.1036003458852721, 0.10311847824892015, 0.10285630273995912, 0.1028558533809305, 0.10250052720182895, 0.10212710411448107, 0.10191871776818436, 0.10191833843828794, 0.10163986312471097, 0.10133904960454461, 0.10116737630131603, 0.10116706633586073]
test_mses [22614.471529869315, 22612.85367861111, 22328.558443257418, 20563.66329492216, 11668.142388389417, 6218.473154275952, 4177.382794887493, 3671.6848454683072, 3647.3335964592166, 3180.6453929110844, 2880.249156144092, 2787.889100925253, 2787.1803339194644, 2677.235370641828, 2573.9123602111704, 2539.82375753766, 2539.662860047078, 2497.5597194794864, 2458.1895346774777, 2441.7517945043755, 2441.713833481265, 2420.769838596928, 2400.640830424773, 2390.3205195190085, 2390.3055025482745, 2376.8404004435306, 2362.1617932431664, 2354.454272835711, 2354.4434263974345, 2344.1562234151897, 2333.1288399450177, 2327.1779442736884, 2327.1689964811935, 2319.1929882981094, 2310.6344943665677, 2305.904035450126, 2305.8968323173794, 2299.6708512282125, 2292.7701992684647, 2288.872989367018, 2288.867296614864]
test_rres [0.9999999994115928, 0.9999284588825508, 0.9873570735724447, 0.9093143412907861, 0.5159591001767365, 0.2749776019485383, 0.1847216631576812, 0.16235996664606026, 0.16128316726286004, 0.14064646113169418, 0.1273630980341541, 0.1232789851225389, 0.12324764381949606, 0.11838593555150809, 0.11381704654459975, 0.11230966651989177, 0.11230255171774949, 0.11044077305592191, 0.10869984425611147, 0.10797297605838599, 0.10797129744197267, 0.10704516503846502, 0.10615507091737428, 0.10569871221422877, 0.10569804817170604, 0.10510262846096743, 0.1044535481951589, 0.10411272570931215, 0.10411224608553428, 0.10365735139729872, 0.10316972631841424, 0.10290658085158483, 0.10290618518492167, 0.10255349031129368, 0.10217503822519465, 0.10196585982775076, 0.10196554130902119, 0.10169023171015303, 0.10138508852135143, 0.10121275595571946, 0.10121250422522275]
step_times_seconds [0.5394041538238525, 1.4853250980377197, 3.2997210025787354, 3.2890021800994873, 4.972487926483154, 4.040558099746704, 3.808372974395752, 3.783613920211792, 2.162540912628174, 3.544571876525879, 2.8552842140197754, 3.137989044189453, 1.678647756576538, 2.7656328678131104, 2.847362756729126, 3.5552942752838135, 2.014841079711914, 2.8913731575012207, 2.940430164337158, 2.229278087615967, 1.3944282531738281, 2.063886880874634, 2.1390860080718994, 2.213381767272949, 1.404883861541748, 2.188865900039673, 2.1033899784088135, 2.214164972305298, 1.3987131118774414, 2.3233730792999268, 2.2253341674804688, 2.770599842071533, 1.5493309497833252, 2.128283739089966, 2.056821823120117, 2.3084421157836914, 1.4521911144256592, 2.0313661098480225, 2.0627546310424805, 2.2045938968658447, 1.6917989253997803]
