date 2025-01-27T09:10:31.779173
sample_ratio 0.7
rank 16
seed 0
l2_regularization_strength 0
input_shape (256, 256, 14, 20)
input_size 18350080
num_train_samples 12845056
num_test_samples 18350080
num_iterations 10
max_num_richardson_iterations 1024
num_richardson_iterations [3, 4, 4, 4, 4, 4, 4, 4, 4, 4, 4, 2, 4, 4, 4, 2, 4, 4, 4, 2, 4, 4, 4, 2, 4, 4, 4, 2, 4, 4, 4, 2, 4, 4, 4, 2, 4, 4, 4, 2]
train_mses [22612.898303582333, 22608.019976182874, 22310.340972593334, 20547.39979566264, 11655.72938621679, 6203.674953980394, 4157.48954369363, 3671.9801642089715, 3648.6056111637313, 3183.6027696480105, 2874.064487744077, 2778.73536337297, 2778.5050265068076, 2664.1747475542834, 2564.74064175856, 2533.2515866727385, 2533.1467370705986, 2492.453293557426, 2453.8102343294368, 2436.981173653854, 2436.947041068808, 2415.186726567763, 2392.030476904272, 2380.711409159011, 2380.692692007465, 2365.9208781075395, 2350.180218958887, 2342.244400344774, 2342.22886035164, 2331.492544377389, 2320.229192302155, 2314.4287740382833, 2314.415416627965, 2306.4285982740776, 2297.880577249616, 2293.353611365104, 2293.342650821371, 2287.1643777073064, 2280.2288380112077, 2276.4499942356647, 2276.441168639564]
train_rres [0.9999999993521401, 0.999784267280523, 0.9866201430094858, 0.9086583907333847, 0.5154460618972938, 0.27434231855977953, 0.18385478434409847, 0.16238432210382905, 0.16135063979047456, 0.14078702892681103, 0.12709845714146148, 0.12288276028431666, 0.12287257420100613, 0.11781659785761356, 0.11341936825898435, 0.11202684198293276, 0.11202220526628265, 0.11022263747357902, 0.10851374290004123, 0.10776951894260124, 0.10776800951269246, 0.1068057129421772, 0.10578168456078121, 0.10528112653473931, 0.10528029881459117, 0.10462705155313705, 0.10393095948536524, 0.1035800173592197, 0.10357933014111456, 0.1031045428837202, 0.10260644874661648, 0.1023499394667249, 0.10234934876799488, 0.10199615130336702, 0.10161813602623782, 0.1014179420563714, 0.101417457353191, 0.10114423836873719, 0.10083753112588427, 0.10067042102251038, 0.10067003073215587]
test_mses [22614.471529869315, 22613.622819667948, 22328.724867050005, 20562.278147751887, 11661.031890242168, 6209.433260857663, 4161.827262145754, 3674.7017353747315, 3651.3782287011477, 3185.566523747518, 2876.658508634857, 2781.6502846990998, 2781.40023615387, 2666.266148823556, 2566.682413247583, 2535.2622157623287, 2535.151743664702, 2494.2592163939753, 2455.4767899887115, 2438.6640964946787, 2438.6297914827687, 2416.849869393644, 2393.4991012183145, 2382.178509706813, 2382.1606155168092, 2367.426008734468, 2351.49373682129, 2343.553788180095, 2343.5396361092558, 2332.8763088947153, 2321.447992013461, 2315.6443177696488, 2315.6327828890844, 2307.7408768163664, 2299.054753355524, 2294.5253409354787, 2294.516302719447, 2288.4428470950756, 2281.388902971565, 2277.607362711615, 2277.600253033184]
test_rres [0.9999999994115928, 0.999962469894277, 0.9873644327447458, 0.9092530908137353, 0.5156446777002407, 0.27457786263112693, 0.1840338057071084, 0.16249337192597868, 0.16146201876660662, 0.14086407094083955, 0.1272043214957601, 0.12300310796068518, 0.12299205094594343, 0.11790088235018391, 0.11349734210446796, 0.11210795754930528, 0.11210307253143449, 0.11029482655086166, 0.1085798881172476, 0.10783643968149999, 0.10783492273197302, 0.10687182606851388, 0.10583926741991809, 0.10533867683614573, 0.10533788556450492, 0.10468632902672735, 0.10398181236876522, 0.10363071202905418, 0.10363008623194844, 0.10315855952860797, 0.10265320538582223, 0.10239656997284202, 0.10239605990650938, 0.10204708398382861, 0.10166298818728264, 0.10146269995983509, 0.10146230029469085, 0.10119373529140187, 0.10088181360399728, 0.10071459588888375, 0.10071428150265466]
step_times_seconds [0.5670111179351807, 2.3932721614837646, 3.0653278827667236, 3.4022109508514404, 5.459768056869507, 3.0547640323638916, 2.986260175704956, 3.1275389194488525, 3.0275380611419678, 2.8031418323516846, 2.8639941215515137, 3.2174670696258545, 1.4184088706970215, 2.8002402782440186, 2.9661879539489746, 3.884326934814453, 2.0771541595458984, 2.8685009479522705, 2.895319938659668, 3.04586124420166, 1.4161179065704346, 2.788864850997925, 2.9512948989868164, 3.0286149978637695, 1.4016997814178467, 2.863834857940674, 2.8838729858398438, 2.9889698028564453, 1.4027070999145508, 2.792219877243042, 2.86704683303833, 3.040576934814453, 1.4028089046478271, 2.7932190895080566, 2.851686716079712, 3.02789306640625, 1.3945348262786865, 2.795165777206421, 2.876894950866699, 3.0209200382232666, 1.4040038585662842]
