date 2025-01-27T09:10:31.779173
sample_ratio 0.3
rank 16
seed 0
l2_regularization_strength 0
input_shape (256, 256, 14, 20)
input_size 18350080
num_train_samples 5505024
num_test_samples 18350080
num_iterations 10
max_num_richardson_iterations 1024
num_richardson_iterations [4, 4, 4, 4, 6, 6, 4, 4, 4, 4, 4, 4, 4, 4, 4, 4, 4, 4, 4, 2, 4, 4, 4, 2, 4, 4, 4, 2, 4, 4, 4, 2, 4, 4, 4, 2, 4, 4, 4, 2]
train_mses [22613.98400534867, 22599.379467646624, 22441.10119194237, 21863.30832245911, 17630.543502539113, 8831.285220802272, 5799.580427331975, 5005.196586364078, 4735.354564714191, 4049.152115505865, 3532.4499144712777, 3317.700952578009, 3182.825610719302, 2906.0154619055807, 2722.0897348874923, 2661.621400145799, 2654.5916580655808, 2553.5254392347347, 2476.6488172333025, 2448.436146312183, 2448.3845965608525, 2407.6761635548005, 2376.031587051157, 2364.9159613319025, 2364.839944904499, 2345.7535061864396, 2328.2304788907086, 2320.860942062132, 2320.7914311727973, 2308.2310891353372, 2295.940403888289, 2290.195354373473, 2290.1397744765804, 2280.857676038483, 2271.811268331205, 2267.142927168763, 2267.0998400723834, 2259.9476433370887, 2252.948829768831, 2248.9100107939908, 2248.8764056587015]
train_rres [0.9999999976629591, 0.9993541787898026, 0.9923550460718827, 0.9668047994635773, 0.779630137580615, 0.3905231912286848, 0.256459914909571, 0.22133192335693253, 0.20939939430962123, 0.17905522994467157, 0.1562064386965296, 0.14671014820032163, 0.14074590317779057, 0.12850524058152563, 0.12037196665045961, 0.11769803115169591, 0.11738717296491527, 0.11291798175248909, 0.10951846480741716, 0.10827088849143, 0.1082686089394856, 0.10646846470566611, 0.10506912806413474, 0.10457759036380526, 0.10457422888503143, 0.1037302184413635, 0.1029553427162089, 0.10262945866103265, 0.10262638485992111, 0.10207096118910153, 0.10152746185632508, 0.10127341332157636, 0.10127095555487992, 0.10086049721130765, 0.10046046121216676, 0.10025402517902779, 0.1002521198492872, 0.09993584666553999, 0.099626356150722, 0.09944775785665556, 0.09944627182327008]
test_mses [22614.471529869315, 22623.60736505341, 22530.39577723993, 21960.05107525772, 17704.919524869474, 8864.076320391438, 5828.4394134271315, 5028.377289759028, 4756.918522312224, 4066.704198332682, 3549.9728957591847, 3334.018110701099, 3197.907714430512, 2919.742041727625, 2736.3170897959753, 2675.148637471012, 2667.7560556490835, 2566.0234501571144, 2489.115013742728, 2460.902241777559, 2460.8356798727746, 2419.91183629335, 2388.153094093201, 2377.133992502496, 2377.0467259529264, 2357.9623466643366, 2340.3474447936946, 2332.976644266705, 2332.899024478317, 2320.3629450149433, 2308.017617662671, 2302.219735701723, 2302.157680406641, 2292.8454509425574, 2283.784339403392, 2279.0522920410235, 2279.003090905283, 2271.769533477289, 2264.786163355589, 2260.680327336544, 2260.640255353708]
test_rres [0.9999999994115928, 1.0004039812232681, 0.9962822139895958, 0.9710618721879622, 0.7829022000831203, 0.39196477810538405, 0.2577305157142143, 0.22235219072702125, 0.21034842725509884, 0.17982751401324942, 0.156977928446461, 0.14742852179126759, 0.14140979188149616, 0.1291094525977853, 0.12099849800035187, 0.11829366131167755, 0.11796676524391782, 0.11346820310428347, 0.11006735262376033, 0.10881979873282352, 0.10881685540051274, 0.10700722462929209, 0.10560286980545663, 0.10511561094691255, 0.10511175206613335, 0.10426785088311637, 0.10348892921620892, 0.10316299630581935, 0.10315956399972985, 0.10260522518003029, 0.10205932131804074, 0.10180294203675272, 0.10180019798434523, 0.10138841611067621, 0.10098773853915456, 0.10077848990146987, 0.10077631425320648, 0.10045645016024353, 0.1001476492179634, 0.09996609131548462, 0.09996431935354605]
step_times_seconds [0.5011687278747559, 2.849663019180298, 2.8363311290740967, 3.1272358894348145, 2.7850823402404785, 3.9042587280273438, 4.0491766929626465, 2.787008047103882, 2.745863914489746, 2.6040568351745605, 2.6570210456848145, 2.7745730876922607, 2.765427827835083, 2.5569987297058105, 2.664885997772217, 2.764587163925171, 2.7557458877563477, 2.5790750980377197, 2.6522598266601562, 2.786078929901123, 1.309154987335205, 2.534595251083374, 2.657510995864868, 2.772888660430908, 1.3348159790039062, 2.5089468955993652, 2.6868278980255127, 2.765415906906128, 1.3242578506469727, 2.5240349769592285, 2.6621181964874268, 2.800471067428589, 1.3310859203338623, 2.4977941513061523, 2.639108657836914, 2.785149097442627, 1.3186850547790527, 2.5104949474334717, 2.6428890228271484, 2.8019449710845947, 1.3329260349273682]
