date 2025-01-26T23:42:30.059438
sample_ratio 0.4
rank 16
seed 0
l2_regularization_strength 0
input_shape (256, 256, 14, 20)
input_size 18350080
num_train_samples 7340032
num_test_samples 18350080
num_iterations 10
max_num_richardson_iterations 1024
num_richardson_iterations [4, 6, 8, 10, 11, 10, 9, 9, 9, 9, 8, 7, 8, 8, 7, 2, 7, 7, 6, 2, 7, 7, 6, 2, 6, 6, 5, 2, 6, 6, 5, 2, 6, 6, 5, 2, 6, 6, 5, 2]
train_mses [22604.506769680684, 22594.690569230916, 22411.428774236912, 21556.568392643956, 16102.717623507826, 7631.527612469833, 5098.456700139573, 4261.22992719142, 3903.3984991747384, 3389.0708626180704, 3015.8880595003693, 2909.8538236109957, 2860.5327352869185, 2709.312620874, 2609.1402008846494, 2572.4952857518956, 2572.2595956343516, 2518.9883539034736, 2476.4735550859723, 2458.020440288234, 2457.873914412463, 2430.1159020535083, 2404.7187439166323, 2393.7477421511976, 2393.6614557043686, 2375.9800219595754, 2360.3195890117086, 2353.954407043577, 2353.9018363008704, 2341.5678309616997, 2330.0332291066766, 2325.18744018361, 2325.1512998322987, 2314.847943689997, 2305.0965291199223, 2301.151869303601, 2301.1226160035717, 2291.919896802643, 2283.1590714852523, 2279.7326180216955, 2279.7061587356225]
train_rres [0.9999999985876914, 0.9995657400331508, 0.9914584277788976, 0.9536402887194667, 0.7123675718668773, 0.3376108879282379, 0.22555045084095857, 0.18851240438870426, 0.17268231213509797, 0.14992898948706107, 0.13341976827763394, 0.12872892335807817, 0.12654700942573904, 0.11985718797817797, 0.11542566373088774, 0.11380453058897148, 0.1137941039019567, 0.11143743926872987, 0.10955662854409676, 0.10874028183236811, 0.10873379967918259, 0.10750581392383829, 0.10638226991733633, 0.1058969241470559, 0.1058931069238983, 0.105110898583766, 0.10441809722847366, 0.10413650816201017, 0.10413418248672923, 0.10358853884816531, 0.10307825999287952, 0.10286388730315012, 0.10286228849138976, 0.1024064786728995, 0.10197508617866545, 0.10180057850853833, 0.10179928437280307, 0.10139216559415867, 0.1010045957438504, 0.10085301298676438, 0.1008518424553166]
test_mses [22614.471529869315, 22616.495252519035, 22471.974714534597, 21621.828804878503, 16145.45660803634, 7657.27238034589, 5118.864770878987, 4276.496430075014, 3916.5972913797655, 3400.1172175502966, 3027.098970595704, 2920.5098954331565, 2870.7156927966835, 2718.035766666763, 2618.1263050836606, 2581.3287103498537, 2581.071225320166, 2527.420828239729, 2485.5522564927974, 2467.229705031195, 2467.0681580946743, 2439.2230002995625, 2414.2936517519292, 2403.4369251543, 2403.339856536949, 2385.6264818738855, 2370.2247955034904, 2363.9036186259295, 2363.8420946477, 2351.452939262905, 2340.0808768111056, 2335.243931953075, 2335.1994156525448, 2324.820990170233, 2315.1763637506233, 2311.2193106181658, 2311.1819322855254, 2301.8980298464344, 2293.2041858881903, 2289.752871624566, 2289.7185548649895]
test_rres [0.9999999994115928, 1.0000894873594255, 0.9936988654203491, 0.9561058618415131, 0.7139435726902232, 0.3386005445993522, 0.2263534993999743, 0.18910441581224988, 0.17318986578581544, 0.150351389421537, 0.1338567193496575, 0.129143406683516, 0.12694153331488983, 0.12019010753700146, 0.11577216385910681, 0.11414499363478596, 0.11413360778262506, 0.11176121553025661, 0.10990980937791757, 0.1090995958194614, 0.10909245229916237, 0.10786115411286827, 0.10675879147308526, 0.1062787127510642, 0.10627442042801938, 0.10549114434618635, 0.10481008990098342, 0.10453057079457881, 0.10452785023672222, 0.10398000832225868, 0.10347714172066297, 0.10326325457106517, 0.103261286083743, 0.10280235758468445, 0.1023758772930183, 0.10220089849128496, 0.10219924564113682, 0.10178871637356733, 0.10140427918069966, 0.10125166388491286, 0.10125014641591028]
step_times_seconds [0.49790000915527344, 2.8350651264190674, 4.645489931106567, 6.200127840042114, 7.519556045532227, 9.208985090255737, 6.968113899230957, 6.677694797515869, 6.3956990242004395, 6.35725998878479, 6.387058973312378, 5.903702020645142, 7.565425872802734, 5.407372236251831, 5.552687168121338, 5.038611888885498, 1.3135762214660645, 4.933201789855957, 4.900702238082886, 5.204009056091309, 1.962165117263794, 4.729640007019043, 4.832622051239014, 4.623960256576538, 1.330787181854248, 3.9918811321258545, 4.771042823791504, 4.361926794052124, 1.552450180053711, 3.949193000793457, 4.1683361530303955, 3.5110580921173096, 1.3375999927520752, 4.143218994140625, 4.087660074234009, 3.6274211406707764, 1.3886761665344238, 3.942173957824707, 5.091003894805908, 4.106141090393066, 1.357992172241211]
