date 2025-01-27T09:10:31.779173
sample_ratio 0.7
rank 16
seed 0
l2_regularization_strength 0
input_shape (256, 256, 14, 20)
input_size 18350080
num_train_samples 12845056
num_test_samples 18350080
num_iterations 10
max_num_richardson_iterations 1024
num_richardson_iterations [2, 4, 4, 4, 4, 4, 4, 3, 4, 4, 4, 2, 4, 4, 4, 2, 4, 4, 3, 2, 3, 3, 3, 2, 3, 3, 3, 2, 3, 3, 3, 2, 3, 3, 3, 2, 3, 3, 3, 2]
train_mses [22612.898303582333, 22608.45906282035, 22310.32669197138, 20546.54893852825, 11659.598466960202, 6205.526338068292, 4156.629571933763, 3670.5711231123933, 3646.87756352596, 3181.053276928035, 2875.188281565155, 2781.046580811273, 2780.817458311011, 2666.3500346604606, 2564.4505242441614, 2532.224527591169, 2532.119058605936, 2490.813306686764, 2452.1563701289283, 2435.617862010379, 2435.5833871849895, 2413.974453324318, 2391.143375416942, 2379.9502887083454, 2379.9318278063292, 2365.263194105075, 2349.7146223328086, 2341.7289906378132, 2341.7139377586695, 2331.0069707531625, 2319.8000874707245, 2313.8721946613714, 2313.8593726532363, 2305.894140791871, 2297.3453667847775, 2292.6832615365415, 2292.6728087800852, 2286.5468347466904, 2279.60351003676, 2275.7060122173098, 2275.697652734056]
train_rres [0.9999999993521401, 0.9998036848107883, 0.9866195114839841, 0.908620763662214, 0.5156171625093854, 0.2744241914830043, 0.1838167542009578, 0.16232201071513624, 0.16127422111943768, 0.1406742838605176, 0.1271481541685857, 0.12298496821033203, 0.12297483582937681, 0.1179127945978794, 0.11340653852303828, 0.11198142281254976, 0.11197675870520056, 0.1101501130741154, 0.10844060480968087, 0.10770922982688114, 0.10770770526223204, 0.1067521031294772, 0.10574245467194321, 0.10524746784844645, 0.10524665146030567, 0.10459796709022529, 0.10391036961583475, 0.10355722462828768, 0.10355655895160476, 0.10308306958041372, 0.10258747263725661, 0.10232532610805327, 0.10232475908617245, 0.10197251623126415, 0.1015944676553237, 0.10138829747834656, 0.10138783523081381, 0.10111692904500852, 0.1008098775290013, 0.10063752024137719, 0.10063715056372084]
test_mses [22614.471529869315, 22612.85367861111, 22328.70054772897, 20561.402854791966, 11664.83075925315, 6211.2843299687975, 4160.942727748872, 3673.2994582372253, 3649.65550349236, 3183.0303237221087, 2877.80175908047, 2783.983355307826, 2783.7345218063633, 2668.4817549109493, 2566.438837041096, 2534.2737479038333, 2534.16255712976, 2492.6445361992014, 2453.8570094737042, 2437.3210802854023, 2437.2863861061282, 2415.6559361589498, 2392.6349493925736, 2381.4285437127037, 2381.4110079590305, 2366.7790128536917, 2351.039367972172, 2343.0385557121813, 2343.0250218171877, 2332.3921267544306, 2321.0192912786288, 2315.0775391372476, 2315.066646557232, 2307.1985866882883, 2298.510752461411, 2293.8354339253933, 2293.826994390548, 2287.8089284372854, 2280.747117311172, 2276.8354317710805, 2276.828888488378]
test_rres [0.9999999994115928, 0.9999284588825508, 0.9873633573572008, 0.9092143858208614, 0.5158126616835821, 0.27465971593057725, 0.1839946920627682, 0.1624313639708147, 0.16138584076680243, 0.14075192151384247, 0.12725487542727387, 0.12310627511204981, 0.12309527182590237, 0.11799885528239076, 0.11348657129313053, 0.11206424802212893, 0.11205933122476484, 0.11022342624457146, 0.10850826227748765, 0.10777705221331563, 0.10777551805501316, 0.10681903097080775, 0.10580105508211965, 0.10530551373557637, 0.105304738313801, 0.10465771921024143, 0.10396172041798712, 0.10360792872116524, 0.10360733025946924, 0.10313714924982431, 0.10263424846551508, 0.10237150732075577, 0.10237102565661452, 0.10202310420048312, 0.10163893275476568, 0.10143219263585151, 0.10143181944407344, 0.1011657037428167, 0.10085343418070773, 0.1006804615099724, 0.10068017216946361]
step_times_seconds [0.5361001491546631, 1.4284999370574951, 3.065937042236328, 3.268584966659546, 2.997404098510742, 2.785581111907959, 2.8835320472717285, 3.0879440307617188, 2.1752572059631348, 2.7742207050323486, 2.8486340045928955, 3.0019419193267822, 1.389650821685791, 2.7706360816955566, 2.8645899295806885, 3.00517201423645, 1.3960399627685547, 2.7870841026306152, 2.8513050079345703, 2.214632034301758, 1.3827247619628906, 2.03371000289917, 2.0835518836975098, 2.2934882640838623, 1.3983018398284912, 2.0403831005096436, 2.121809959411621, 2.2203919887542725, 1.3880541324615479, 2.041198253631592, 2.0767009258270264, 2.214031934738159, 1.3892979621887207, 2.0378832817077637, 2.081629991531372, 2.222581148147583, 1.4051918983459473, 2.0296971797943115, 2.1091220378875732, 2.2110793590545654, 1.3893749713897705]
