date 2025-01-27T09:10:31.779173
sample_ratio 0.4
rank 16
seed 0
l2_regularization_strength 0
input_shape (256, 256, 14, 20)
input_size 18350080
num_train_samples 7340032
num_test_samples 18350080
num_iterations 10
max_num_richardson_iterations 1024
num_richardson_iterations [4, 4, 4, 4, 6, 4, 4, 4, 4, 4, 4, 4, 4, 4, 4, 2, 4, 4, 4, 2, 4, 4, 4, 2, 4, 4, 4, 2, 4, 4, 4, 2, 4, 4, 4, 2, 4, 4, 4, 2]
train_mses [22604.506769680684, 22594.209171485614, 22410.18317968913, 21552.230892092455, 16083.65831245587, 7598.970502440083, 5088.841270427404, 4279.6152027972, 3904.271251343521, 3390.5550941194874, 3004.788559680987, 2895.773073550907, 2856.428143464135, 2715.4617865706864, 2617.4533406403707, 2581.8107754730545, 2581.7299249087673, 2525.8810766017436, 2479.4522327971504, 2461.012109572563, 2460.928313422058, 2433.5706841949323, 2406.94610592764, 2397.3910478774073, 2397.3259575994593, 2380.6890161349465, 2364.0809832624436, 2358.698776408241, 2358.65105956197, 2346.530712551524, 2334.4857656418867, 2330.7639216892494, 2330.7285520185, 2320.6120454438305, 2310.6846573912735, 2307.59711491339, 2307.5686567814328, 2298.4073910903394, 2289.478678746655, 2286.611445434915, 2286.585756773251]
train_rres [0.9999999985876914, 0.9995444434948308, 0.9914033239644806, 0.9534484021815489, 0.7115244076598792, 0.3361705950558697, 0.2251250741761828, 0.18932574996474996, 0.17272092178831633, 0.14999465035347342, 0.13292873788635842, 0.12810600553980095, 0.12636542652907118, 0.12012922070822851, 0.11579342843500996, 0.11421663821878701, 0.1142130614734505, 0.11174236619143453, 0.10968840216505303, 0.10887263018708279, 0.10886892313205875, 0.10765864991233146, 0.10648080610883819, 0.10605810022394119, 0.10605522069737071, 0.10531921961535057, 0.10458449741953946, 0.10434639415537886, 0.10434428321145561, 0.10380809159635762, 0.10327523560372956, 0.10311058507694287, 0.10310902035929342, 0.10266147657240793, 0.10222229919332651, 0.10208570950769515, 0.10208445054937294, 0.10167916563112632, 0.10128416863242824, 0.10115732519643095, 0.10115618875660992]
test_mses [22614.471529869315, 22619.269809207515, 22473.93518089439, 21617.57640957175, 16127.279612828086, 7624.766999356881, 5109.359295667667, 4294.904917014873, 3917.4186418790828, 3401.5340056933524, 3015.695270878838, 2905.9430791848886, 2866.1759304192033, 2723.978966877817, 2626.4636078638528, 2590.5991545908123, 2590.501016614958, 2534.413688332128, 2488.7411252698994, 2470.278369254859, 2470.177656091553, 2442.697053902557, 2416.610127414515, 2407.0266855368964, 2406.9491957512996, 2390.250624281341, 2373.9361312628484, 2368.5056251542865, 2368.448115205253, 2356.235125212563, 2344.331224020173, 2340.5729093193277, 2340.5282318330324, 2330.2847664909937, 2320.399784947283, 2317.298656451512, 2317.2603992199006, 2307.9609374340453, 2299.0025733249663, 2296.146183951239, 2296.110101743281]
test_rres [0.9999999994115928, 1.000212176792304, 0.9937855562084159, 0.9559178231646581, 0.7131397955524931, 0.337163173802208, 0.225933172301321, 0.189918429392214, 0.17322618547154187, 0.1504140390457102, 0.13335245376489274, 0.12849926975462705, 0.1267407874177853, 0.1204529127146377, 0.11614083498919599, 0.11455492778793473, 0.1145505881784211, 0.11207043611403404, 0.11005081947275945, 0.10923440614292369, 0.10922995265997966, 0.10801477493024451, 0.10686122480468722, 0.1064374500611863, 0.10643402350375165, 0.1056956214836966, 0.10497420321012142, 0.10473406909519445, 0.10473152603559106, 0.10419147406181963, 0.10366508983171888, 0.10349889913857489, 0.10349692352370324, 0.10304396289084114, 0.1026068542224012, 0.10246972395650707, 0.10246803224191013, 0.10205681494823601, 0.10166068081386213, 0.10153437278281775, 0.10153277724661922]
step_times_seconds [0.5074748992919922, 2.874166965484619, 3.015125036239624, 3.099142074584961, 2.9307079315185547, 4.113898038864136, 2.7275991439819336, 3.158640146255493, 4.885922908782959, 2.9308221340179443, 2.7390339374542236, 2.8571720123291016, 3.203495979309082, 2.6483960151672363, 2.7040183544158936, 3.0595669746398926, 1.4337871074676514, 2.6046557426452637, 2.752164125442505, 2.846240997314453, 1.3396601676940918, 2.612200975418091, 3.4494569301605225, 3.360240936279297, 1.4011249542236328, 2.6551101207733154, 2.692441940307617, 2.802155017852783, 1.4536397457122803, 2.6357576847076416, 2.7003867626190186, 2.8622608184814453, 1.4477040767669678, 2.6110892295837402, 2.935023784637451, 3.4982762336730957, 1.908803939819336, 2.5658700466156006, 2.7914037704467773, 2.8563129901885986, 1.3187119960784912]
