date 2025-01-26T23:42:30.059438
sample_ratio 0.8
rank 16
seed 0
l2_regularization_strength 0
input_shape (256, 256, 14, 20)
input_size 18350080
num_train_samples 14680064
num_test_samples 18350080
num_iterations 10
max_num_richardson_iterations 1024
num_richardson_iterations [2, 3, 4, 5, 5, 4, 4, 3, 4, 4, 3, 2, 4, 3, 3, 2, 3, 3, 3, 2, 3, 3, 3, 2, 3, 3, 3, 2, 3, 3, 3, 2, 3, 3, 3, 2, 3, 3, 3, 2]
train_mses [22608.855517371467, 22604.927891127376, 22274.297238976986, 20158.538754571866, 10717.752162323997, 5832.985554884421, 3912.194713540543, 3464.3135756570796, 3431.1258334430995, 2963.8459948386417, 2669.224561613312, 2610.5828655638193, 2610.0772959710625, 2533.2632656064357, 2477.81216760714, 2454.10287750992, 2454.0360107857364, 2430.851072067508, 2401.8429678970683, 2389.84974386486, 2389.828273524821, 2374.4457569055535, 2354.1371016892945, 2345.578405974735, 2345.564523754124, 2333.2827342200353, 2317.2021119955057, 2309.8944694369416, 2309.8838080272635, 2299.679772933075, 2286.5378921826573, 2280.2274067455314, 2280.2188235447143, 2271.8458755352303, 2261.2886238567203, 2256.1240185622346, 2256.116867679406, 2249.4882285653885, 2241.1740311796025, 2237.064931348898, 2237.0589413017906]
train_rres [0.9999999991918223, 0.9998262784903077, 0.9852023338315814, 0.8916213703427585, 0.4740510701847418, 0.2579956135191615, 0.17303815787459334, 0.15322817071370554, 0.15176026172726176, 0.13109226117907927, 0.11806102070957156, 0.1154672717266988, 0.11544491015284734, 0.11204739052857768, 0.10959476315379192, 0.1085460904308475, 0.10854313288511598, 0.10751765246300102, 0.10623461077499041, 0.10570414500182022, 0.10570319535888029, 0.10502281962756492, 0.10412455853760208, 0.10374600351958861, 0.10374538950263454, 0.10320216034560241, 0.10249090708472072, 0.10216768671883164, 0.10216721515981525, 0.10171588603003683, 0.10113461464592365, 0.10085549899466137, 0.10085511935577149, 0.10048478004353678, 0.1000178279830105, 0.0997893951334864, 0.09978907884667491, 0.09949589111306464, 0.09912815036773241, 0.09894640300664966, 0.098946138064132]
test_mses [22614.471529869315, 22612.4359608319, 22289.4966739398, 20171.827775028243, 10724.347296805054, 5838.516003595012, 3914.9190296582005, 3465.821905538838, 3432.4908845004757, 2964.7827241116584, 2670.1676189733557, 2611.890123139878, 2611.347239641958, 2534.2937383061267, 2478.92843801044, 2455.3067078167637, 2455.228291383777, 2431.893279028782, 2402.9352621264006, 2390.9363871098362, 2390.912667028471, 2375.4446545380274, 2355.152180438336, 2346.5444983141647, 2346.5310115618013, 2334.2303128814765, 2318.147812892557, 2310.7715545456267, 2310.761597808983, 2300.5820883347487, 2287.428134205404, 2281.0439633977035, 2281.0356118094787, 2272.7056402433404, 2262.1312928360344, 2256.8990077421076, 2256.8914571655273, 2250.303412103829, 2241.9716965796847, 2237.808713891206, 2237.801788325148]
test_rres [0.9999999994115928, 0.9999099876227464, 0.9856297827426306, 0.891987581337726, 0.4742249791833515, 0.2581760972149203, 0.17311565393795683, 0.15325681605788785, 0.15178293589337788, 0.13110112780885716, 0.1180734033017503, 0.11549640318382964, 0.11547239716198279, 0.11206513198717119, 0.10961690761942586, 0.10857236717334125, 0.10856889964004794, 0.1075370377055144, 0.10625652947665333, 0.10572594555415679, 0.10572489666467379, 0.1050409093134367, 0.10414358681527666, 0.10376295965325179, 0.10376236327617804, 0.10321843287051544, 0.10250727320630597, 0.10218109895399821, 0.10218065867235712, 0.10173052613422554, 0.10114886522279405, 0.10086656055803496, 0.10086619125521004, 0.10049784430753832, 0.10003025224432703, 0.09979888335808368, 0.09979854947557107, 0.09950722959886643, 0.09913880553429179, 0.09895472063624186, 0.09895441439136479]
step_times_seconds [0.5747380256652832, 1.7757880687713623, 2.7628390789031982, 3.5780680179595947, 3.8793070316314697, 3.6723592281341553, 2.9910240173339844, 3.0888919830322266, 2.597503900527954, 2.8729052543640137, 2.95251202583313, 2.77514910697937, 1.9386470317840576, 3.044095993041992, 2.2220280170440674, 2.272876024246216, 1.4015817642211914, 2.1243789196014404, 2.1919898986816406, 2.235374689102173, 1.4221739768981934, 2.1649937629699707, 2.210014820098877, 2.3043010234832764, 1.4374821186065674, 2.5426230430603027, 2.80751633644104, 2.587033271789551, 1.4323577880859375, 2.116873025894165, 2.1166329383850098, 2.2432188987731934, 1.5040061473846436, 2.2060070037841797, 2.138794183731079, 2.260709047317505, 1.5230538845062256, 2.2020468711853027, 2.149862051010132, 2.3595457077026367, 2.9151508808135986]
