date 2025-01-26T23:42:30.059438
sample_ratio 0.3
rank 16
seed 0
l2_regularization_strength 0
input_shape (256, 256, 14, 20)
input_size 18350080
num_train_samples 5505024
num_test_samples 18350080
num_iterations 10
max_num_richardson_iterations 1024
num_richardson_iterations [2, 2, 4, 4, 4, 4, 4, 4, 4, 4, 4, 4, 4, 4, 4, 2, 4, 4, 2, 2, 2, 2, 2, 2, 2, 2, 2, 2, 2, 2, 2, 2, 2, 2, 2, 2, 2, 2, 2, 2]
train_mses [22613.98400534867, 22606.528825805246, 22522.113070767948, 21907.382347280476, 17856.03881138929, 9294.744350084717, 5862.890821798083, 5020.499978768256, 4766.5913650809325, 4033.7880492923246, 3523.662114666989, 3318.271440277543, 3159.199786231854, 2885.4309178947524, 2714.0187788388375, 2653.732078306191, 2650.905127338646, 2574.002661484894, 2507.343751992504, 2490.749369795335, 2483.272023773701, 2469.209665089199, 2467.0330655527237, 2456.057297405056, 2451.8348599760366, 2442.230568907909, 2437.830439023693, 2429.953252190222, 2427.683829438308, 2420.1679871343276, 2414.4923476010204, 2408.3629876166697, 2407.130618509737, 2400.673647372393, 2394.3932092736422, 2389.2910320251412, 2388.6100200012725, 2382.754104071446, 2376.26381003971, 2371.803085672011, 2371.4201739208966]
train_rres [0.9999999976629591, 0.9996703264504812, 0.9959374258337633, 0.9687537715999306, 0.7896016361131094, 0.4110175511826718, 0.25925952749898357, 0.22200864588246333, 0.21078069891682144, 0.1783758243974668, 0.15581783844892738, 0.1467353754092056, 0.1397011591633504, 0.12759498328418906, 0.12001506553883401, 0.11734916198210137, 0.11722415300711184, 0.11382349323589068, 0.11087580788682355, 0.11014199724317655, 0.10981134581959766, 0.10918950233335871, 0.10909325217545315, 0.10860789903646531, 0.10842118105620349, 0.10799647521739994, 0.10780189960114003, 0.10745356704668174, 0.10735321220668215, 0.10702085846111313, 0.10676987926528896, 0.1064988363580075, 0.10644434047157893, 0.10615881045967451, 0.10588108681387252, 0.10565546636435907, 0.10562535172281177, 0.10536640062800444, 0.1050793970635271, 0.10488214193341741, 0.10486520941280852]
test_mses [22614.471529869315, 22614.156743299576, 22554.49114460198, 22004.133687815574, 17930.968630997482, 9326.99780146591, 5892.694600644325, 5043.496998742619, 4788.043759316556, 4051.0876100941214, 3541.4741222092384, 3335.9800854239334, 3175.318776842342, 2900.312401085223, 2729.146554909227, 2668.459964860031, 2665.461610497325, 2588.040099793746, 2520.949880923899, 2504.249806078982, 2496.5545787136803, 2482.4728487403286, 2480.2826157326226, 2469.2319242630283, 2464.858102042766, 2455.225163289115, 2450.7993973622915, 2442.8721115226226, 2440.5054399542564, 2432.96706411927, 2427.2637190207383, 2421.106600672707, 2419.813859054385, 2413.342894904305, 2407.034681326252, 2401.921609819968, 2401.2036473404473, 2395.3405946118005, 2388.821968108073, 2384.362410891423, 2383.95713434714]
test_rres [0.9999999994115928, 0.9999860797155636, 0.9973476984213698, 0.9730111820568085, 0.7928979722901528, 0.4124349217561281, 0.2605718461912284, 0.22302077628095407, 0.21172476881341945, 0.17913695672082072, 0.15660211716412703, 0.14751527927835228, 0.14041092097951452, 0.12825028413986636, 0.12068142073091144, 0.11799789173783583, 0.11786530608988109, 0.11444176773499337, 0.11147507365409225, 0.11073660515558972, 0.11039632626158108, 0.10977363959183217, 0.10967678864382199, 0.1091881328975006, 0.1089947247865964, 0.10856876131735238, 0.10837305628315012, 0.10802251588584152, 0.10791786291776984, 0.10758451991567518, 0.10733232100456452, 0.10706005647977666, 0.1070028921274789, 0.10671674950691289, 0.10643780363077295, 0.10621170630647678, 0.10617995838443711, 0.10592069728618624, 0.1056324470614891, 0.10543524779427936, 0.10541732667931943]
step_times_seconds [0.5246140956878662, 1.3671059608459473, 1.3343350887298584, 2.9961819648742676, 3.019512176513672, 2.5025742053985596, 2.5729987621307373, 2.7778539657592773, 2.883166790008545, 2.5076611042022705, 3.24686598777771, 3.2950780391693115, 2.936539888381958, 2.505856990814209, 2.546804904937744, 2.714445114135742, 1.3507261276245117, 2.468878984451294, 2.5873100757598877, 1.3227851390838623, 1.4464218616485596, 1.2806401252746582, 1.1909518241882324, 1.3278539180755615, 1.266474962234497, 1.2701051235198975, 1.2433867454528809, 1.5995571613311768, 1.8025107383728027, 1.405559778213501, 1.267057180404663, 1.4293129444122314, 1.2497739791870117, 1.2228307723999023, 1.1892638206481934, 1.3435609340667725, 1.2932889461517334, 1.266660213470459, 1.2231099605560303, 1.3412220478057861, 1.260887861251831]
