date 2025-01-27T09:10:31.779173
sample_ratio 0.8
rank 16
seed 0
l2_regularization_strength 0
input_shape (256, 256, 14, 20)
input_size 18350080
num_train_samples 14680064
num_test_samples 18350080
num_iterations 10
max_num_richardson_iterations 1024
num_richardson_iterations [2, 3, 3, 4, 4, 4, 3, 2, 3, 3, 3, 2, 3, 3, 2, 2, 2, 2, 2, 2, 2, 2, 2, 2, 2, 2, 2, 2, 2, 2, 2, 2, 2, 2, 2, 2, 2, 2, 2, 2]
train_mses [22608.855517371467, 22604.927891127376, 22273.757608248507, 20156.893788707344, 10715.229108510193, 5824.817194348264, 3908.8770220252054, 3465.5633525839826, 3433.0173177999313, 2963.3590466703513, 2670.087180376294, 2611.783244070545, 2608.421742483003, 2531.55032229155, 2475.1865112275186, 2452.094090066234, 2451.8889264413265, 2429.229502488493, 2409.675991297011, 2399.8476332997416, 2399.8261985779986, 2387.4040691519226, 2371.0291454275603, 2363.944552226095, 2363.935134547116, 2353.857091860274, 2340.274838003981, 2334.264950669959, 2334.2577082030725, 2325.577919882334, 2313.9294252357445, 2308.5290566822327, 2308.522928935151, 2300.9581941899473, 2290.8874206809396, 2286.0477587822193, 2286.0424478389377, 2279.5084402087837, 2270.892799596631, 2266.6715949783784, 2266.666967529191]
train_rres [0.9999999991918223, 0.9998262784903077, 0.9851784657181499, 0.8915486127517371, 0.4739394743629265, 0.2576343232042546, 0.1728914148645322, 0.15328344891763462, 0.15184392294371962, 0.13107072323933158, 0.11809917473119473, 0.11552036501595588, 0.11537168426640435, 0.11197162626389894, 0.10947862917365823, 0.10845724084531588, 0.10844816636454069, 0.10744592970036676, 0.10658106897530017, 0.10614635621499373, 0.10614540814746731, 0.1055959716929554, 0.10487170134240416, 0.10455834655138893, 0.10455793000314906, 0.10411217357505592, 0.10351142428746461, 0.10324560422750856, 0.1032452838898924, 0.10286137289063572, 0.10234615465554084, 0.1021072938894575, 0.10210702285640709, 0.10177243118575495, 0.10132699627671542, 0.10111293582190421, 0.10111270091645873, 0.10082369877657364, 0.1004426250597475, 0.10025591925274203, 0.10025571457855229]
test_mses [22614.471529869315, 22612.4359608319, 22289.27665883465, 20170.132835982397, 10721.806131446687, 5830.340447851559, 3911.546171127767, 3467.0483539731895, 3434.38793573141, 2964.296492091198, 2671.0608503517974, 2613.135226818609, 2609.7054454964637, 2532.5891255160313, 2476.316340241099, 2453.289045397363, 2453.065846250331, 2430.3039232285782, 2410.7862778133713, 2400.9562031111645, 2400.9309627465386, 2388.434773658959, 2372.077018214497, 2364.965170823149, 2364.9552828535725, 2354.841018442116, 2341.2611892812874, 2335.208904219726, 2335.2019305072763, 2326.5176273311586, 2314.8621425886813, 2309.4117350313472, 2309.405857441612, 2301.8583553380026, 2291.774846950172, 2286.883231351001, 2286.8778961154912, 2280.3721977367363, 2271.7408576634875, 2267.4703618335266, 2267.4653680031684]
test_rres [0.9999999994115928, 0.9999099876227464, 0.9856200537907632, 0.8919126320273868, 0.4741126101919508, 0.2578145784534562, 0.17296650791329762, 0.15331104896056744, 0.1518668224979051, 0.1310796268854537, 0.11811290152202647, 0.11555146101157299, 0.11539979789109735, 0.11198975490896526, 0.10950140203423657, 0.10848314720569582, 0.10847327745717635, 0.10746675723059065, 0.10660369724805056, 0.10616901653117247, 0.10616790041556581, 0.10561532552723725, 0.10489199421201144, 0.10457751207265346, 0.10457707483185578, 0.10412982739597625, 0.1035293345153488, 0.10326170566317748, 0.10326139728929236, 0.1028773819847765, 0.1023619825990237, 0.10212096845253223, 0.10212070854861523, 0.10178696198773717, 0.10134107456699515, 0.10112476990606899, 0.10112453398476967, 0.1008368554349378, 0.1004551821308869, 0.10026634305844573, 0.10026612223390208]
step_times_seconds [0.5612919330596924, 1.4726860523223877, 2.3294410705566406, 2.511018991470337, 3.0933759212493896, 2.8599350452423096, 2.9483120441436768, 2.275214910507202, 1.4255380630493164, 2.12141489982605, 2.1665000915527344, 2.2899160385131836, 1.439967155456543, 2.0818209648132324, 2.1782829761505127, 1.4850070476531982, 1.429663896560669, 1.3511123657226562, 1.3643970489501953, 1.4662039279937744, 1.4579219818115234, 1.354335069656372, 1.3779699802398682, 1.4679601192474365, 1.4287018775939941, 1.3617651462554932, 1.3661091327667236, 1.4628949165344238, 1.4281909465789795, 1.3474109172821045, 1.3820879459381104, 1.4593360424041748, 1.4361889362335205, 1.359201192855835, 1.382012128829956, 1.480090856552124, 1.4507431983947754, 1.3372738361358643, 1.3841490745544434, 1.4740710258483887, 1.439612865447998]
