date 2025-01-26T23:42:30.059438
sample_ratio 0.3
rank 16
seed 0
l2_regularization_strength 0
input_shape (256, 256, 14, 20)
input_size 18350080
num_train_samples 5505024
num_test_samples 18350080
num_iterations 10
max_num_richardson_iterations 1024
num_richardson_iterations [2, 2, 3, 6, 8, 7, 6, 4, 5, 5, 4, 4, 5, 4, 3, 2, 3, 3, 2, 2, 2, 2, 2, 2, 2, 2, 2, 2, 2, 2, 2, 2, 2, 2, 2, 2, 2, 2, 2, 2]
train_mses [22613.98400534867, 22606.528825805246, 22522.113070767948, 22054.06407501257, 18046.813781486017, 9552.334048808707, 6319.554403645589, 5284.207690731347, 4989.03582019339, 4342.044915857101, 3902.6600458173143, 3751.552703523564, 3598.53097915709, 3278.2048112163043, 3090.9974267892985, 3025.581425868908, 3012.078992778378, 2953.670638619665, 2906.4243682599226, 2886.07459107104, 2876.557768613882, 2850.3190786984123, 2830.9494662312377, 2812.654569629379, 2803.7710778280557, 2779.083828796901, 2758.0188915205094, 2741.5946557235106, 2735.636512038406, 2713.9487459153884, 2693.921191011833, 2679.863857989674, 2676.3821775386714, 2657.715298547454, 2639.285793356389, 2627.2133860744993, 2625.2396212367935, 2609.1785548520265, 2592.454627352163, 2582.0843236741157, 2580.9755203845043]
train_rres [0.9999999976629591, 0.9996703264504812, 0.9959374258337633, 0.9752401000308077, 0.7980377864882825, 0.42240827729537567, 0.27945338545308196, 0.23366991314454427, 0.2206172873985318, 0.1920070742370111, 0.17257728827320207, 0.1658952572827819, 0.15912857150230802, 0.1449636120189898, 0.13668522180056497, 0.13379249839755739, 0.133195415059399, 0.13061257277878205, 0.12852332259455307, 0.12762344678600418, 0.12720260884640602, 0.12604232281065297, 0.12518579030327498, 0.124376782188881, 0.12398395040044155, 0.12289226974091598, 0.1219607692489116, 0.12123448255149771, 0.12097101090184187, 0.12001196865315174, 0.11912634165120402, 0.11850472040189293, 0.11835075901047942, 0.11752530167650516, 0.11671034111300448, 0.11617649412475063, 0.116089213403555, 0.11537898621212192, 0.11463944702005281, 0.11418086777760891, 0.1141318360242143]
test_mses [22614.471529869315, 22614.156743299576, 22554.49114460198, 22120.324848839606, 18124.96831596148, 9587.757697664878, 6353.812356324123, 5310.44899877247, 5014.427686614222, 4364.352357598742, 3924.907508212678, 3773.1577127897544, 3617.9365666588196, 3295.691130881232, 3108.4056559972178, 3042.451941114335, 3028.6356049069495, 2969.5016607059883, 2922.269975533852, 2901.826029523349, 2892.056041224159, 2865.4655053492506, 2846.104679513623, 2827.7550533925373, 2818.6040337717345, 2793.5872690281217, 2772.466157400238, 2755.928478058344, 2749.746249989667, 2727.8017937927666, 2707.720357223817, 2693.560339093881, 2689.9139666908695, 2671.0546577153636, 2652.596182013921, 2640.4493655790657, 2638.3580483605265, 2622.1483939496043, 2605.418062771927, 2595.00021116646, 2593.807902308933]
test_rres [0.9999999994115928, 0.9999860797155636, 0.9973476984213698, 0.9781490938935805, 0.8014765360029336, 0.4239655867863112, 0.2809622300566849, 0.23482525287551798, 0.22173534663591912, 0.1929893585736136, 0.17355733918960675, 0.1668470433008348, 0.15998324611527664, 0.14573372296536122, 0.1374520580798278, 0.13453561960559846, 0.13392466850815596, 0.13130979669529658, 0.1292212364969315, 0.1283172159907936, 0.1278851922629547, 0.12670937279601993, 0.1258532472925491, 0.12504183650693548, 0.12463718324748027, 0.12353095510963277, 0.12259699069717418, 0.12186570324213372, 0.12159232837874706, 0.12062195610385204, 0.11973396557395573, 0.11910781704322834, 0.11894657637943261, 0.11811262768691068, 0.11729640363028386, 0.116759277816326, 0.11666680087232373, 0.11595001850666135, 0.11521021208908774, 0.11474954018766491, 0.1146968169190601]
step_times_seconds [0.5082306861877441, 1.396770715713501, 1.2989068031311035, 2.2689368724823, 6.691252946853638, 5.24476170539856, 4.689689874649048, 4.32997989654541, 2.7538068294525146, 3.1678779125213623, 3.445712089538574, 2.742077112197876, 2.8044700622558594, 4.303647041320801, 2.743705987930298, 2.2477340698242188, 1.246124029159546, 1.8610129356384277, 1.9066162109375, 1.3265578746795654, 1.289989948272705, 1.174903154373169, 1.1994731426239014, 1.2877750396728516, 1.2641839981079102, 1.1888189315795898, 1.2580981254577637, 1.3719050884246826, 1.2568330764770508, 1.169097900390625, 1.259770154953003, 1.3511312007904053, 1.7243719100952148, 1.3066391944885254, 1.369434118270874, 1.6491498947143555, 1.3482518196105957, 1.2218430042266846, 1.1429738998413086, 1.2447049617767334, 1.26493501663208]
