date 2025-01-26T23:42:30.059438
sample_ratio 0.8
rank 16
seed 0
l2_regularization_strength 0
input_shape (256, 256, 14, 20)
input_size 18350080
num_train_samples 14680064
num_test_samples 18350080
num_iterations 10
max_num_richardson_iterations 1024
num_richardson_iterations [2, 3, 3, 4, 4, 4, 3, 2, 3, 3, 3, 2, 3, 3, 2, 2, 2, 2, 2, 2, 2, 2, 2, 2, 2, 2, 2, 2, 2, 2, 2, 2, 2, 2, 2, 2, 2, 2, 2, 2]
train_mses [22608.855517371467, 22604.927891127376, 22274.297238976986, 20161.796316633252, 10716.193678274574, 5835.611219951068, 3929.470153493829, 3462.082293900649, 3429.5871772082687, 2964.3711372423045, 2680.434530673348, 2621.1732608602165, 2618.0406408488125, 2541.640057076385, 2485.3443405024673, 2462.7947474412217, 2462.601547971334, 2439.318416427726, 2418.356328081576, 2407.849424797972, 2407.82846015337, 2394.7295122227947, 2377.6454174449746, 2370.1112912473277, 2370.1016785822553, 2359.5284892409886, 2345.3430985323953, 2339.003919303673, 2338.9963042436025, 2329.8634640595656, 2317.6615966917047, 2311.9598962105456, 2311.953334404561, 2303.97193007023, 2293.406927154522, 2288.2589691607195, 2288.253245960794, 2281.365227118132, 2272.334800547259, 2267.8068006761664, 2267.801815384143]
train_rres [0.9999999991918223, 0.9998262784903077, 0.9852023338315814, 0.8917654537996256, 0.4739821377238764, 0.2581117478835263, 0.17380225846898437, 0.1531294801031652, 0.15169220625968602, 0.13111548846729093, 0.11855684275781117, 0.1159356897445724, 0.1157971325316049, 0.11241789983882308, 0.10992791459896138, 0.10893053580525394, 0.10892199050451623, 0.10789216696891524, 0.10696500423336225, 0.10650027910532382, 0.1064993518295239, 0.10591997938362878, 0.1051643420736868, 0.10483110423306417, 0.1048306790605004, 0.10436302206987574, 0.10373559576400945, 0.10345521097324775, 0.10345487415566502, 0.1030509244657022, 0.10251123030256228, 0.10225904148777816, 0.10225875125610437, 0.10190573009933912, 0.10143843519805357, 0.10121073866623724, 0.10121048552649223, 0.10090582530909188, 0.10050640541998532, 0.10030612991891211, 0.10030590941717042]
test_mses [22614.471529869315, 22612.4359608319, 22289.4966739398, 20175.18821034016, 10722.91422028918, 5841.190805805383, 3932.3436567113295, 3463.651328775066, 3431.0056072000425, 2965.346702625786, 2681.434559347241, 2622.5393271459834, 2619.339686021752, 2542.718380638406, 2486.5027816046577, 2464.0358144560214, 2463.823976349323, 2440.4295641552417, 2419.504820105005, 2409.011112627112, 2408.9858745811102, 2395.7979160718237, 2378.7323426456373, 2371.1810695447784, 2371.1707720144454, 2360.5458526223347, 2346.363182791639, 2339.9880618023217, 2339.980619949592, 2330.830773878287, 2318.6208395853246, 2312.872802942105, 2312.866433905314, 2304.893569779986, 2294.313339051375, 2289.1152195053724, 2289.10941699456, 2282.2443442838726, 2273.1944564866762, 2268.6179004486326, 2268.6124804997594]
test_rres [0.9999999994115928, 0.9999099876227464, 0.9856297827426306, 0.8921361780142169, 0.4741616092959261, 0.25829437555740836, 0.17388616175282492, 0.15316083429861357, 0.15171725771480105, 0.13112606664119072, 0.11857162146052416, 0.11596730536634466, 0.11582581892399633, 0.11243766522617238, 0.10995184109685674, 0.10895836366335836, 0.10894899629404822, 0.10791450772997029, 0.10698922658818959, 0.1065252003801105, 0.10652408436703216, 0.10594091979986073, 0.10518628914693548, 0.10485237583454868, 0.10485192048319043, 0.10438209215349342, 0.10375494197650972, 0.10347303748994474, 0.10347270841514343, 0.10306810704942786, 0.10252819019708616, 0.10227401504944915, 0.10227373341400262, 0.10192117756894979, 0.1014533253483745, 0.10122346724463425, 0.1012232106606676, 0.10091964076748744, 0.10051945950391389, 0.10031708661055196, 0.10031684694327239]
step_times_seconds [0.6146481037139893, 1.7653608322143555, 2.333966016769409, 2.633654832839966, 3.068969964981079, 2.8609180450439453, 3.0642030239105225, 2.2548720836639404, 1.423151969909668, 2.19573712348938, 2.740070343017578, 2.8904640674591064, 1.4791147708892822, 2.144461154937744, 2.099378824234009, 1.466385841369629, 1.5771758556365967, 1.3826229572296143, 1.4290010929107666, 1.4606361389160156, 1.4516098499298096, 1.43271803855896, 1.4277777671813965, 1.4515430927276611, 1.422943115234375, 1.351999044418335, 1.4159431457519531, 1.7922558784484863, 2.05645489692688, 1.4744789600372314, 1.4400749206542969, 1.5699279308319092, 1.4228928089141846, 1.3495287895202637, 1.3703298568725586, 1.511704921722412, 1.5132231712341309, 1.322727918624878, 1.3554461002349854, 1.445112705230713, 1.637563943862915]
