date 2025-01-26T23:42:30.059438
sample_ratio 0.9
rank 16
seed 0
l2_regularization_strength 0
input_shape (256, 256, 14, 20)
input_size 18350080
num_train_samples 16515072
num_test_samples 18350080
num_iterations 10
max_num_richardson_iterations 1024
num_richardson_iterations [3, 4, 4, 5, 4, 4, 4, 3, 4, 4, 4, 2, 4, 4, 4, 2, 4, 4, 3, 2, 3, 3, 3, 2, 3, 3, 3, 2, 3, 3, 3, 2, 3, 3, 3, 2, 3, 3, 3, 2]
train_mses [22611.43922386673, 22607.9673288149, 22249.827833479205, 19908.502845575564, 9720.873031609013, 5523.273077404537, 3684.3445471878235, 3301.8481189926015, 3291.5995428104998, 2896.733111746376, 2689.179986430137, 2643.250967875068, 2643.0297784098466, 2575.289633059205, 2512.075686784795, 2484.869678541461, 2484.827719371364, 2449.5950047377178, 2411.8584478622647, 2397.5786909288486, 2397.552463842637, 2374.9948166072363, 2353.8935306346493, 2345.572439440159, 2345.5564529996154, 2330.9340718898816, 2317.581320814446, 2311.7352050744853, 2311.7252120674516, 2301.209310109616, 2291.491971723929, 2286.8319724414505, 2286.8250765002376, 2278.585612464488, 2270.8614904963415, 2266.901769175915, 2266.8966292834343, 2260.1247061319004, 2253.6658693714357, 2250.1789329976887, 2250.175003737358]
train_rres [0.9999999986711903, 0.9998464527154091, 0.9840075894164388, 0.8804615496614303, 0.4299095215677951, 0.24426897445056286, 0.16294162020448247, 0.14602556174840567, 0.14557231434265605, 0.12810918753192946, 0.118930067044041, 0.11689883771629615, 0.11688905552318861, 0.113893220335965, 0.1110975581242608, 0.10989436146181808, 0.10989250580063589, 0.10833432481808083, 0.10666541040481886, 0.10603388240816801, 0.10603272250472634, 0.10503510147839132, 0.10410188861495384, 0.10373388500841428, 0.10373317800164818, 0.10308649731292541, 0.10249596652337714, 0.10223741970226097, 0.10223697775750365, 0.10177190776174849, 0.10134215456131895, 0.10113606421783619, 0.10113575924206107, 0.10077136562946414, 0.10042976322718407, 0.10025464295836964, 0.10025441564455635, 0.09995492461811221, 0.09966927996330117, 0.09951506879900548, 0.09951489502588622]
test_mses [22614.471529869315, 22612.10553302288, 22258.389204679974, 19916.70416453377, 9723.405188965973, 5524.424313791089, 3684.9099889483814, 3302.3774235881924, 3292.141313433026, 2897.1831337347967, 2689.5880539167124, 2643.6578729146795, 2643.4270877308268, 2575.570099384488, 2512.3275391033726, 2485.14757040206, 2485.0994175340397, 2449.7479146911323, 2411.9833496655106, 2397.7393973285975, 2397.7087299842615, 2375.061463108031, 2353.950610852647, 2345.651500886375, 2345.6324428568673, 2330.947425840254, 2317.590966676649, 2311.7524641670057, 2311.740343551469, 2301.1811343907757, 2291.4574525205076, 2286.7978423489567, 2286.789433549875, 2278.521273208885, 2270.785018551005, 2266.8243732637297, 2266.8181135358313, 2260.0299200331046, 2253.552934904584, 2250.0668045370094, 2250.0620125647556]
test_rres [0.9999999994115928, 0.999895376279369, 0.9842542268645976, 0.8807061498876304, 0.4299638472825653, 0.24428712840995592, 0.16294477551302072, 0.14602938730110282, 0.14557675191072356, 0.12811190958866575, 0.11893216468851447, 0.11690115631786376, 0.11689095111879852, 0.11389035089620278, 0.11109379824802916, 0.10989191437250191, 0.10988978507808404, 0.10832656027420506, 0.10665663113376413, 0.10602677107668881, 0.10602541498290269, 0.10502396479057818, 0.10409045404215857, 0.10372347177815, 0.1037226290421404, 0.1030732653376392, 0.10248264976043658, 0.1022244742599171, 0.10222393829269302, 0.10175701563475988, 0.10132703955277611, 0.10112099404945074, 0.10112062221679192, 0.10075500852888396, 0.10041291542964396, 0.10023777778471984, 0.10023750098285489, 0.09993733064768846, 0.09965092178263253, 0.09949676693709839, 0.09949655503861361]
step_times_seconds [0.5747509002685547, 2.3472518920898438, 3.3473057746887207, 3.471386194229126, 4.507380962371826, 3.7881557941436768, 3.5848350524902344, 3.187404155731201, 2.366611957550049, 3.0712850093841553, 3.004166841506958, 3.1509859561920166, 1.4973070621490479, 2.9745118618011475, 3.044481039047241, 3.9138569831848145, 2.1767728328704834, 3.2237770557403564, 3.010331869125366, 2.3550641536712646, 1.4680461883544922, 2.267045736312866, 2.2273690700531006, 2.3227028846740723, 1.4752178192138672, 2.1949820518493652, 2.24137282371521, 2.386284112930298, 1.665208101272583, 2.9993672370910645, 2.677990198135376, 2.4671401977539062, 1.4995028972625732, 2.1263599395751953, 2.190671920776367, 2.4594480991363525, 1.6075618267059326, 2.1600518226623535, 2.2050349712371826, 2.503242015838623, 2.2885923385620117]
