date 2025-01-26T23:42:30.059438
sample_ratio 0.4
rank 16
seed 0
l2_regularization_strength 0
input_shape (256, 256, 14, 20)
input_size 18350080
num_train_samples 7340032
num_test_samples 18350080
num_iterations 10
max_num_richardson_iterations 1024
num_richardson_iterations [2, 2, 2, 3, 4, 3, 3, 2, 2, 2, 2, 2, 2, 2, 2, 2, 2, 2, 2, 2, 2, 2, 2, 2, 2, 2, 2, 2, 2, 2, 2, 2, 2, 2, 2, 2, 2, 2, 2, 2]
train_mses [22604.506769680684, 22597.9157125893, 22477.81321545773, 21906.00313679204, 17235.764750929604, 8952.609801526904, 6589.171151767417, 5433.114914251281, 5047.740047571925, 4572.450951894944, 4183.521310260396, 4007.893516093147, 3841.556259324748, 3642.9841710050437, 3466.8682960049405, 3389.0144998898404, 3316.71454853103, 3195.4657255464695, 3074.0287605438493, 3010.3612585255246, 2961.310737881831, 2886.751321516191, 2818.1409605465237, 2783.4198048568796, 2764.940215197502, 2721.1928103995306, 2679.384726669272, 2657.2099332152625, 2650.1062842381334, 2620.593305843396, 2591.6848709433266, 2575.6988894488995, 2572.9179002981496, 2551.408838306794, 2529.988807603123, 2517.9026681713417, 2516.8121518813095, 2500.396028997289, 2483.8317611760062, 2474.490948122701, 2474.0622384660455]
train_rres [0.9999999985876914, 0.9997084170394084, 0.9943952067939612, 0.9690989203638106, 0.7624924048201588, 0.39605419751476933, 0.291498116265005, 0.24035538408055235, 0.2233067985899815, 0.20228050061106573, 0.18507465555334784, 0.1773050635994647, 0.16994647541046753, 0.16116185161564078, 0.15337066747055708, 0.1499264960582628, 0.1467280209933843, 0.14136409847789946, 0.1359918527541398, 0.13317526831913662, 0.13100532402111678, 0.12770689256140694, 0.12467164115902754, 0.12313561314503971, 0.12231809521281632, 0.12038275527454946, 0.11853320889438736, 0.11755221896841231, 0.11723796088530188, 0.11593233724777835, 0.11465345798915118, 0.11394625470288916, 0.11382322661936767, 0.11287168796470312, 0.11192408796211645, 0.11138940965491612, 0.1113411663422173, 0.1106149340457951, 0.10988214797058171, 0.10946892006274514, 0.10944995439096923]
test_mses [22614.471529869315, 22613.924282466058, 22513.22460351754, 21954.97252292019, 17289.62855050608, 8984.902419735161, 6617.5684828885405, 5456.5021290025425, 5069.768017495001, 4591.773430484255, 4202.301612291345, 4025.9621178348407, 3858.5650874678286, 3658.5497218961464, 3482.263780330213, 3404.429329727545, 3331.638266644816, 3209.559811936876, 3087.934778589608, 3024.2454598058475, 2974.50682301945, 2899.2014863033787, 2830.2871788079847, 2795.470690210454, 2776.6305758011163, 2732.507552825645, 2690.4803090369896, 2668.2967256311554, 2660.9971733855364, 2631.262743543956, 2602.1721166715956, 2586.2164180592067, 2583.322199869842, 2561.6692357731354, 2540.093163376884, 2528.052958707256, 2526.8951064325424, 2510.38679017933, 2493.691021204749, 2484.40046949981, 2483.9311536721602]
test_rres [0.9999999994115928, 0.9999758004201544, 0.9955229137472883, 0.9708373012830956, 0.7645382523087707, 0.3973076444692095, 0.2926253868127847, 0.24128364523508408, 0.22418246686931137, 0.20304579842679865, 0.18582356011584256, 0.17802592070959622, 0.17062371234724666, 0.16177913841193226, 0.1539838670862519, 0.150542068746898, 0.14732328634273015, 0.14192504148545518, 0.13654684668151915, 0.13373053860807316, 0.1315311223320202, 0.12820116007434385, 0.12515380575682986, 0.12361423900060216, 0.12278113908166893, 0.12083004228547668, 0.11897161973916971, 0.11799067338526173, 0.11766789103628299, 0.11635305023689436, 0.11506667806512728, 0.11436112549088621, 0.11423314468957325, 0.11327566204155443, 0.11232157950396082, 0.1117891680060118, 0.1117379683893193, 0.11100797935456808, 0.11026970125937999, 0.10985887796478291, 0.10983812506650034]
step_times_seconds [0.531994104385376, 1.3466339111328125, 1.3734130859375, 1.5037720203399658, 2.2264161109924316, 2.628570079803467, 1.9987850189208984, 2.075277090072632, 1.5501692295074463, 1.2401249408721924, 1.3031270503997803, 1.3080377578735352, 1.5888631343841553, 1.2450778484344482, 1.6025657653808594, 1.635972023010254, 1.9659709930419922, 1.239626169204712, 1.3315749168395996, 1.3916521072387695, 1.3328230381011963, 1.2116682529449463, 1.285552978515625, 1.3720648288726807, 1.3775100708007812, 1.2090158462524414, 1.2626991271972656, 1.3096508979797363, 1.6232428550720215, 1.2551298141479492, 1.6011128425598145, 1.6311578750610352, 1.9324679374694824, 1.2894220352172852, 1.273214340209961, 1.3347299098968506, 1.3302700519561768, 1.211634874343872, 1.3343439102172852, 1.384680986404419, 1.3240759372711182]
