date 2025-01-27T09:10:31.779173
sample_ratio 0.8
rank 16
seed 0
l2_regularization_strength 0
input_shape (256, 256, 14, 20)
input_size 18350080
num_train_samples 14680064
num_test_samples 18350080
num_iterations 10
max_num_richardson_iterations 1024
num_richardson_iterations [3, 4, 4, 4, 4, 4, 4, 4, 4, 4, 4, 3, 4, 4, 4, 2, 4, 4, 4, 2, 4, 4, 4, 2, 4, 4, 4, 2, 4, 4, 4, 2, 4, 4, 3, 2, 4, 4, 3, 2]
train_mses [22608.855517371467, 22604.763525469916, 22273.68886194677, 20157.28182916748, 10709.744956684079, 5822.4446340455515, 3905.6720157443547, 3465.2863192970935, 3430.9523481621795, 2962.0034341455985, 2667.8164402089083, 2609.853092200949, 2609.41129018116, 2532.1048697806223, 2475.6860618498176, 2451.544759239682, 2451.5218968929225, 2427.0736139412115, 2397.0054812401168, 2384.7001605537866, 2384.6804983730135, 2368.9843062407454, 2348.032404934701, 2339.039165081694, 2339.0240441573746, 2326.6056689955662, 2310.0206398162522, 2302.2026452918344, 2302.190629656661, 2291.936464785627, 2278.4213232816173, 2271.6900460766647, 2271.680125632529, 2263.342372268765, 2252.5738582968597, 2247.138606764277, 2247.130151368035, 2240.5790683373625, 2232.1358373783883, 2227.8209499376817, 2227.8138288240034]
train_rres [0.9999999991918223, 0.9998190085222547, 0.9851754250378454, 0.8915657759584075, 0.47369690782445356, 0.2575293837791266, 0.17274965597382683, 0.15327119560890556, 0.1517525883941005, 0.13101076387860164, 0.11799873885712733, 0.11543499351775895, 0.11541545241276614, 0.11199615415246005, 0.109500724525699, 0.10843294369211919, 0.10843193248008663, 0.10735057376587982, 0.10602064653211551, 0.10547637658147913, 0.10547550691424885, 0.1047812571718184, 0.10385454501369906, 0.10345676991009733, 0.10345610110471286, 0.10290683070302309, 0.10217326729229816, 0.10182747382601268, 0.1018269423689845, 0.10137339597629479, 0.10077561509867793, 0.10047788763545713, 0.10047744884968489, 0.10010866621269472, 0.09963236992450233, 0.09939196626833258, 0.09939159228229738, 0.09910183488965339, 0.09872838693048255, 0.09853753748947906, 0.09853722251937069]
test_mses [22614.471529869315, 22612.745737380377, 22289.18972021651, 20170.487332842862, 10716.37077332415, 5827.97327677726, 3908.3288669388567, 3466.7715873152265, 3432.2950112842855, 2962.9126596942733, 2668.7375612244045, 2611.141476997244, 2610.6640099186616, 2533.1217534659454, 2476.7979344776622, 2452.7354210086573, 2452.708032698965, 2428.1016959710455, 2398.084355970903, 2385.7614114200323, 2385.7414064304016, 2369.9658340066044, 2349.0274973576547, 2339.972829272106, 2339.958882676481, 2327.533632422232, 2310.944408500306, 2303.046655534017, 2303.0356922721417, 2292.8169941027486, 2279.287828935759, 2272.475620786542, 2272.4660042412993, 2264.176246519458, 2253.389567858003, 2247.885322602143, 2247.8763514520133, 2241.363981462577, 2232.902921803814, 2228.5387913383956, 2228.530513832984]
test_rres [0.9999999994115928, 0.9999236857782787, 0.9856162094109389, 0.8919283076915202, 0.47387226152352574, 0.2577099033974957, 0.17282424041954844, 0.1532988104849774, 0.15177427448310277, 0.13101843454698658, 0.11801016690260557, 0.11546329844639613, 0.11544218510409801, 0.11201330743589023, 0.10952269787728308, 0.10845866622732546, 0.1084574551307212, 0.10736937590318142, 0.10604202496584765, 0.10549711085952668, 0.10549622624944006, 0.104798638760222, 0.10387275656089782, 0.10347236391549547, 0.1034717472043953, 0.10292230919384852, 0.10218874246467452, 0.10183950799544492, 0.10183902320578912, 0.101387157764234, 0.10078890521868326, 0.10048767296851943, 0.10048724772996259, 0.1001206790172684, 0.09964369777802692, 0.09940030295691198, 0.09939990625738654, 0.09911193269245036, 0.09873778909848624, 0.09854480955186776, 0.09854444352494578]
step_times_seconds [0.5795211791992188, 2.327584981918335, 3.227632761001587, 3.74434494972229, 3.0965628623962402, 2.920856237411499, 4.101443767547607, 3.5240602493286133, 3.161932945251465, 2.8327550888061523, 2.9324588775634766, 3.3578548431396484, 2.267627000808716, 2.9136898517608643, 3.349358081817627, 3.7563037872314453, 2.207284927368164, 2.825644016265869, 2.9222452640533447, 3.289997100830078, 1.4698779582977295, 2.953108787536621, 3.082247018814087, 3.173405885696411, 1.460475206375122, 2.9238011837005615, 3.870396852493286, 3.767612934112549, 1.4343137741088867, 2.8710269927978516, 2.8895509243011475, 3.2635881900787354, 1.4388611316680908, 2.8799901008605957, 3.149684190750122, 2.2788732051849365, 1.434075117111206, 3.5091960430145264, 3.5854151248931885, 2.5136542320251465, 1.4876000881195068]
