date 2025-01-26T23:42:30.059438
sample_ratio 0.2
rank 16
seed 0
l2_regularization_strength 0
input_shape (256, 256, 14, 20)
input_size 18350080
num_train_samples 3670016
num_test_samples 18350080
num_iterations 10
max_num_richardson_iterations 1024
num_richardson_iterations [2, 4, 4, 4, 4, 4, 4, 4, 4, 4, 4, 4, 4, 4, 4, 2, 4, 4, 4, 4, 4, 4, 4, 2, 4, 4, 4, 2, 4, 4, 4, 2, 4, 4, 2, 2, 4, 2, 2, 2]
train_mses [22637.914002313733, 22629.631522325664, 22473.007916816172, 22201.150705117314, 19220.066459063713, 10781.783129874157, 6658.942341117692, 5474.0430461603555, 5084.270431697288, 4345.22370414459, 3593.215641818344, 3239.9564662020534, 3142.151705326059, 2866.7657103202146, 2691.23428448592, 2625.985254424789, 2623.5610575196793, 2549.4723945271157, 2462.776705027962, 2429.6526365262944, 2418.6458906540684, 2374.862800645409, 2330.441098717668, 2313.90129156077, 2313.8726430758925, 2293.268922246423, 2269.396941719122, 2260.2184882014526, 2260.161136781181, 2247.364926259303, 2231.8176387799926, 2225.4879997342096, 2225.4191208209936, 2215.8149878520535, 2203.964503310668, 2202.1162231451312, 2202.048923799642, 2195.091989153531, 2192.910318776147, 2191.175828646573, 2191.124562288943]
train_rres [0.9999999986292428, 0.9996341309978054, 0.9927154897626284, 0.9807065559316037, 0.8490210904924043, 0.47627105191728303, 0.29414999682874116, 0.2418086329905349, 0.22459094173643138, 0.1919445271213697, 0.15872556263468754, 0.1431208043916819, 0.13880040805428387, 0.12663559487404955, 0.1188817256096048, 0.11599943574999047, 0.11589235004847488, 0.11261958106086263, 0.10878991330209943, 0.10732670125646318, 0.10684049277205894, 0.10490643250731158, 0.10294416240317081, 0.10221353823291662, 0.10221227272387567, 0.10130213052618373, 0.10024761726616613, 0.099842171185571, 0.09983963776220932, 0.09927438203665838, 0.09858760111433444, 0.0983079976563277, 0.0983049550211664, 0.09788070511215122, 0.0973572255846678, 0.0972755802456664, 0.0972726073858265, 0.09696529397188457, 0.09686892155991364, 0.09679230274569695, 0.09679003812195316]
test_mses [22614.471529869315, 22614.319270029704, 22607.394420354143, 22354.891851970584, 19352.539706904376, 10835.431312066296, 6701.342960458534, 5500.387122842361, 5107.330063487189, 4366.494926378926, 3616.85932416776, 3261.9712442764358, 3164.371879613993, 2889.1447076216427, 2710.791043841963, 2645.0511461300216, 2642.6564333356464, 2568.310467893086, 2480.3347802182875, 2447.9773145917643, 2437.0440052964145, 2392.8483880816143, 2347.7366467757506, 2331.4494765434447, 2331.4090403301475, 2310.515627261476, 2286.496784729744, 2277.4598890871093, 2277.392206663479, 2264.328072531469, 2248.9348855798, 2242.7280676904943, 2242.6533864192224, 2232.8115735043452, 2221.1943719680803, 2219.3642043735817, 2219.29430716713, 2212.157190968939, 2210.0191261344467, 2208.305481868998, 2208.253841689445]
test_rres [0.9999999994115928, 0.9999932665618191, 0.9996870533627913, 0.9885215230119502, 0.8557590952305147, 0.47913705572907833, 0.2963298500106114, 0.24322421650848453, 0.2258434407249451, 0.19308410183463093, 0.15993561102068676, 0.14424264737067322, 0.13992685495977805, 0.12775645462710244, 0.11986974971608276, 0.1169627661243402, 0.11685687318804923, 0.11356933382191291, 0.10967909532985554, 0.10824826527199873, 0.10776480010349035, 0.10581049322833647, 0.10381567582923273, 0.10309546575484693, 0.10309367768682952, 0.10216978198452306, 0.1011076814403704, 0.10070807468301676, 0.10070508180195382, 0.10012739268341449, 0.09944671407802323, 0.09917225186574224, 0.09916894949932924, 0.09873374972488007, 0.09822004320230734, 0.09813911415689477, 0.09813602333930399, 0.09782042382663954, 0.09772587972772437, 0.09765010328244343, 0.0976478197809495]
step_times_seconds [0.522676944732666, 1.5325000286102295, 2.8097121715545654, 3.1174261569976807, 2.61649489402771, 2.5254440307617188, 2.603533983230591, 2.616947889328003, 2.6358649730682373, 2.654193162918091, 3.0245590209960938, 2.9739181995391846, 2.693405866622925, 2.3948352336883545, 2.5390400886535645, 2.8016700744628906, 1.2337391376495361, 2.439974069595337, 2.51861310005188, 2.7393641471862793, 2.6005592346191406, 2.5498318672180176, 3.3654489517211914, 3.1134610176086426, 1.2950170040130615, 2.49507212638855, 2.505169153213501, 2.7186639308929443, 1.4595167636871338, 2.4257242679595947, 2.523643970489502, 2.648780107498169, 1.3039100170135498, 2.417804002761841, 2.5960631370544434, 1.4434890747070312, 1.8705248832702637, 2.883488893508911, 1.3406682014465332, 1.3347771167755127, 1.2597072124481201]
