date 2025-01-26T23:42:30.059438
sample_ratio 0.1
rank 16
seed 0
l2_regularization_strength 0
input_shape (256, 256, 14, 20)
input_size 18350080
num_train_samples 1835008
num_test_samples 18350080
num_iterations 10
max_num_richardson_iterations 1024
num_richardson_iterations [2, 2, 2, 2, 10, 11, 11, 11, 6, 8, 4, 4, 7, 6, 5, 5, 5, 4, 3, 3, 2, 3, 2, 2, 2, 2, 2, 2, 2, 2, 2, 2, 2, 2, 2, 2, 2, 2, 2, 2]
train_mses [22671.671119882758, 22662.768382722523, 22617.028776698473, 22554.956826873666, 22353.07965617395, 18223.4846026787, 14136.538084667034, 10850.944509988523, 8413.777096620444, 7890.854451895296, 6927.764692285921, 6679.11749371602, 6456.154626998811, 5849.870499534654, 5450.677343618865, 5202.912823137578, 4943.040371039164, 4716.702645662422, 4552.291975007223, 4463.858611055212, 4377.796654714907, 4335.402363365175, 4256.095171254972, 4219.432191339995, 4184.741681775748, 4145.280877569782, 4112.239946638429, 4079.803922550918, 4049.4767237735664, 4014.2028508966714, 3983.589134339904, 3954.786527149962, 3928.4089613945175, 3896.8860051854026, 3868.6388269370277, 3842.9164165721854, 3820.0415546512168, 3791.7819173826174, 3765.7214873024977, 3742.5133620853007, 3722.633610476872]
train_rres [0.9999999992152869, 0.9996073180976855, 0.9975898397324473, 0.9948519758384328, 0.985947596030089, 0.803799794554921, 0.6235331307878911, 0.47861246946007036, 0.37111411177093473, 0.34804908751446484, 0.30556921235391665, 0.2946019044276508, 0.28476747866506497, 0.2580255537411146, 0.24041797847717872, 0.22948960363543286, 0.2180271732517024, 0.20804388953157835, 0.20079207868548693, 0.19689146794466417, 0.19309545503420444, 0.1912255315031029, 0.18772745711641076, 0.18611032974664868, 0.18458020391897634, 0.18283967037090484, 0.1813823040069208, 0.17995161881876048, 0.17861394950478757, 0.17705809274139792, 0.17570778572737736, 0.1744373629599052, 0.17327390369855358, 0.17188349202498565, 0.17063756806654234, 0.16950300633932588, 0.16849404401881315, 0.16724757051904363, 0.16609809944909615, 0.16507443758154935, 0.16419758331316708]
test_mses [22614.471529869315, 22614.357357404006, 22604.31803854213, 22577.289979344594, 22409.865283292704, 18430.819757514608, 14334.432077241467, 10994.965184259236, 8507.261000712571, 7980.235674988561, 7019.456553718776, 6767.493248891884, 6540.395436744134, 5934.313986979665, 5535.847735812758, 5286.731037675403, 5023.454623104262, 4795.361151684145, 4630.430533691636, 4542.294013468423, 4455.155258486828, 4412.27138812497, 4332.516848424049, 4296.069227868653, 4260.927546173504, 4221.004059069401, 4187.766992506237, 4155.567673732247, 4124.835012950757, 4089.098515269469, 4058.3228703377063, 4029.765691642213, 4003.0176695315226, 3971.0378781588956, 3942.6685965054603, 3917.2001540637216, 3893.98028001573, 3865.2712877100334, 3839.131544236987, 3816.190362294058, 3795.9827562850533]
test_rres [0.9999999994115928, 0.9999949507654154, 0.9995510173821962, 0.9983558508647769, 0.9909524191404389, 0.8150011253778915, 0.6338610234545604, 0.4861915593856575, 0.3761865929287979, 0.35288181108953154, 0.3103966652644145, 0.29925498086352803, 0.289212835429611, 0.2624122334961398, 0.24479226610463342, 0.2337764571496579, 0.2221345130047996, 0.21204834004317902, 0.20475519513472423, 0.20085784471223297, 0.19700461494229432, 0.19510831282088575, 0.1915816091546669, 0.1899699146038652, 0.18841596798043625, 0.1866505724447554, 0.18518084689756734, 0.18375701001008957, 0.18239802796521556, 0.18081777889271083, 0.17945689611139068, 0.1781941127365516, 0.17701132931136201, 0.1755971998097475, 0.17434272514297172, 0.17321652405562313, 0.17218975347627707, 0.17092025698369334, 0.16976437131892597, 0.16874992435742484, 0.16785635468145765]
step_times_seconds [0.500622034072876, 1.7071478366851807, 1.5556950569152832, 1.70597505569458, 1.291815996170044, 5.884514093399048, 7.264283895492554, 7.297976016998291, 7.564367055892944, 3.6700809001922607, 5.117246866226196, 2.55167293548584, 2.610062837600708, 4.852554082870483, 4.459711790084839, 3.4436001777648926, 3.2645511627197266, 3.127375841140747, 2.4864020347595215, 1.9466710090637207, 1.9613807201385498, 1.2438178062438965, 1.7914438247680664, 1.2473273277282715, 1.2376658916473389, 1.2200031280517578, 1.1801209449768066, 1.3272039890289307, 1.794705867767334, 1.352726936340332, 1.2886772155761719, 1.5322210788726807, 1.201972246170044, 1.1922268867492676, 1.100266933441162, 1.253554105758667, 1.189513921737671, 1.2267839908599854, 1.2028400897979736, 1.247107982635498, 1.2004101276397705]
