date 2025-01-27T09:10:31.779173
sample_ratio 0.7
rank 16
seed 0
l2_regularization_strength 0
input_shape (256, 256, 14, 20)
input_size 18350080
num_train_samples 12845056
num_test_samples 18350080
num_iterations 10
max_num_richardson_iterations 1024
num_richardson_iterations [2, 3, 3, 4, 4, 4, 4, 2, 4, 3, 3, 2, 3, 3, 3, 2, 3, 3, 2, 2, 2, 2, 2, 2, 2, 2, 2, 2, 2, 2, 2, 2, 2, 2, 2, 2, 2, 2, 2, 2]
train_mses [22612.898303582333, 22608.45906282035, 22310.335237251023, 20546.655425222478, 11662.038132142055, 6209.186638956522, 4161.547697284743, 3670.7654175056837, 3649.3471611821096, 3184.476437757909, 2880.597320954822, 2786.0791249728895, 2780.2622127347436, 2666.085255307532, 2562.6632645957284, 2529.7109431980202, 2528.8173085969365, 2487.3586100028165, 2448.6100564241597, 2433.4542048291346, 2433.338240776304, 2415.4972216920464, 2405.0579014471855, 2397.072080308553, 2397.0540994473704, 2387.189977988281, 2376.80886077973, 2370.675481328235, 2370.6683764411337, 2362.859614360419, 2354.1278593383345, 2349.1253123616234, 2349.119961168806, 2342.617325169287, 2335.353021140635, 2331.2115139213183, 2331.206945333442, 2325.7534943968594, 2319.6564132203234, 2316.188250924107, 2316.1843246022713]
train_rres [0.9999999993521401, 0.9998036848107883, 0.9866198893780305, 0.908625472775249, 0.5157250507220116, 0.27458605931775587, 0.18403424623942927, 0.16233060290843035, 0.16138343302237002, 0.1408256647574597, 0.12738735567710285, 0.1232075201402436, 0.12295028145476931, 0.11790108538001613, 0.11332750134596878, 0.11187026570399274, 0.11183074690421274, 0.10999733758132675, 0.10828377777871556, 0.10761354739153847, 0.10760841916554999, 0.10681944382797139, 0.10635779047872142, 0.10600463711349385, 0.10600384195398227, 0.10556762536112135, 0.10510854589848649, 0.1048373122262177, 0.10483699803000095, 0.10449167466760742, 0.10410553420479712, 0.10388430882685973, 0.10388407218347408, 0.10359650904548058, 0.10327526300587869, 0.10309211500065472, 0.1030919129660543, 0.10285074746573514, 0.10258111899570305, 0.10242774801921835, 0.10242757438725927]
test_mses [22614.471529869315, 22612.85367861111, 22328.727941136316, 20561.610604894606, 11667.256178029129, 6214.948991575305, 4165.879595970817, 3673.5047246329277, 3652.1219690107987, 3186.410341532783, 2883.09083467762, 2788.8992705171136, 2783.1531526758085, 2668.2384720013447, 2564.665907323093, 2531.7767404792066, 2530.8862957536016, 2489.2161428370864, 2450.331290194944, 2435.1729066291728, 2435.0559492054476, 2417.1925875173065, 2406.6704760277225, 2398.6711913909944, 2398.653215170578, 2388.7911179904254, 2378.3142990895963, 2372.1666262013355, 2372.159931243386, 2364.368663008102, 2355.5408411440126, 2350.5245836593904, 2350.519878349567, 2344.0456970859636, 2336.69025259093, 2332.5359389523337, 2332.5321609515877, 2327.115565870606, 2320.9346057176317, 2317.454427307195, 2317.4513690666786]
test_rres [0.9999999994115928, 0.9999284588825508, 0.9873645686792206, 0.9092235724207891, 0.5159199124221787, 0.274821765333302, 0.18421299777079764, 0.1624404407425319, 0.16149490657069396, 0.1409013841180966, 0.12748875555960645, 0.12332365428891459, 0.12306956398968588, 0.11798809744048674, 0.1134081732764173, 0.11195383167126, 0.111914456675302, 0.11007182449895606, 0.1083523568311884, 0.10768206110763677, 0.10767688931206765, 0.10688698088312044, 0.10642169866463061, 0.1060679745185034, 0.10606717961952102, 0.10563108288556357, 0.10516780348145163, 0.1048959566299113, 0.10489566058240311, 0.10455113481179605, 0.10416077318662009, 0.1039389569272817, 0.10393874886096388, 0.10365246398133522, 0.10332721010657674, 0.10314350854933871, 0.10314334148813903, 0.10290382251151206, 0.1026305037146888, 0.10247661206155899, 0.10247647682777691]
step_times_seconds [0.5389189720153809, 1.4146909713745117, 2.2716991901397705, 2.4282066822052, 2.98813796043396, 2.7727670669555664, 2.841454267501831, 3.0365331172943115, 1.4119601249694824, 2.7940831184387207, 2.0897810459136963, 2.199090003967285, 1.3906090259552002, 2.035231113433838, 2.0987110137939453, 2.2182579040527344, 1.3961279392242432, 2.0376498699188232, 2.193697929382324, 1.44952392578125, 1.4077250957489014, 1.3264269828796387, 1.3439626693725586, 1.4415850639343262, 1.4132680892944336, 1.3219408988952637, 1.3305621147155762, 1.4239890575408936, 1.4092729091644287, 1.3204071521759033, 1.3266937732696533, 1.4091451168060303, 1.3847198486328125, 1.316640853881836, 1.3378880023956299, 1.4403190612792969, 1.4008450508117676, 1.3118479251861572, 1.327855110168457, 1.4479680061340332, 1.4026787281036377]
