date 2025-01-26T23:42:30.059438
sample_ratio 0.1
rank 16
seed 0
l2_regularization_strength 0
input_shape (256, 256, 14, 20)
input_size 18350080
num_train_samples 1835008
num_test_samples 18350080
num_iterations 10
max_num_richardson_iterations 1024
num_richardson_iterations [9, 16, 15, 25, 36, 36, 33, 27, 31, 32, 26, 22, 28, 28, 24, 22, 26, 26, 22, 17, 22, 22, 18, 7, 18, 17, 13, 3, 14, 14, 11, 2, 12, 12, 9, 2, 10, 10, 7, 2]
train_mses [22671.671119882758, 22633.5753314663, 22434.335162489075, 22260.63963237982, 21091.971436458705, 13785.024717552249, 9087.331242914865, 6972.471008991876, 6368.385427144849, 5375.932792933484, 4341.243023085317, 4047.346695155236, 3913.297560076164, 3560.1326547869353, 3217.6736500196844, 3055.3592507056296, 2973.043864339456, 2775.37856658755, 2609.6167907433723, 2535.0185068348023, 2511.002715051544, 2431.297863148189, 2352.1940088709853, 2320.79100707839, 2318.6305283723455, 2290.3283974134133, 2264.5280312140007, 2253.762450080321, 2253.3383306461237, 2240.9842365232807, 2229.2322077706153, 2223.3704551372507, 2223.1821424977556, 2215.9943579155065, 2208.744597100311, 2205.112274313437, 2204.937073946278, 2200.2945063935636, 2195.5403461645205, 2193.186589129708, 2193.029515095503]
train_rres [0.9999999992152869, 0.998319673658996, 0.9895316064817976, 0.981870259902867, 0.9303227498483858, 0.6080286112939277, 0.4008231765418671, 0.3075411144882797, 0.2808961628136226, 0.23712115266175932, 0.19148315078862774, 0.1785199983970198, 0.17260737138928578, 0.15703000600035447, 0.1419248554939065, 0.13476550679268362, 0.13113474724847915, 0.1224161443474585, 0.11510473907708427, 0.11181436478329831, 0.11075507843261764, 0.10723946410408634, 0.10375035852396186, 0.10236523778884266, 0.10226994359138693, 0.10102159578380505, 0.09988359558775685, 0.099408748318303, 0.09939004129703309, 0.0988451280417277, 0.09832677063078514, 0.09806822098097022, 0.09805991490426544, 0.0977428767583519, 0.0974231049704157, 0.09726289080866218, 0.09725516308686809, 0.09705038914124572, 0.09684069307604729, 0.09673687377571782, 0.09672994556856225]
test_mses [22614.471529869315, 22626.31156573531, 22672.383078564202, 22584.70571568434, 21427.767045674744, 13984.024190080248, 9210.42237471699, 7028.077414231314, 6409.56630010764, 5428.237424042278, 4403.026832899518, 4105.1024604532295, 3968.168283745514, 3612.3772483115627, 3269.1588956276682, 3108.119645028999, 3022.6166238037363, 2818.043684532222, 2650.286513429253, 2577.736433103719, 2553.02716853539, 2471.0145853967806, 2388.793872035498, 2358.261770579387, 2355.9740031727606, 2326.783421618197, 2299.470385169292, 2289.1819624809673, 2288.721244741648, 2276.2390731064074, 2263.7451331924644, 2258.156766018818, 2257.9524690156954, 2250.827923993563, 2243.12337197544, 2239.6519255228136, 2239.462929959511, 2234.9216000524098, 2229.8719440812743, 2227.6134820866373, 2227.4445352933376]
test_rres [0.9999999994115928, 1.0005235595506563, 1.0025608175401226, 0.998683770813098, 0.9475245532386012, 0.6183661715632741, 0.4072800178917441, 0.31077787516781985, 0.2834276400344096, 0.24003379489450455, 0.19469952346634337, 0.18152546490488253, 0.17547030785881676, 0.1597374159911173, 0.1445604815211423, 0.13743941082571565, 0.13365851233945125, 0.12461240489975534, 0.1171942713040759, 0.11398614503028612, 0.11289351438794926, 0.10926696123228387, 0.10563120466798363, 0.10428109125066061, 0.10417992738299038, 0.10288913526791342, 0.10168136720679562, 0.10122641858380074, 0.10120604588844771, 0.10065409084446582, 0.10010161541340878, 0.09985450076547298, 0.09984546685978418, 0.09953042323789235, 0.09918973201265573, 0.0990362264820932, 0.09902786919800005, 0.0988270539855627, 0.09860376086277209, 0.09850389286495816, 0.09849642212689659]
step_times_seconds [0.4884152412414551, 6.0048768520355225, 11.221032857894897, 12.149079084396362, 17.190201997756958, 23.776216745376587, 23.106441259384155, 23.774789094924927, 21.97411298751831, 19.57647728919983, 22.162832975387573, 17.659884929656982, 20.16203999519348, 17.956748962402344, 20.45682668685913, 16.707144260406494, 19.763392210006714, 16.50698184967041, 18.60793375968933, 15.2031991481781, 15.715065956115723, 14.01378607749939, 16.148685932159424, 12.319555759429932, 4.675612926483154, 11.846712827682495, 11.921458721160889, 8.950234174728394, 1.9523251056671143, 8.728577136993408, 11.335428953170776, 7.4985480308532715, 1.2779059410095215, 7.5818400382995605, 8.26955270767212, 6.878787994384766, 1.2999098300933838, 6.302883863449097, 6.4732019901275635, 4.782628774642944, 1.2789628505706787]
