date 2025-01-26T23:42:30.059438
sample_ratio 0.9
rank 16
seed 0
l2_regularization_strength 0
input_shape (256, 256, 14, 20)
input_size 18350080
num_train_samples 16515072
num_test_samples 18350080
num_iterations 10
max_num_richardson_iterations 1024
num_richardson_iterations [2, 2, 3, 3, 3, 3, 3, 2, 3, 2, 2, 2, 2, 2, 2, 2, 2, 2, 2, 2, 2, 2, 2, 2, 2, 2, 2, 2, 2, 2, 2, 2, 2, 2, 2, 2, 2, 2, 2, 2]
train_mses [22611.43922386673, 22608.002076992714, 22253.49306729687, 19913.548354179697, 9729.41756776539, 5544.388557501773, 3690.4411308112685, 3306.0455343459516, 3292.3540935482133, 2897.2298570168364, 2688.5858863478857, 2646.7143091568237, 2646.3313063085584, 2585.4540867567403, 2524.8890442363127, 2499.645110694041, 2499.6075199882835, 2465.1224516811885, 2428.139766848553, 2413.6807788453075, 2413.659260705939, 2391.346664230546, 2369.1012787645577, 2360.286500313414, 2360.2727294536417, 2345.227221590729, 2331.1571876129, 2325.0379423273175, 2325.0292688594714, 2314.290795220196, 2304.3629519272617, 2299.63682293162, 2299.6310476519434, 2291.3979707041253, 2283.74191189271, 2279.839478258657, 2279.8353621624756, 2273.1775923511286, 2266.9132805404242, 2263.5478323980815, 2263.544755340632]
train_rres [0.9999999986711903, 0.9998479894675557, 0.98416968585694, 0.8806846893097948, 0.43028740711768987, 0.2452028150548748, 0.1632112440685357, 0.14621119413147585, 0.14560568465266774, 0.12813115629140923, 0.11890379272883353, 0.1170520053781537, 0.11703506692306623, 0.11434274739098324, 0.11166423401373564, 0.1105478108944995, 0.11054614843041063, 0.10902103240750524, 0.10738545828870005, 0.10674600372586221, 0.10674505207748959, 0.105758268519626, 0.10477445739569949, 0.10438462027157133, 0.10438401124975642, 0.10371861761010524, 0.10309636469555916, 0.10282573861037868, 0.10282535502277293, 0.10235044170484173, 0.1019113788401806, 0.10170236388352216, 0.10170210846945445, 0.1013379973283915, 0.10099940504660693, 0.10082681834877533, 0.10082663631276535, 0.10053219376372705, 0.1002551520530973, 0.10010631375472316, 0.10010617767061923]
test_mses [22614.471529869315, 22612.038912571832, 22261.61039468075, 19921.860574643095, 9732.05913473713, 5545.57048824579, 3691.0414207016465, 3306.5856675768873, 3292.9021336959104, 2897.6856652398724, 2689.000120727352, 2647.141687497533, 2646.7468716213234, 2585.7668146082315, 2525.1796832216064, 2499.9586695556586, 2499.913810403296, 2465.3181935377556, 2428.311297872493, 2413.885523067682, 2413.8590753703184, 2391.4571910646396, 2369.1957021951343, 2360.406097681443, 2360.3889165002324, 2345.2777316518795, 2331.1968675160456, 2325.091189797908, 2325.080150095409, 2314.2939893730186, 2304.356554261854, 2299.636050174933, 2299.628585916904, 2291.3612597391784, 2283.694520344386, 2279.794292240852, 2279.788920944645, 2273.1080064571806, 2266.830766565979, 2263.4671064070103, 2263.46306440543]
test_rres [0.9999999994115928, 0.9998924303581731, 0.9843966661868974, 0.8809341636220872, 0.43034652019865066, 0.24522220108739295, 0.16321590419014054, 0.14621547362996798, 0.14561039498133133, 0.12813413126667914, 0.11890616659308086, 0.11705520876061935, 0.11703775021088249, 0.11434124426349973, 0.11166211328000752, 0.1105468533625783, 0.11054486971452898, 0.1090150697897556, 0.10737864438867521, 0.10674074423800092, 0.1067395747347776, 0.1057489752302564, 0.10476458393784865, 0.10437591226374342, 0.10437515252097526, 0.10370694389980531, 0.1030842955169346, 0.10281430566966002, 0.10281381749984016, 0.10233685916359085, 0.10189743102607317, 0.10168869282593844, 0.1016883627603866, 0.10132278595873809, 0.10098376678775481, 0.10081130075881896, 0.10081106324293464, 0.10051563672922156, 0.10023806049317215, 0.10008932121564593, 0.10008914248046867]
step_times_seconds [0.5724308490753174, 1.5712172985076904, 2.174276828765869, 3.1701698303222656, 2.4332311153411865, 2.1693460941314697, 2.1871800422668457, 2.314767837524414, 1.5611340999603271, 2.1831109523773193, 1.3998730182647705, 1.4849820137023926, 1.5153770446777344, 1.3987913131713867, 1.7290949821472168, 1.8303020000457764, 1.8971481323242188, 1.424612045288086, 1.4213778972625732, 1.50118088722229, 1.4458067417144775, 1.4122378826141357, 1.4123930931091309, 1.4766449928283691, 1.462641954421997, 1.4023749828338623, 1.4819867610931396, 1.6570520401000977, 1.4718711376190186, 1.4079408645629883, 1.4031450748443604, 1.5393826961517334, 1.7924542427062988, 1.4926080703735352, 1.6313519477844238, 1.7589621543884277, 1.6562931537628174, 1.3525497913360596, 1.37648606300354, 1.4631869792938232, 1.5088887214660645]
