date 2025-01-27T09:10:31.779173
sample_ratio 0.8
rank 16
seed 0
l2_regularization_strength 0
input_shape (256, 256, 14, 20)
input_size 18350080
num_train_samples 14680064
num_test_samples 18350080
num_iterations 10
max_num_richardson_iterations 1024
num_richardson_iterations [2, 3, 4, 4, 4, 4, 4, 3, 4, 4, 3, 2, 4, 3, 3, 2, 3, 3, 3, 2, 3, 3, 3, 2, 3, 3, 3, 2, 3, 3, 3, 2, 3, 3, 3, 2, 3, 3, 3, 2]
train_mses [22608.855517371467, 22604.927891127376, 22273.757608248507, 20156.891279861746, 10715.049926849988, 5824.247973809511, 3906.993150120257, 3466.2536539147804, 3432.67706077001, 2962.9990063858063, 2667.675344751282, 2609.0548941114985, 2608.62510617791, 2531.1674885325783, 2474.8448029008186, 2450.794686908302, 2450.7277142356643, 2426.4048848607554, 2396.5311989585425, 2384.3243833840593, 2384.300838661714, 2368.583695277674, 2347.776609039269, 2338.9047481077337, 2338.8893004335596, 2326.4377256749744, 2310.02765280785, 2302.378916502021, 2302.367116809569, 2292.1061589892183, 2278.8050445073577, 2272.269222145585, 2272.259694262001, 2263.943598946776, 2253.399863714314, 2248.1635705882504, 2248.1555648110593, 2241.654740175467, 2233.4218002277817, 2229.289828136364, 2229.2831283225955]
train_rres [0.9999999991918223, 0.9998262784903077, 0.9851784657181499, 0.8915485017843513, 0.47393154907630936, 0.2576091463200087, 0.1728080903502958, 0.15331398126057919, 0.15182887321997818, 0.13105479849320822, 0.11799249814063446, 0.11539968885193046, 0.11538067913545404, 0.11195469335199776, 0.10946351525839786, 0.10839976765053681, 0.10839680541865682, 0.10732099557341439, 0.10599966881031857, 0.10545975578574114, 0.10545871439192499, 0.1047635379660656, 0.1038432310444878, 0.10345082458598535, 0.10345014132830566, 0.10289940249329674, 0.10217357748011754, 0.10183527038209704, 0.10183474847631399, 0.1013809016283754, 0.10079258726363938, 0.10050350485734647, 0.1005030834347066, 0.10013525874308901, 0.0996689045211409, 0.09943730088610468, 0.09943694678692533, 0.09914941234603586, 0.09878526565428024, 0.09860250664266626, 0.09860221030684518]
test_mses [22614.471529869315, 22612.4359608319, 22289.27665883465, 20170.1023727356, 10721.628874738148, 5829.774398067206, 3909.650944920679, 3467.739780297152, 3434.0231872751633, 2963.912362513966, 2668.6037786109496, 2610.3579501279737, 2609.899022247932, 2532.196965598221, 2475.9679250925674, 2451.997149739378, 2451.92058051765, 2427.4364989451246, 2397.613509759993, 2385.389556078574, 2385.364505964853, 2369.5658133869765, 2348.7732637221284, 2339.841192432131, 2339.826561102285, 2327.3665361268595, 2310.953134275481, 2303.2261677766633, 2303.215278459674, 2292.9890634140083, 2279.6747389034226, 2273.0590284449627, 2273.0497597964645, 2264.782040917578, 2254.221131621096, 2248.915788001051, 2248.9072908967355, 2242.4462606819848, 2234.1967914134843, 2230.0143842015073, 2230.006600616913]
test_rres [0.9999999994115928, 0.9999099876227464, 0.9856200537907632, 0.8919112849586861, 0.4741047719938217, 0.25778954803064613, 0.17288270201036202, 0.15334162346780908, 0.15185069351361508, 0.1310626408782194, 0.11800425110602375, 0.11542865130163425, 0.11540835775291411, 0.1119724138043075, 0.10948599530019609, 0.1084260202613178, 0.10842263441073174, 0.10733996124166033, 0.10602120439482475, 0.1054806676125223, 0.10547955990971025, 0.10478095005947725, 0.10386151448367126, 0.10346654300388478, 0.10346589601419863, 0.10291492028382897, 0.10218912831384895, 0.10184744593210215, 0.1018469644122502, 0.10139476657839228, 0.10080601417331549, 0.10051347094736261, 0.10051306109261626, 0.10014746692592959, 0.09968046908888888, 0.09944586959316705, 0.09944549385569737, 0.09915979050851037, 0.09879500332996628, 0.09861005948973585, 0.09860971530373179]
step_times_seconds [0.5752129554748535, 1.4485251903533936, 2.325288772583008, 3.4035141468048096, 3.124802827835083, 2.8719301223754883, 2.9655098915100098, 3.1059558391571045, 2.2450129985809326, 2.877331256866455, 3.0747570991516113, 2.291969060897827, 1.4480409622192383, 2.8840160369873047, 2.1604208946228027, 2.2877659797668457, 1.4514501094818115, 2.0901570320129395, 2.1463122367858887, 2.3689091205596924, 1.4372737407684326, 2.108285903930664, 2.21844482421875, 2.3256192207336426, 1.4359538555145264, 2.1237618923187256, 2.2173449993133545, 2.3713622093200684, 1.4311738014221191, 2.13149094581604, 2.2145259380340576, 3.036128044128418, 1.688478946685791, 2.3953471183776855, 2.172788143157959, 2.3425588607788086, 1.433722972869873, 2.194830894470215, 2.180935859680176, 2.2933313846588135, 1.5082359313964844]
