date 2025-01-27T09:10:31.779173
sample_ratio 0.9
rank 16
seed 0
l2_regularization_strength 0
input_shape (256, 256, 14, 20)
input_size 18350080
num_train_samples 16515072
num_test_samples 18350080
num_iterations 10
max_num_richardson_iterations 1024
num_richardson_iterations [2, 3, 3, 4, 3, 3, 3, 2, 3, 3, 3, 2, 3, 3, 3, 2, 3, 3, 2, 2, 2, 2, 2, 2, 2, 2, 2, 2, 2, 2, 2, 2, 2, 2, 2, 2, 2, 2, 2, 2]
train_mses [22611.43922386673, 22608.002076992714, 22249.863747387335, 19908.677424969308, 9723.141156783095, 5524.252687497105, 3683.596914278061, 3302.3105491766055, 3292.1957025198726, 2896.7115292550134, 2688.710626003339, 2642.4489278150386, 2642.1001358003887, 2573.910392340176, 2510.376530401734, 2483.1649720182254, 2483.122834465676, 2447.759681783007, 2410.175758685825, 2396.1906030030455, 2396.1642241942113, 2374.587938201434, 2357.433488182168, 2349.9024530242104, 2349.8903173896624, 2336.942749096643, 2324.888028872372, 2319.4621654693497, 2319.454484286774, 2309.7515942686236, 2300.7216459449155, 2296.3599012483733, 2296.3544547550296, 2288.6096913822, 2281.354625164567, 2277.641575189225, 2277.6374547005917, 2271.1996406543785, 2265.1013310518138, 2261.832370012072, 2261.829152314712]
train_rres [0.9999999986711903, 0.9998479894675557, 0.984009177723478, 0.8804692705053705, 0.4300098303163277, 0.2443122981011084, 0.1629085558381957, 0.14604601290937827, 0.14559867974570173, 0.12810823303756402, 0.11890930939029204, 0.11686336717189502, 0.11684794170469086, 0.11383222286015016, 0.11102241224946792, 0.1098189701298426, 0.10981710657962467, 0.10825315692186242, 0.10659099279886533, 0.10597249366107342, 0.10597132704763772, 0.1050171071171641, 0.10425844466199564, 0.10392538160159563, 0.10392484489827428, 0.10335223348032668, 0.10281910862750754, 0.10257914763510483, 0.10257880793171446, 0.10214969371615336, 0.10175034061782524, 0.10155744070342519, 0.10155719983006535, 0.10121468455335692, 0.10089382633039454, 0.10072961520107868, 0.10072943297081074, 0.10044471805399717, 0.10017501785782282, 0.10003044674038826, 0.10003030443642767]
test_mses [22614.471529869315, 22612.038912571832, 22258.43230001099, 19916.877155150778, 9725.67065230436, 5525.402279915284, 3684.161607782707, 3302.8455993433467, 3292.7410540528263, 2897.1631937807265, 2689.117838544772, 2642.855704964425, 2642.496192850008, 2574.1881782032738, 2510.6255648074957, 2483.438340708027, 2483.38971044006, 2447.9099967395928, 2410.298189143295, 2396.344434276987, 2396.313401355728, 2374.6618088878104, 2357.4996316042384, 2349.9889534085746, 2349.973950711853, 2336.972728594208, 2324.9129367369324, 2319.4956740085167, 2319.485970617355, 2309.7435323630834, 2300.707650719265, 2296.347587299785, 2296.340648863365, 2288.5674432530395, 2281.3032984731985, 2277.5892559597132, 2277.583999583312, 2271.127414091478, 2265.0161498644266, 2261.746267309149, 2261.7421606513867]
test_rres [0.9999999994115928, 0.9998924303581731, 0.9842561325173976, 0.8807137994414429, 0.4300640248761059, 0.2443303735559824, 0.16291168249272858, 0.14605008978598116, 0.1456032721245015, 0.1281110278544173, 0.11891137201285798, 0.11686568487433596, 0.1168497874383189, 0.11382924307068601, 0.1110185378426455, 0.10981633313723982, 0.10981418273244815, 0.10824528851209334, 0.10658211422458064, 0.10596508654654414, 0.10596371428713937, 0.10500629229182191, 0.10424738986729229, 0.10391527164019493, 0.10391460822886148, 0.1033397010464043, 0.1028064234133519, 0.10256687491370765, 0.10256644583487008, 0.10213564035548175, 0.10173607843662077, 0.10154327873262789, 0.10154297191863017, 0.10119924486776875, 0.10087802821824536, 0.10071379521786795, 0.10071356278367682, 0.10042805597979211, 0.10015781910004083, 0.1000132266186718, 0.10001304502443226]
step_times_seconds [0.6239368915557861, 1.8067021369934082, 3.029576063156128, 2.8071300983428955, 3.2984347343444824, 2.2927961349487305, 2.4114532470703125, 2.424150228500366, 1.518705129623413, 2.26084303855896, 2.367905855178833, 2.3989040851593018, 1.529987096786499, 2.3224658966064453, 2.9080069065093994, 3.2393479347229004, 1.7570548057556152, 2.2264158725738525, 2.312497854232788, 1.5500249862670898, 1.5543317794799805, 1.435417890548706, 1.4144158363342285, 1.5214800834655762, 1.6463899612426758, 1.4986627101898193, 1.407472848892212, 1.4981918334960938, 1.5022468566894531, 1.4868988990783691, 1.7798221111297607, 1.946911096572876, 2.380753993988037, 1.513275146484375, 1.4163720607757568, 1.5020551681518555, 1.485588788986206, 1.4893178939819336, 1.4510033130645752, 1.5129010677337646, 1.490394115447998]
