date 2025-01-26T23:42:30.059438
sample_ratio 0.3
rank 16
seed 0
l2_regularization_strength 0
input_shape (256, 256, 14, 20)
input_size 18350080
num_train_samples 5505024
num_test_samples 18350080
num_iterations 10
max_num_richardson_iterations 1024
num_richardson_iterations [4, 8, 9, 12, 15, 14, 12, 10, 12, 12, 10, 10, 11, 11, 9, 7, 10, 10, 9, 4, 9, 9, 8, 2, 8, 8, 7, 2, 8, 8, 6, 2, 7, 7, 6, 2, 7, 7, 6, 2]
train_mses [22613.98400534867, 22601.09506283438, 22442.294497226238, 21869.1216476393, 17654.89950638528, 8877.994686676684, 5827.810319124886, 5002.51440628149, 4737.784914733591, 4060.0711745896474, 3589.224544365251, 3395.1697534484756, 3243.9227310488086, 2943.7056092146677, 2768.832006351289, 2716.1608305167074, 2703.304270499723, 2601.904099532088, 2516.1213725045945, 2478.562859633609, 2477.626086059411, 2426.386579924013, 2384.7352968614114, 2366.8697918170337, 2366.711484501798, 2339.775677509467, 2316.3951292403867, 2305.628857019777, 2305.4954335579373, 2288.596407357294, 2272.8443492546103, 2265.53362563778, 2265.4376126629118, 2254.297578365773, 2244.033979177889, 2238.7309335785085, 2238.6673730670586, 2230.9994477985624, 2222.92607124837, 2218.7706671867772, 2218.728315857128]
train_rres [0.9999999976629591, 0.9994300431391956, 0.9924078145394291, 0.9670618671773081, 0.7807071704370763, 0.39258870369009813, 0.2577082527398383, 0.221213316212093, 0.20950686542188282, 0.17953807538471794, 0.1587170369948153, 0.15013585154702497, 0.14344764384287062, 0.1301719149371849, 0.12243892978899826, 0.1201097879757278, 0.11954126541977758, 0.11505730670172615, 0.11126395800179226, 0.10960310457701199, 0.10956168005085211, 0.10729584728102567, 0.10545400981641045, 0.10466398957944559, 0.10465698916258724, 0.10346587631298895, 0.10243197851731928, 0.10195588937739145, 0.10194998933512128, 0.10120270720397835, 0.10050614449029883, 0.10018286118037806, 0.10017861544576441, 0.09968599838773212, 0.0992321376632587, 0.09899763472977594, 0.09899482405690704, 0.0986557451379177, 0.09829873699068388, 0.09811498325446037, 0.09811311046063775]
test_mses [22614.471529869315, 22617.204097655896, 22525.728254515256, 21965.002626100308, 17727.30697753798, 8911.276598027838, 5857.432122565489, 5025.793018695699, 4759.694737569621, 4077.862659083514, 3606.685698977397, 3411.761799375849, 3259.011086456241, 2957.918348220232, 2783.649001839994, 2730.5123852616985, 2717.0240671433894, 2614.974927544367, 2529.383371539778, 2491.3143906151904, 2490.318741263886, 2438.7313207763173, 2397.135162952897, 2378.982528182705, 2378.8182936211256, 2351.661078779284, 2328.281973157668, 2317.2304248312807, 2317.0992004853447, 2300.1166844192835, 2284.3174797222205, 2276.7622492592004, 2276.670283490898, 2265.506255523568, 2255.1739620444564, 2249.68113458821, 2249.620486860675, 2241.951932875858, 2233.7972285635888, 2229.500969372902, 2229.459803265492]
test_rres [0.9999999994115928, 1.0001208321173831, 0.9960758185973461, 0.9712808271537299, 0.7838921614282599, 0.3940519494790898, 0.25901255801544626, 0.22223791562409015, 0.2104711900290198, 0.1803209352603269, 0.15948573868248334, 0.15086630668605588, 0.1441117507536754, 0.1307975887286571, 0.12309149017811079, 0.12074181702847091, 0.12014537071786148, 0.11563281160702003, 0.11184799815952576, 0.11016460790864566, 0.1101205808196463, 0.10783941230376579, 0.10600005215139592, 0.10519735221938403, 0.10519008985372291, 0.10398921214185629, 0.10295540042633686, 0.10246670679026018, 0.10246090411891826, 0.10170994621863579, 0.10101131372276256, 0.10067722541790894, 0.10067315874015674, 0.10017949131370305, 0.09972260274748627, 0.09947971281544611, 0.0994770310049329, 0.09913793159373611, 0.09877733487155757, 0.09858735655689813, 0.09858553621334813]
step_times_seconds [0.5111889839172363, 2.8266279697418213, 5.726273059844971, 8.198485612869263, 8.180629014968872, 9.792906999588013, 9.478150844573975, 8.460792064666748, 9.901632070541382, 7.949109077453613, 8.124561071395874, 7.112446069717407, 7.1418702602386475, 8.51001501083374, 7.5149219036102295, 6.356950998306274, 4.866112947463989, 6.612126350402832, 7.748749732971191, 7.041161060333252, 2.661536931991577, 5.926058053970337, 6.025933742523193, 5.9118101596832275, 1.2549166679382324, 5.174714088439941, 5.29783296585083, 6.2521889209747314, 1.2512810230255127, 5.067780256271362, 5.244287967681885, 4.131049871444702, 1.2419381141662598, 4.568509101867676, 4.794362783432007, 4.190192222595215, 1.2940430641174316, 5.717297792434692, 4.92082405090332, 4.130787134170532, 1.30289888381958]
