date 2025-01-27T09:10:31.779173
sample_ratio 0.8
rank 16
seed 0
l2_regularization_strength 0
input_shape (256, 256, 14, 20)
input_size 18350080
num_train_samples 14680064
num_test_samples 18350080
num_iterations 10
max_num_richardson_iterations 1024
num_richardson_iterations [2, 2, 2, 3, 3, 3, 3, 2, 3, 2, 2, 2, 2, 2, 2, 2, 2, 2, 2, 2, 2, 2, 2, 2, 2, 2, 2, 2, 2, 2, 2, 2, 2, 2, 2, 2, 2, 2, 2, 2]
train_mses [22608.855517371467, 22604.927891127376, 22287.072298739156, 20251.756239499744, 10765.411617922971, 5941.5762603005205, 4067.1907785287003, 3440.512420603933, 3416.548233304405, 2957.234758397953, 2684.2351944741686, 2626.716303168014, 2624.0288402099695, 2574.781573317414, 2520.7687543009743, 2498.898575348679, 2498.7409388481997, 2475.0600090978564, 2448.7728816806734, 2436.5193672459986, 2436.4995916578055, 2421.5958196309693, 2404.0877476572205, 2395.7983813166716, 2395.7894223052685, 2384.202681525014, 2370.475124026842, 2364.057533633824, 2364.0509121397267, 2354.1493643310678, 2342.511478138739, 2337.1544038801176, 2337.148982556047, 2328.349537064944, 2318.0807831743846, 2313.3469007105073, 2313.3423931465136, 2305.3557774393066, 2296.0143280019, 2291.616282783242, 2291.61246698247]
train_rres [0.9999999991918223, 0.9998262784903077, 0.9857673805559514, 0.895744422249606, 0.4761590696597191, 0.26279862998520526, 0.17989370457592024, 0.15217543476182938, 0.15111548781928077, 0.13079984317365365, 0.11872494785250863, 0.11618086103593028, 0.11606199332262178, 0.11388376422938369, 0.11149475259050232, 0.11052742459294773, 0.1105204522585794, 0.10947303392672225, 0.10831034228247954, 0.10776836374600048, 0.10776748906270826, 0.10710828842323582, 0.10633389840839641, 0.10596725595152899, 0.10596685969036536, 0.1054543728569656, 0.1048471967229711, 0.10456334377062239, 0.10456305089891613, 0.10412510091984492, 0.10361035190152415, 0.10337340606186517, 0.103373166274227, 0.10298396278370839, 0.10252977111202603, 0.10232038932990024, 0.10232018995828734, 0.10196693830012112, 0.1015537617276635, 0.10135923418018439, 0.10135906540557456]
test_mses [22614.471529869315, 22612.4359608319, 22301.014775972573, 20265.603303424417, 10772.501488367183, 5947.253170464721, 4070.6227680197526, 3441.9314734309373, 3417.870784184515, 2958.0851264276935, 2685.201996897121, 2627.932281202923, 2625.2028861722365, 2575.840258187941, 2521.923030396173, 2500.147223397927, 2499.9732279124282, 2476.1841776091646, 2449.9628333567166, 2437.7531223794085, 2437.728342042054, 2422.732335734121, 2405.2568159536613, 2396.9828882748284, 2396.9727497946733, 2385.3175514485065, 2371.596870151495, 2365.171981485007, 2365.165254565242, 2355.2221551125685, 2343.574665559506, 2338.190874509494, 2338.185446234189, 2329.369781224327, 2319.0818864397556, 2314.3056317264563, 2314.30090402481, 2306.319941886897, 2296.9542980931033, 2292.502712428133, 2292.498411518554]
test_rres [0.9999999994115928, 0.9999099876227464, 0.986139107137445, 0.8961342857264241, 0.4763543321275576, 0.2629843973629961, 0.180000791097332, 0.15220039375492628, 0.15113644277112878, 0.13080496357299704, 0.11873821556123915, 0.11620577894936178, 0.11608508654116308, 0.11390229717595275, 0.11151810581031203, 0.11055519111400036, 0.1105474971254335, 0.10949555787238285, 0.1083360638642038, 0.1077961568867625, 0.10779506111331906, 0.10713194562643705, 0.10635918736201792, 0.10599331864547348, 0.10599287032723019, 0.10547748360577111, 0.10487076231799679, 0.1045866571310053, 0.10458635967016247, 0.10414668105845183, 0.10363163521575658, 0.10339356681607131, 0.10339332678060134, 0.10300350272510526, 0.10254857744573581, 0.10233737398231725, 0.10233716492584483, 0.10198425099094809, 0.10157010716380126, 0.1013732603944009, 0.10137307021044853]
step_times_seconds [0.581139087677002, 1.4661850929260254, 1.518090009689331, 1.6826081275939941, 2.3109869956970215, 2.1173276901245117, 2.176880121231079, 2.3329319953918457, 1.4487929344177246, 2.0973868370056152, 1.362637996673584, 1.471045970916748, 1.4295730590820312, 1.3468189239501953, 1.3574779033660889, 1.485426902770996, 1.446012020111084, 1.347782850265503, 1.3712329864501953, 1.4777231216430664, 1.4327671527862549, 1.3925819396972656, 1.3870859146118164, 1.4708597660064697, 1.4488630294799805, 1.3540689945220947, 1.3718657493591309, 1.48984694480896, 1.4316368103027344, 1.3524999618530273, 1.3803820610046387, 1.46586275100708, 1.4433648586273193, 1.3466598987579346, 1.3904809951782227, 1.4615120887756348, 1.4197638034820557, 1.3314540386199951, 1.374783992767334, 1.4925501346588135, 1.4348838329315186]
