date 2025-01-26T23:42:30.059438
sample_ratio 0.7
rank 16
seed 0
l2_regularization_strength 0
input_shape (256, 256, 14, 20)
input_size 18350080
num_train_samples 12845056
num_test_samples 18350080
num_iterations 10
max_num_richardson_iterations 1024
num_richardson_iterations [2, 3, 3, 4, 4, 4, 4, 2, 4, 3, 3, 2, 3, 3, 3, 2, 3, 3, 2, 2, 2, 2, 2, 2, 2, 2, 2, 2, 2, 2, 2, 2, 2, 2, 2, 2, 2, 2, 2, 2]
train_mses [22612.898303582333, 22608.45906282035, 22312.754804630793, 20563.811034495146, 11683.016991741446, 6245.484111493027, 4229.855561229384, 3675.6868301047284, 3646.5624893578156, 3179.2525761174675, 2887.771822157894, 2802.661004954542, 2796.1453451257757, 2699.2926400255374, 2597.113666041565, 2558.2478100371272, 2557.3077371164422, 2513.5664085336584, 2472.267768570323, 2456.4813509682594, 2456.3640112447533, 2437.9079746229677, 2424.330873163823, 2415.6382347482945, 2415.6201160028945, 2404.61686061109, 2392.6988372466394, 2386.006609507372, 2385.9992635421586, 2377.24312023284, 2367.4691351122183, 2361.9114405517957, 2361.9056264516958, 2354.4891555089016, 2346.363399742191, 2341.6261739765346, 2341.6209522692484, 2335.2356253827434, 2328.381580977104, 2324.2935922594706, 2324.288912300458]
train_rres [0.9999999993521401, 0.9998036848107883, 0.9867268888146227, 0.9093841375439681, 0.5166527893649823, 0.2761912260693013, 0.18705499408799522, 0.16254824031738985, 0.16126028773665277, 0.1405946522809993, 0.1277046304068657, 0.12394081313737715, 0.12365267405245882, 0.119369600572128, 0.11485098590602005, 0.11313223869115725, 0.11309066627052122, 0.11115631323150738, 0.10932998210923646, 0.1086318664860244, 0.1086266774243723, 0.10781050444371086, 0.1072100904115035, 0.10682567978473659, 0.10682487852763345, 0.10633828652881246, 0.10581124115865566, 0.10551529379069394, 0.10551496893338859, 0.10512774995835526, 0.10469551942412335, 0.10444974400505902, 0.10444948689073347, 0.10412151164234107, 0.10376217001119073, 0.10355267781346403, 0.10355244689625862, 0.10327007146624324, 0.10296696815285182, 0.10278618687218169, 0.10278597991246574]
test_mses [22614.471529869315, 22612.85367861111, 22329.92078287651, 20579.21271939639, 11688.90951270033, 6251.372625493787, 4234.86470299817, 3678.723312920797, 3649.595902640115, 3181.480606436346, 2890.4407791783883, 2805.5593139532252, 2799.088142134298, 2701.6714111229244, 2599.4537012162014, 2560.639227035947, 2559.703963473199, 2515.6005693897096, 2474.2826100071775, 2458.4616323185905, 2458.3430557076267, 2439.776022940301, 2426.1708401897813, 2417.4369349968806, 2417.4182349051007, 2406.3600139834584, 2394.4004684550714, 2387.6666844997544, 2387.659163015629, 2378.8771747101723, 2369.054326383435, 2363.4576133630158, 2363.45187621735, 2356.0282677450414, 2347.8512267744413, 2343.0789429028937, 2343.0739494573436, 2336.6945057136727, 2329.7901220602275, 2325.6716435873595, 2325.6672761812956]
test_rres [0.9999999994115928, 0.9999284588825508, 0.9874173155116158, 0.9100019286369924, 0.5168774114568061, 0.27643239920767493, 0.18726348280626032, 0.16267120396323798, 0.16138320524856223, 0.1406833938331136, 0.1278137662275204, 0.12406035261964074, 0.12377420081606787, 0.11946648436886351, 0.11494647116795506, 0.11323011559863967, 0.1131887587373501, 0.11123852992040487, 0.10941147155631058, 0.10871187627023982, 0.1087066328750653, 0.10788560848226102, 0.10728399447927428, 0.10689778579974685, 0.1068969588915547, 0.10640797019683639, 0.10587912540355639, 0.10558136102986934, 0.10558102843380975, 0.10519269354441425, 0.10475833237404672, 0.10451084867716995, 0.1045105949836156, 0.10418232693374604, 0.10382074249632119, 0.10360971462142983, 0.10360949381390219, 0.10332739817742043, 0.1030220899750924, 0.10283997302997587, 0.10283977990558402]
step_times_seconds [0.5527222156524658, 1.4167578220367432, 2.576295852661133, 2.99334716796875, 3.495382070541382, 2.9688148498535156, 2.8230090141296387, 3.037581205368042, 1.4287030696868896, 2.834014892578125, 2.1005187034606934, 2.427927017211914, 1.5748698711395264, 2.049891710281372, 2.097078800201416, 2.7489399909973145, 1.9897410869598389, 2.200788974761963, 2.175880193710327, 1.5442380905151367, 1.3817741870880127, 1.324906349182129, 1.3251299858093262, 1.4410231113433838, 1.4788100719451904, 1.3351941108703613, 1.3358919620513916, 1.4190137386322021, 1.801516056060791, 1.3623571395874023, 1.5336940288543701, 1.7606770992279053, 1.8889338970184326, 1.3210859298706055, 1.3406198024749756, 1.4014430046081543, 1.3742179870605469, 1.3829638957977295, 1.3934531211853027, 1.4437460899353027, 1.37713623046875]
