date 2025-01-26T23:42:30.059438
sample_ratio 0.5
rank 16
seed 0
l2_regularization_strength 0
input_shape (256, 256, 14, 20)
input_size 18350080
num_train_samples 9175040
num_test_samples 18350080
num_iterations 10
max_num_richardson_iterations 1024
num_richardson_iterations [2, 2, 2, 3, 4, 3, 3, 2, 2, 3, 2, 2, 2, 2, 2, 2, 2, 2, 2, 2, 2, 2, 2, 2, 2, 2, 2, 2, 2, 2, 2, 2, 2, 2, 2, 2, 2, 2, 2, 2]
train_mses [22610.854759402322, 22605.191695813653, 22436.04810484338, 21553.32444025665, 15029.97291168198, 7718.735694559763, 5653.757383124496, 4598.570609477344, 4309.582469778931, 3900.222684675584, 3386.67968966523, 3270.464768867912, 3172.936039259734, 3025.8189754593386, 2963.85722933265, 2916.166591930688, 2881.736636145416, 2816.140082863326, 2766.118809201607, 2732.5845368532464, 2720.6386408606386, 2685.4428928033926, 2651.6530827117654, 2631.742118270517, 2628.284100516347, 2606.3145995546315, 2582.2498282503275, 2569.0445826442956, 2568.032225051524, 2552.252822114471, 2534.0870894663904, 2524.388104058415, 2524.0840733046166, 2511.5971178919967, 2497.206759222342, 2489.4295922283127, 2489.3305714469775, 2478.923931537713, 2467.1294065767556, 2460.4931297937756, 2460.454284639127]
train_rres [0.9999999981090242, 0.9997495403692255, 0.9922689036374321, 0.9532290852709701, 0.6647237817053652, 0.341373015841169, 0.25004615847538286, 0.2033788925590849, 0.19059794543315758, 0.17249337624790673, 0.14978114358338487, 0.14464135909428977, 0.14032800029111592, 0.13382152076667314, 0.13108116677878356, 0.12897197463106305, 0.1274492566229856, 0.12454814767084518, 0.12233587953240474, 0.12085277450865489, 0.12032444879531357, 0.11876786244043214, 0.11727345586503805, 0.11639286268908491, 0.11623992650934171, 0.11526829137418453, 0.11420398966976571, 0.11361996727337356, 0.11357519419417646, 0.1128773257113119, 0.11207391810876756, 0.11164496548876095, 0.1116315192587772, 0.11107926435634745, 0.11044282850305628, 0.11009887127268714, 0.1100944919255903, 0.1096342421915435, 0.10911261109602953, 0.10881911149855537, 0.10881739351155362]
test_mses [22614.471529869315, 22613.61443285438, 22460.553225313688, 21589.552887689104, 15064.576084607192, 7735.029392152426, 5668.951409546875, 4609.727033856058, 4319.169052452678, 3909.1638704535253, 3395.3382088205585, 3278.629046318616, 3180.7218640498513, 3032.9038125523894, 2971.168903190917, 2923.371630032453, 2888.598879076831, 2822.681096259886, 2772.7296734702572, 2739.033231496995, 2726.912395887514, 2691.442221546127, 2657.6689411682382, 2637.634141151267, 2634.123832687511, 2611.922787044544, 2587.895190919099, 2574.6057513880087, 2573.584043616047, 2557.601446999897, 2539.491156878451, 2529.7244170204, 2529.4210448342883, 2516.7495647341716, 2502.4268309019026, 2494.5865505953157, 2494.488773233774, 2483.9139238551384, 2472.1948164070545, 2465.4960159526026, 2465.457015307233]
test_rres [0.9999999994115928, 0.9999620990338061, 0.9931938131931015, 0.95467863781252, 0.666147606228415, 0.34203891863599867, 0.25067804033022134, 0.20383969729538495, 0.1909913766592541, 0.17286116383441022, 0.15014006417696457, 0.1449792465881423, 0.14064984264510347, 0.1341134063982849, 0.13138352127832498, 0.12926995107761485, 0.1277323183768359, 0.12481746879960418, 0.12260864323875652, 0.12111860435330529, 0.1205826273977377, 0.11901415500280833, 0.11752071836364529, 0.11663479007747153, 0.11647956608928087, 0.11549784756446012, 0.11443535994101198, 0.11384770793659887, 0.11380252855798677, 0.11309578656821107, 0.11229495909422524, 0.11186307901073958, 0.11184966405273215, 0.11128933788831465, 0.11065599415508065, 0.11030930109653987, 0.11030497743320088, 0.10983736317308228, 0.10931915042485556, 0.10902293300311912, 0.10902120841515804]
step_times_seconds [0.5329747200012207, 1.3815808296203613, 1.3600552082061768, 1.5506539344787598, 2.3578648567199707, 2.653337240219116, 2.0048210620880127, 2.126091957092285, 1.4091689586639404, 1.2468481063842773, 2.012253999710083, 1.3838720321655273, 1.489314079284668, 1.3838419914245605, 1.8021419048309326, 1.6929543018341064, 2.0200917720794678, 1.2775542736053467, 1.262969970703125, 1.3918280601501465, 1.3143360614776611, 1.278136968612671, 1.3541340827941895, 1.4054241180419922, 1.308171033859253, 1.2817468643188477, 1.2760391235351562, 1.4021680355072021, 1.3827850818634033, 1.264233112335205, 1.2609310150146484, 1.3491950035095215, 1.3825838565826416, 1.3309738636016846, 1.4750070571899414, 1.6724269390106201, 1.7804911136627197, 1.329408884048462, 1.3030548095703125, 1.360565185546875, 1.3086059093475342]
