date 2025-01-26T23:42:30.059438
sample_ratio 0.2
rank 16
seed 0
l2_regularization_strength 0
input_shape (256, 256, 14, 20)
input_size 18350080
num_train_samples 3670016
num_test_samples 18350080
num_iterations 10
max_num_richardson_iterations 1024
num_richardson_iterations [2, 2, 2, 4, 4, 4, 4, 4, 4, 4, 4, 4, 4, 4, 4, 2, 4, 4, 2, 2, 2, 2, 2, 2, 2, 2, 2, 2, 2, 2, 2, 2, 2, 2, 2, 2, 2, 2, 2, 2]
train_mses [22637.914002313733, 22629.631522325664, 22572.596713627725, 22450.749856403396, 19830.78132903536, 12756.009100294517, 8828.033720585445, 5997.657142444301, 5537.270644500466, 4767.922799177007, 3931.8136592745795, 3640.5686868720513, 3509.7600799007937, 3103.5481508691337, 2794.62049410064, 2670.0460474223687, 2668.7790213655035, 2588.016609545797, 2512.1175588568394, 2497.5181787017636, 2496.4747557300784, 2488.3186192014646, 2487.7462430118067, 2477.6602525867024, 2476.9653479039703, 2471.0178341291744, 2469.5858559076228, 2462.1674656884925, 2461.706344332443, 2457.0234877566245, 2454.902662585851, 2449.156420014476, 2448.850610001386, 2444.9573742284397, 2442.39238405918, 2437.74772068901, 2437.5445048457227, 2434.1816992509907, 2431.376155390279, 2427.488298486928, 2427.352751496282]
train_rres [0.9999999986292428, 0.9996341309978054, 0.9971146935348868, 0.9917322692954073, 0.8759986145289425, 0.5634798807657537, 0.3899667481545374, 0.2649385952084619, 0.24460162876951783, 0.21061670223475676, 0.17368268354951621, 0.1608173209558808, 0.15503902323911323, 0.13709514694232522, 0.12344867508482746, 0.11794576317806885, 0.11788979397282322, 0.11432222093138723, 0.11096948045462945, 0.11032457208835635, 0.11027848025453506, 0.10991819367881081, 0.10989290971542025, 0.10944737438870031, 0.10941667789070546, 0.10915395431263923, 0.10909069856303959, 0.10876300095767703, 0.10874263152985034, 0.10853577251585633, 0.10844208786065138, 0.10818825517258168, 0.10817474641852244, 0.10800276786222915, 0.10788946280393263, 0.1076842909244331, 0.1076753141325349, 0.10752676662989048, 0.10740283542949017, 0.10723109447766818, 0.10722510686810105]
test_mses [22614.471529869315, 22614.319270029704, 22588.001004410078, 22493.995992137334, 19967.36140569918, 12818.748525518, 8877.531687619332, 6019.855816569508, 5558.25907244981, 4789.592296690375, 3958.9639557527535, 3664.108949575481, 3532.980668838168, 3127.2114391633436, 2817.2724346411533, 2692.0692602329, 2690.793244931694, 2608.91632817012, 2533.110340745068, 2518.536657881266, 2517.467346280841, 2509.204430539178, 2508.631338708784, 2498.577694579508, 2497.865947855093, 2491.8154447564975, 2490.383798013332, 2482.9997075514825, 2482.5267571797813, 2477.746123832652, 2475.6260311624974, 2469.914206294906, 2469.599919216755, 2465.614126694635, 2463.0498234870106, 2458.438999051554, 2458.2298267417095, 2454.7792234561853, 2451.9741337176183, 2448.1193079173772, 2447.979806416747]
test_rres [0.9999999994115928, 0.9999932665618191, 0.9988294867419203, 0.9946726346972785, 0.8829461863646577, 0.5668382964883475, 0.3925597673450046, 0.2661948480678102, 0.2457832835862608, 0.2117932443190647, 0.17506329733127965, 0.1620249645268039, 0.15622654113729598, 0.13828363988929973, 0.12457830063649204, 0.11904188232270506, 0.11898545759932519, 0.11536490353927324, 0.11201280277139448, 0.11136836220438952, 0.11132107780959907, 0.11095569603510623, 0.11093035421673565, 0.11048578737775021, 0.11045431431312185, 0.11018676425841269, 0.11012345759478219, 0.109796937010485, 0.1097760233945821, 0.10956462631028577, 0.10947087693099532, 0.10921830304897086, 0.10920440544019629, 0.10902815579781529, 0.10891476366292818, 0.10871087543911302, 0.10870162594993327, 0.1085490420932229, 0.1084250025049791, 0.10825454414194013, 0.10824837545918475]
step_times_seconds [0.5167617797851562, 1.3444769382476807, 1.3222160339355469, 1.4426250457763672, 2.6368470191955566, 3.3993279933929443, 2.968971014022827, 2.864222764968872, 2.638725757598877, 2.3944592475891113, 2.4920570850372314, 2.7206950187683105, 2.597191095352173, 2.426642894744873, 2.514240026473999, 2.772688865661621, 1.2079391479492188, 2.4202208518981934, 3.288784980773926, 1.542996883392334, 1.7464487552642822, 1.1265869140625, 1.1873447895050049, 1.336911916732788, 1.2255558967590332, 1.1347699165344238, 1.1613619327545166, 1.272029161453247, 1.2660531997680664, 1.140259027481079, 1.156615972518921, 1.2450129985809326, 1.2269868850708008, 1.191042184829712, 1.2280170917510986, 1.2305290699005127, 1.2182211875915527, 1.1347670555114746, 1.1709339618682861, 1.5346689224243164, 1.7712230682373047]
