date 2025-01-26T23:42:30.059438
sample_ratio 0.2
rank 16
seed 0
l2_regularization_strength 0
input_shape (256, 256, 14, 20)
input_size 18350080
num_train_samples 3670016
num_test_samples 18350080
num_iterations 10
max_num_richardson_iterations 1024
num_richardson_iterations [2, 5, 6, 11, 15, 14, 13, 10, 12, 12, 10, 8, 11, 10, 9, 5, 8, 8, 7, 2, 6, 6, 5, 2, 5, 5, 4, 2, 4, 4, 3, 2, 3, 4, 3, 2, 3, 3, 3, 2]
train_mses [22637.914002313733, 22629.631522325664, 22498.64568049932, 22236.369359764223, 19366.648468868847, 11201.011194801275, 7295.169704150191, 5639.331080464855, 5147.76018211086, 4465.630214484333, 3717.249798172391, 3420.7352716004957, 3328.653183473941, 3035.774975016068, 2779.090545692851, 2655.149147188932, 2637.0096608481795, 2560.950176284058, 2490.105187228971, 2448.852355189147, 2447.0711136624814, 2417.97355802449, 2387.016324946172, 2370.9108308620116, 2369.612147848648, 2355.1733666242712, 2338.0622695168213, 2328.71202270041, 2327.813879410138, 2319.021784247578, 2308.655405292481, 2303.196382264497, 2302.5894591764104, 2297.1289292655015, 2289.7070681522273, 2284.6968412293704, 2284.290168198634, 2278.677621391141, 2273.7801877879833, 2269.871487266203, 2269.6002795370337]
train_rres [0.9999999986292428, 0.9996341309978054, 0.9938480041650324, 0.9822622935580934, 0.8554961574791073, 0.4947898988529861, 0.3222545016031369, 0.24911001394202345, 0.2273955177375618, 0.19726332593659573, 0.16420460792884975, 0.15110646972869843, 0.14703886491356746, 0.13410135627092157, 0.12276266009312309, 0.11728771225467131, 0.11648642436595356, 0.11312659693432323, 0.10999711296549397, 0.10817482350989042, 0.1080961395143579, 0.10681079336474661, 0.10544329841654955, 0.10473185945355862, 0.10467449184400543, 0.10403667772371551, 0.10328081757325086, 0.10286778275022616, 0.10282810845475222, 0.1024397292450066, 0.10198180812472019, 0.10174066298122582, 0.10171385295415385, 0.10147264124609341, 0.10114479031855908, 0.10092347015118514, 0.10090550590632859, 0.10065757905232492, 0.10044124138110909, 0.10026857968992929, 0.10025659944613254]
test_mses [22614.471529869315, 22614.319270029704, 22573.063019632707, 22365.47773804527, 19498.882058679566, 11255.69382772628, 7339.513274212356, 5666.654551671914, 5172.164496956834, 4488.367901866834, 3743.038857659664, 3443.8120661585776, 3351.4830171546896, 3058.3340979064465, 2799.462612114855, 2674.9111956341953, 2657.0700732264672, 2581.205856576883, 2509.244023700266, 2467.7721016280243, 2466.0188861012502, 2436.997028547237, 2405.4445765431533, 2389.2030990825237, 2387.9119989689834, 2373.5097883809826, 2356.0710107683294, 2346.6343364274057, 2345.7336095380924, 2336.9493992597386, 2326.41555025259, 2320.9088552059798, 2320.295301586145, 2314.8330498756086, 2307.30481213684, 2302.252716737739, 2301.8374518529554, 2296.2150786313528, 2291.2757272413473, 2287.3333170742676, 2287.053695053061]
test_rres [0.9999999994115928, 0.9999932665618191, 0.9981689369365069, 0.9889896253089451, 0.8622302768142096, 0.4977208424365242, 0.3245494045792609, 0.2505764744868376, 0.22871038516562603, 0.19847326050920913, 0.16551520341801518, 0.1522835525731215, 0.14820081073997224, 0.1352379201993483, 0.1237907596810337, 0.11828316175893039, 0.11749423673922937, 0.11413956110576416, 0.11095744682379978, 0.10912358031079888, 0.10904605404522039, 0.10776272281642715, 0.10636749003622076, 0.10564930047209051, 0.1055922087062681, 0.10495535055282844, 0.10418421700768418, 0.10376693224721975, 0.10372710257940755, 0.10333866943554287, 0.10287286819021917, 0.1026293650406498, 0.10260223402329822, 0.10236069613460125, 0.10202780143377238, 0.10180440044076419, 0.10178603764665729, 0.10153741926922281, 0.10131900375681187, 0.10114467245928176, 0.10113230772103558]
step_times_seconds [0.49015212059020996, 1.3556201457977295, 3.631810188293457, 4.357928037643433, 11.776124238967896, 9.766909837722778, 9.487600803375244, 9.266674041748047, 6.898383140563965, 9.035372018814087, 8.173476934432983, 6.944929838180542, 5.876742362976074, 7.033472061157227, 8.10873818397522, 6.5481531620025635, 3.339980125427246, 5.212301969528198, 5.188029050827026, 4.863400936126709, 1.3272991180419922, 4.569500923156738, 4.40166711807251, 3.62117338180542, 1.2891640663146973, 3.134758710861206, 3.4642128944396973, 2.7379322052001953, 1.294097900390625, 2.5355210304260254, 2.767040967941284, 1.9551479816436768, 1.2913501262664795, 1.818601131439209, 2.7251038551330566, 2.438178062438965, 1.7463738918304443, 1.7915339469909668, 1.9129867553710938, 1.9933466911315918, 1.492460012435913]
