date 2025-01-27T09:10:31.779173
sample_ratio 0.5
rank 16
seed 0
l2_regularization_strength 0
input_shape (256, 256, 14, 20)
input_size 18350080
num_train_samples 9175040
num_test_samples 18350080
num_iterations 10
max_num_richardson_iterations 1024
num_richardson_iterations [2, 2, 4, 4, 4, 4, 4, 4, 4, 4, 3, 2, 3, 3, 2, 2, 3, 2, 2, 2, 2, 2, 2, 2, 2, 2, 2, 2, 2, 2, 2, 2, 2, 2, 2, 2, 2, 2, 2, 2]
train_mses [22610.854759402322, 22605.191695813653, 22436.04810484338, 21260.1888696935, 14388.1801331269, 7244.056987188613, 4769.455526034764, 4009.539883545655, 3797.629884892935, 3346.7046107636347, 2927.718399828664, 2858.336597833872, 2848.1464645582455, 2742.1869226728777, 2667.4529005289946, 2645.275803348094, 2639.59878141855, 2602.9053384405006, 2580.846781555228, 2563.441834220669, 2561.6658244776754, 2556.084043703651, 2541.0869322084222, 2530.7090630268412, 2530.207058871939, 2522.0743846106247, 2509.4745347203493, 2501.4427166218757, 2501.2962188517554, 2492.937118943227, 2481.702952056093, 2474.7276668346713, 2474.680925844034, 2466.717112327499, 2456.4034990164782, 2449.963819209462, 2449.945280340715, 2442.4647627211107, 2432.831729259737, 2426.6991849946357, 2426.6886998799205]
train_rres [0.9999999981090242, 0.9997495403692255, 0.9922689036374321, 0.9402647116049572, 0.6363395041461726, 0.32037961636447926, 0.2109365421062884, 0.177328098323944, 0.16795605111445563, 0.14801318393518184, 0.12948287118933352, 0.1264143537625546, 0.12596367936900388, 0.1212774548625668, 0.11797222722753074, 0.1169914108287282, 0.11674033575973074, 0.11511751153220326, 0.1141419377611857, 0.11337217706496924, 0.11329363028916031, 0.11304676740746636, 0.11238349697269284, 0.11192451966854465, 0.11190231775891786, 0.11154263767019615, 0.11098538983500715, 0.11063017026596607, 0.11062369117566179, 0.11025399706273818, 0.10975714866910466, 0.1094486558994834, 0.10944658870693158, 0.1090943767456317, 0.1086382412566702, 0.10835343646430996, 0.10835261655418672, 0.10802177910089017, 0.10759574330765455, 0.10732452205933111, 0.10732405833892748]
test_mses [22614.471529869315, 22613.61443285438, 22460.553225313688, 21306.272921085776, 14413.737414086696, 7255.87427624207, 4780.070488516517, 4017.1921602075995, 3804.433833704322, 3352.1474521634236, 2933.3996702252625, 2863.9027170780473, 2853.528806485938, 2746.8537998489755, 2672.5199590001566, 2650.163227723032, 2644.473590375094, 2607.2442082640105, 2585.4061153892226, 2567.812938570174, 2566.0486074097344, 2560.3662105068966, 2545.5451961434437, 2535.0278629705513, 2534.534165282842, 2526.291663550554, 2513.8533912206562, 2505.7100473521787, 2505.56755368264, 2497.111026014939, 2486.0292854324025, 2478.960517223303, 2478.91458180668, 2470.8718539792794, 2460.7028629391775, 2454.1823979924375, 2454.162725940305, 2446.622713941316, 2437.126547780999, 2430.9220740240476, 2430.9094613770144]
test_rres [0.9999999994115928, 0.9999620990338061, 0.9931938131931015, 0.9421521471508885, 0.637367863607505, 0.32085093221785277, 0.21137219498542542, 0.1776381178104439, 0.16823005686605805, 0.14823019170549537, 0.12971338572403865, 0.12664026712321128, 0.12618153827021536, 0.12146442575961361, 0.11817742253661546, 0.11718881967519369, 0.11693722691358194, 0.11529096327925359, 0.11432529433434394, 0.11354733333775559, 0.11346931554472109, 0.11321804295177153, 0.11256266551634678, 0.11209759459249995, 0.11207576354122967, 0.11171128446346076, 0.1111612706235994, 0.11080117625425141, 0.11079487525936563, 0.11042093206765513, 0.1099309033459413, 0.10961832614529332, 0.10961629490540627, 0.1092606497243086, 0.1088109823057847, 0.10852265078610754, 0.10852178089834141, 0.10818836554593782, 0.10776845008860836, 0.10749409153262328, 0.10749353380802604]
step_times_seconds [0.5256719589233398, 1.4667410850524902, 1.8785090446472168, 3.6122329235076904, 3.9242730140686035, 2.6585168838500977, 2.7237181663513184, 3.028337240219116, 2.898118019104004, 2.727020025253296, 2.8650949001312256, 2.1704909801483154, 1.3948519229888916, 1.9836783409118652, 2.2528159618377686, 1.42006516456604, 1.3841540813446045, 2.0011470317840576, 1.3366448879241943, 1.3636322021484375, 1.4049339294433594, 1.2519853115081787, 1.3357040882110596, 1.3856418132781982, 1.3720569610595703, 1.2398931980133057, 1.3087010383605957, 1.374305009841919, 1.3665730953216553, 1.2400529384613037, 1.303529977798462, 1.3863019943237305, 1.3650407791137695, 1.2271308898925781, 1.3168768882751465, 1.3627188205718994, 1.376512050628662, 1.231539249420166, 1.3182830810546875, 1.3692998886108398, 1.373777151107788]
