date 2025-01-26T23:42:30.059438
sample_ratio 0.3
rank 16
seed 0
l2_regularization_strength 0
input_shape (256, 256, 14, 20)
input_size 18350080
num_train_samples 5505024
num_test_samples 18350080
num_iterations 10
max_num_richardson_iterations 1024
num_richardson_iterations [2, 4, 6, 9, 11, 10, 9, 7, 9, 8, 7, 7, 8, 7, 6, 3, 6, 6, 5, 3, 6, 6, 5, 2, 5, 5, 4, 2, 4, 4, 4, 2, 4, 4, 3, 2, 4, 4, 3, 2]
train_mses [22613.98400534867, 22606.528825805246, 22460.846878609897, 21889.493089525735, 17720.150649081166, 8981.084788627846, 5940.455935141372, 5067.018690649892, 4792.10121023205, 4116.2315813941805, 3653.5198177718253, 3471.120073193998, 3325.275009753226, 3011.63052330331, 2839.529748163732, 2786.0473307351954, 2778.7099791611877, 2692.5453670664106, 2622.771230472252, 2592.9129240065013, 2586.8841167761675, 2537.87095830817, 2496.176032460862, 2475.931084654818, 2474.1015759094444, 2445.1624675469893, 2423.161755879789, 2411.9745417157474, 2410.66289959551, 2393.8092091380536, 2381.2194244633674, 2372.7571038099522, 2371.9418060848698, 2359.380398260875, 2348.1027986615836, 2341.9079862666617, 2341.4161971528115, 2331.9334941086327, 2323.006093224944, 2316.848910016849, 2316.5600194000035]
train_rres [0.9999999976629591, 0.9996703264504812, 0.9932282087404648, 0.9679627010080037, 0.7835926037392293, 0.39714739187550824, 0.2626894898242275, 0.22406572312112755, 0.21190875512688448, 0.18202151247656342, 0.16156020135015872, 0.15349440701208852, 0.1470450762322741, 0.13317558354833425, 0.12556521402226287, 0.1232001987604277, 0.12287573795090716, 0.11906550213076034, 0.11598006011335239, 0.11465971309316753, 0.11439311667146589, 0.1122257339430683, 0.11038196657593816, 0.10948672636731578, 0.10940582471192127, 0.10812612502309252, 0.10715324418924296, 0.10665854081741558, 0.1066005394445986, 0.10585526207931512, 0.10529853644254605, 0.10492432902152563, 0.10488827620911609, 0.10433280540876233, 0.10383410515451842, 0.1035601679137837, 0.10353842078985433, 0.10311909162522, 0.10272431815846979, 0.10245204489639226, 0.10243927003035795]
test_mses [22614.471529869315, 22614.156743299576, 22522.34644591494, 21981.080749241304, 17795.602656567753, 9015.137904280919, 5971.645308188314, 5091.388489334855, 4815.2352390109645, 4135.261139087791, 3672.1383416023823, 3488.7790232441066, 3340.9422339595917, 3026.17814060398, 2854.495546327374, 2800.7002519043576, 2793.0473041330683, 2706.0146905453935, 2636.0881718871115, 2605.9996471519426, 2599.72037995425, 2550.509300629184, 2508.8257454462646, 2488.497698041137, 2486.5963721640014, 2457.57352181724, 2435.6262688325733, 2424.4160406298347, 2423.061366027682, 2406.153692403724, 2393.5884977943024, 2385.08231895706, 2384.2451956320933, 2371.646871077599, 2360.368706119629, 2354.1244701350197, 2353.624106710029, 2344.1451642997977, 2335.200659679384, 2328.9761822061355, 2328.6863287805204]
test_rres [0.9999999994115928, 0.9999860797155636, 0.9959262768053188, 0.9719917932760335, 0.7869121603214191, 0.398644641643255, 0.2640630048235783, 0.22513851272687543, 0.21292716169898804, 0.18285906576205851, 0.16238002000583962, 0.15427196769039178, 0.14773470286851598, 0.13381600073326333, 0.12622428699594132, 0.12384548745953339, 0.12350707814686483, 0.119658541893364, 0.11656642813228063, 0.11523592944352182, 0.11495826356104899, 0.1127821755975911, 0.11093895078009595, 0.1100400552491384, 0.10995597962201152, 0.10867260449244677, 0.10770210854507235, 0.10720639816858463, 0.10714649517241838, 0.10639884676543802, 0.10584322048934167, 0.10546708174911057, 0.10543006459735582, 0.10487297333256808, 0.10437425882860821, 0.10409814200789505, 0.10407601620123912, 0.10365686236905099, 0.10326134109395348, 0.10298609798418791, 0.102973280818637]
step_times_seconds [0.5057182312011719, 1.3375728130340576, 2.8322701454162598, 4.678116083145142, 6.745262145996094, 8.561930894851685, 6.835784196853638, 6.469670295715332, 4.841256141662598, 6.093194961547852, 5.3038530349731445, 5.796698093414307, 5.603999853134155, 5.163865089416504, 4.646637916564941, 4.070451974868774, 2.0251269340515137, 3.846118211746216, 3.929126262664795, 3.7177789211273193, 1.9830467700958252, 3.8299050331115723, 4.904396057128906, 3.813469171524048, 1.4096050262451172, 3.2007410526275635, 3.282465934753418, 2.83575701713562, 1.2391290664672852, 2.4994559288024902, 2.687325954437256, 3.103893995285034, 1.7106890678405762, 2.7876343727111816, 2.544358730316162, 2.0233898162841797, 1.2383978366851807, 2.698477268218994, 2.622490882873535, 1.9896140098571777, 1.3074769973754883]
