date 2025-01-27T09:10:31.779173
sample_ratio 0.9
rank 16
seed 0
l2_regularization_strength 0
input_shape (256, 256, 14, 20)
input_size 18350080
num_train_samples 16515072
num_test_samples 18350080
num_iterations 10
max_num_richardson_iterations 1024
num_richardson_iterations [2, 3, 4, 4, 4, 4, 4, 3, 4, 3, 3, 2, 3, 3, 3, 2, 3, 3, 3, 2, 3, 3, 3, 2, 3, 3, 3, 2, 3, 3, 3, 2, 3, 3, 3, 2, 3, 3, 3, 2]
train_mses [22611.43922386673, 22608.002076992714, 22249.863747387335, 19908.677159620373, 9723.226637875883, 5524.188428717423, 3682.6925688673614, 3301.7907806513194, 3291.5950038118463, 2896.247778865791, 2688.008064052952, 2641.6569438731726, 2641.4313196963935, 2573.173105152561, 2509.602693897756, 2482.510966826154, 2482.4684542946225, 2447.121737937354, 2409.665893453802, 2395.622069058948, 2395.59563829416, 2373.0841823656856, 2351.993815334232, 2343.7377248551957, 2343.721291437342, 2329.0498653923005, 2315.8001207399197, 2309.996994827038, 2309.986858124357, 2299.429994290079, 2289.7837737618916, 2285.165111195145, 2285.158249213312, 2276.876088769586, 2269.2096780513752, 2265.287238877917, 2265.282212759111, 2258.4591665515736, 2252.0305127588617, 2248.564414279872, 2248.560614104276]
train_rres [0.9999999986711903, 0.9998479894675557, 0.984009177723478, 0.8804692587702071, 0.43001361075205446, 0.2443094562307188, 0.16286856079849282, 0.14602302593718913, 0.14557211360361405, 0.12808772348998437, 0.11887823830532049, 0.11682834136336631, 0.11681836304335556, 0.11379961603758858, 0.11098818901868247, 0.10979004648704713, 0.10978816635323281, 0.1082249435985755, 0.1065684438038059, 0.10594735001861381, 0.10594618110740515, 0.10495060291020664, 0.10401787294133463, 0.10365274401759274, 0.10365201724307525, 0.10300316752235247, 0.1024171922333143, 0.1021605466546001, 0.10216009835484494, 0.10169321680362076, 0.10126660881905747, 0.10106234660846213, 0.10106204313455426, 0.10069576125613325, 0.10035671115710497, 0.1001832397062428, 0.10018301742411606, 0.0998812654599479, 0.09959695565903157, 0.0994436660590168, 0.09944349799472187]
test_mses [22614.471529869315, 22612.038912571832, 22258.43230001099, 19916.872861734886, 9725.756333567135, 5525.336381801519, 3683.2533331863556, 3302.327631855358, 3292.143367495284, 2896.697684701482, 2688.413980595655, 2642.060150356225, 2641.825033661416, 2573.4481371608135, 2509.8488647576155, 2482.781255233705, 2482.7325490955736, 2447.2691827699105, 2409.7858526031423, 2395.7767033380514, 2395.745788978326, 2373.145737312686, 2352.045224784283, 2343.8096828305097, 2343.7901575819683, 2329.0569446081477, 2315.8025443671277, 2310.005623533143, 2309.9933910215723, 2299.3943259142325, 2289.7403746932614, 2285.1212630479745, 2285.112936963519, 2276.8038070415973, 2269.1236305956772, 2265.200117599303, 2265.1940217373517, 2258.3571608442458, 2251.908525634744, 2248.4435542049755, 2248.4389417595676]
test_rres [0.9999999994115928, 0.9998924303581731, 0.9842561325173976, 0.8807136095888575, 0.4300678136563394, 0.2443274595761602, 0.1628715190692934, 0.14602718553694755, 0.14557684274027288, 0.12809044328854072, 0.11888024778571109, 0.11683050586930456, 0.1168201091331102, 0.11379651884624206, 0.11098419257623511, 0.10978727716425067, 0.1097851234045204, 0.10821695205645436, 0.10655945897308938, 0.10593998178396538, 0.10593861476728907, 0.10493925240666563, 0.10400619887551778, 0.10364202755548273, 0.10364116415929395, 0.10298966925499378, 0.10240356666950047, 0.10214722988873966, 0.102146688973532, 0.10167800390666656, 0.10125111127720408, 0.10104685659734265, 0.10104648842228096, 0.1006790630811202, 0.10033944973082558, 0.10016595405621372, 0.10016568450041448, 0.09986336211892292, 0.09957820687232828, 0.09942498766386024, 0.09942478370395787]
step_times_seconds [0.5944979190826416, 1.589325189590454, 2.6232378482818604, 3.5097668170928955, 4.01124906539917, 3.9580280780792236, 3.339132070541382, 3.277556896209717, 2.402005910873413, 3.169905185699463, 2.32045578956604, 2.3865740299224854, 1.9594900608062744, 2.2779390811920166, 2.30593204498291, 2.478773832321167, 2.4524099826812744, 2.364058017730713, 2.717280864715576, 2.528049945831299, 1.528331995010376, 2.2119200229644775, 2.315790891647339, 2.4009628295898438, 1.5232319831848145, 2.218658924102783, 2.476483106613159, 2.422706127166748, 1.5183501243591309, 2.3474459648132324, 2.9441027641296387, 3.0012121200561523, 1.712979793548584, 2.229465961456299, 2.2996768951416016, 2.4361090660095215, 1.595421314239502, 2.2515790462493896, 2.3143889904022217, 2.5754928588867188, 1.7417738437652588]
