date 2025-01-26T23:42:30.059438
sample_ratio 0.1
rank 16
seed 0
l2_regularization_strength 0
input_shape (256, 256, 14, 20)
input_size 18350080
num_train_samples 1835008
num_test_samples 18350080
num_iterations 10
max_num_richardson_iterations 1024
num_richardson_iterations [2, 6, 6, 13, 24, 24, 23, 17, 19, 21, 16, 15, 18, 16, 13, 9, 14, 13, 10, 7, 10, 9, 7, 6, 9, 10, 9, 7, 9, 8, 6, 3, 5, 5, 3, 2, 3, 3, 2, 2]
train_mses [22671.671119882758, 22662.768382722523, 22507.30613273721, 22340.008063295518, 21290.208652265148, 14613.794159243615, 10294.783778295881, 7499.038080131039, 6707.360424746351, 5784.979504947068, 4650.867405297508, 4270.691822709724, 4021.2088006085646, 3591.668829709101, 3290.5231141670643, 3161.432066471698, 3109.304610624196, 2952.135559759065, 2829.264244083122, 2772.8565986820477, 2744.2397968325595, 2690.01360179256, 2643.0009897117893, 2619.275474417405, 2602.3390739627894, 2559.6933899624855, 2507.751381948025, 2469.3504066686196, 2443.7734038805834, 2406.9355437886193, 2374.243612035499, 2358.968720749588, 2354.4925985402842, 2342.5399271627316, 2330.288527918858, 2325.6655057271905, 2323.871020447187, 2318.8202617339302, 2314.113934546436, 2312.010482986224, 2310.4894079647065]
train_rres [0.9999999992152869, 0.9996073180976855, 0.992750203373267, 0.9853710354051991, 0.9390665788587244, 0.6445838981388484, 0.45408138269918, 0.33076688677218363, 0.2958476410501884, 0.2551633476781589, 0.20514003476211165, 0.18837128488570548, 0.17736711053145623, 0.15842100072371043, 0.14513809300538072, 0.13944415686315892, 0.13714492380129248, 0.13021252565954441, 0.12479292888920454, 0.12230490561740692, 0.1210426783349224, 0.11865087427642529, 0.11657724627629742, 0.11553076341447786, 0.11478373420997989, 0.1129027222748059, 0.11061166892902281, 0.1089178822184528, 0.10778973411535445, 0.10616489314671712, 0.10472292040661348, 0.10404917689678772, 0.10385174450717151, 0.10332453716965456, 0.10278415357069193, 0.10258024173006958, 0.10250109073722452, 0.10227831233317189, 0.10207072608340165, 0.10197794723408617, 0.10191085579595262]
test_mses [22614.471529869315, 22614.357357404006, 22603.66035311339, 22541.784322599276, 21598.446646696753, 14838.76575222223, 10443.734950224367, 7568.255133338068, 6757.977580539528, 5848.649586197233, 4721.6718255396245, 4337.845494407937, 4081.112055213044, 3648.0324227914834, 3348.6943501190362, 3220.5875468907752, 3165.362898039718, 3001.5722792733904, 2876.7458659531208, 2821.681000617303, 2791.8783582069223, 2735.4816303209573, 2687.5341911965716, 2664.946932325887, 2647.380693502998, 2603.6852305226594, 2550.1863793054868, 2512.014229331055, 2485.788156682137, 2448.131984955396, 2413.7681220268046, 2398.4061001942246, 2393.8344075685013, 2381.623530689853, 2368.612195734817, 2363.955158114555, 2362.1240366878897, 2356.9724739287767, 2351.947041086085, 2349.827237445372, 2348.2738144794835]
test_rres [0.9999999994115928, 0.9999949507654154, 0.9995219348795393, 0.9967858094566666, 0.9550719151433952, 0.6561623924703203, 0.4618164492716558, 0.33466424890312646, 0.2988342030295562, 0.2586241988910029, 0.20878983692035205, 0.19181723906862327, 0.18046462184275824, 0.16131406899456457, 0.14807749735498646, 0.14241268210676464, 0.1399706772716916, 0.13272794252754264, 0.12720818439028306, 0.12477324509795042, 0.12345538797475912, 0.120961554423164, 0.11884134396266999, 0.11784254729268984, 0.11706577748007886, 0.11513358716128612, 0.11276789618703398, 0.11107994385520288, 0.10992024075982668, 0.10825510471387279, 0.10673555282591539, 0.10605625232564722, 0.10585409448981209, 0.10531413595682869, 0.10473878159003772, 0.10453284984357306, 0.10445187862020534, 0.10422407923301746, 0.10400185724418623, 0.10390812064562517, 0.1038394291016763]
step_times_seconds [0.4712550640106201, 1.2979459762573242, 4.191831111907959, 4.287920951843262, 12.601233959197998, 15.054819107055664, 16.896814107894897, 15.94389009475708, 12.227330684661865, 12.652368068695068, 13.870018005371094, 11.21743893623352, 11.653617143630981, 11.33595895767212, 10.160192966461182, 10.139714241027832, 5.9534101486206055, 8.767721176147461, 8.713724851608276, 7.543649673461914, 4.607062101364136, 6.213510751724243, 5.843914031982422, 4.625088930130005, 4.042787075042725, 5.555330991744995, 7.593639135360718, 6.413677215576172, 4.719895124435425, 5.601192951202393, 5.065001964569092, 3.9561071395874023, 1.9576828479766846, 3.56023907661438, 3.919987916946411, 2.036219835281372, 1.4082391262054443, 1.8667209148406982, 1.8521192073822021, 1.2182729244232178, 1.1835289001464844]
