date 2025-01-26T23:42:30.059438
sample_ratio 0.6
rank 16
seed 0
l2_regularization_strength 0
input_shape (256, 256, 14, 20)
input_size 18350080
num_train_samples 11010048
num_test_samples 18350080
num_iterations 10
max_num_richardson_iterations 1024
num_richardson_iterations [3, 5, 6, 7, 7, 7, 6, 5, 6, 6, 6, 3, 6, 6, 5, 2, 5, 5, 5, 2, 5, 5, 5, 2, 5, 5, 4, 2, 5, 5, 4, 2, 5, 5, 4, 2, 5, 5, 4, 2]
train_mses [22611.700276562766, 22605.823971250295, 22339.773911097138, 20828.879751451506, 12745.013551769496, 6486.1776039473025, 4401.7823686008605, 3859.6351800813054, 3763.057763069704, 3242.126249134641, 2846.7519240035613, 2740.3760575926317, 2739.664339914833, 2635.664123416982, 2556.547749907076, 2523.5012998383413, 2523.4327508371885, 2491.2851967247384, 2452.035121471341, 2433.404807585942, 2433.3654843894387, 2410.389658189442, 2379.727685126689, 2366.216026415586, 2366.190158774453, 2345.889243346712, 2321.2896878856723, 2311.42315651657, 2311.4044310524264, 2293.876271904829, 2274.7620584047036, 2267.2729723142365, 2267.258502379586, 2252.367747455223, 2237.220390807989, 2231.389860902838, 2231.3783448696026, 2218.798716284753, 2206.65468763331, 2201.8888218127368, 2201.879839593738]
train_rres [0.9999999994519886, 0.9997401204850211, 0.9879740853459865, 0.9211549545270757, 0.5636468460532092, 0.2868505031050578, 0.1946683492329465, 0.17069194844965854, 0.16642082262641475, 0.14338268275731625, 0.12589729598504334, 0.12119283479674012, 0.1211613591594062, 0.11656196083160088, 0.11306304776894395, 0.11160157208836993, 0.11159854051620699, 0.1101768184120911, 0.10844098807859905, 0.1076170644617404, 0.10761532539762754, 0.10659922196858906, 0.105243199525742, 0.10464564788042396, 0.10464450388679224, 0.10374669809738606, 0.1026587854173716, 0.10222243913456146, 0.10222161100293471, 0.1014464300601659, 0.10060110603517594, 0.10026990201271128, 0.10026926208141616, 0.0996107200552052, 0.09894082984554976, 0.09868297529102076, 0.0986824659956963, 0.09812613328192002, 0.09758906492809194, 0.09737829502756828, 0.09737789778990442]
test_mses [22614.471529869315, 22613.897443589834, 22365.08246630728, 20859.002751441807, 12753.340900005895, 6490.536086398065, 4406.616935641287, 3862.9673654004896, 3767.0217557429046, 3245.3904548540168, 2849.6180855511266, 2743.1819410170224, 2742.4807636710607, 2637.7437818911876, 2558.574306059364, 2525.404132368123, 2525.331510946002, 2492.8762635494068, 2453.8650108376037, 2435.2189488984477, 2435.177337407558, 2412.054610678564, 2381.7133359667732, 2368.1976158369744, 2368.1713174294746, 2347.8092708869235, 2323.5124874918865, 2313.622723945074, 2313.6048111109817, 2296.0543638306153, 2277.169323725287, 2269.6477639085024, 2269.6342378933814, 2254.748784559329, 2239.7488300244695, 2233.8871377500564, 2233.8762234035385, 2221.3235426276256, 2209.257774196378, 2204.462700536475, 2204.4540237930364]
test_rres [0.9999999994115928, 0.9999746136192083, 0.988972146601241, 0.9223740962338005, 0.5639460057979713, 0.2870080812636392, 0.19485827591540747, 0.1708183787547396, 0.16657571451762024, 0.14350945361061726, 0.12600860825381657, 0.12130205809937698, 0.12127105240708728, 0.11663963833314317, 0.11313880588252977, 0.11167203830284468, 0.11166882702187433, 0.11023367310573567, 0.10850861609357768, 0.10768409707249171, 0.10768225703431922, 0.10665978225816328, 0.10531810709879186, 0.10472044908569195, 0.10471928618398764, 0.10381888722911152, 0.10274449628662811, 0.10230717616053403, 0.10230638406446148, 0.10153031254552906, 0.1006952260360224, 0.10036262662938032, 0.10036202851612815, 0.09970380162342217, 0.09904051154802856, 0.09878131060834612, 0.09878082798170162, 0.09822575506072061, 0.09769221314672046, 0.09748017751941217, 0.09747979383839525]
step_times_seconds [0.5633981227874756, 2.1772751808166504, 3.7766659259796143, 5.180064916610718, 6.479680061340332, 5.331585884094238, 4.9142351150512695, 4.449914216995239, 3.8266119956970215, 4.062594175338745, 4.34147572517395, 4.469321966171265, 2.570327043533325, 5.1176698207855225, 4.2965710163116455, 3.7492029666900635, 1.3501267433166504, 3.531064033508301, 3.5424461364746094, 3.8090341091156006, 1.5281500816345215, 3.381676197052002, 3.8754220008850098, 4.501326084136963, 1.7513236999511719, 3.5824100971221924, 3.4909989833831787, 3.0018627643585205, 1.3944132328033447, 3.4390721321105957, 3.6943371295928955, 2.945333957672119, 1.3564260005950928, 3.4589178562164307, 4.337186098098755, 3.35132098197937, 1.6295297145843506, 3.3879740238189697, 3.6170220375061035, 2.9691340923309326, 1.3486409187316895]
