date 2025-01-26T23:42:30.059438
sample_ratio 0.9
rank 16
seed 0
l2_regularization_strength 0
input_shape (256, 256, 14, 20)
input_size 18350080
num_train_samples 16515072
num_test_samples 18350080
num_iterations 10
max_num_richardson_iterations 1024
num_richardson_iterations [2, 3, 3, 4, 3, 3, 3, 2, 3, 3, 3, 2, 3, 3, 3, 2, 3, 3, 2, 2, 2, 2, 2, 2, 2, 2, 2, 2, 2, 2, 2, 2, 2, 2, 2, 2, 2, 2, 2, 2]
train_mses [22611.43922386673, 22608.002076992714, 22249.90116442266, 19909.2991437784, 9721.405866320216, 5525.262646663624, 3687.2265167264886, 3302.834689257348, 3292.4225871145395, 2898.059210241518, 2691.805440773114, 2646.121884927361, 2645.772521963243, 2577.3733812273667, 2514.4102637093124, 2486.9453747167427, 2486.903797832096, 2451.596821784328, 2413.817419643544, 2399.448873917516, 2399.422948916604, 2377.6989553263234, 2359.894817886388, 2352.0899859572023, 2352.0775977469534, 2338.858151125833, 2326.5133712424263, 2320.9326205846446, 2320.9247464820905, 2311.0935557250205, 2301.9253244430242, 2297.466979641941, 2297.4614181291613, 2289.667003002266, 2282.342796343003, 2278.5644464318907, 2278.560261971944, 2272.1180555368014, 2265.9908838215542, 2262.678638430864, 2262.675392919776]
train_rres [0.9999999986711903, 0.9998479894675557, 0.984010832506922, 0.8804967662698866, 0.4299330863973143, 0.24435696395166207, 0.1630690764670539, 0.14606919321536663, 0.14560871380820078, 0.12816783477150812, 0.11904617881885968, 0.1170258051782102, 0.11701035446053605, 0.11398537493721628, 0.11120080572819707, 0.10998615996044406, 0.10998432120598976, 0.10842285598251185, 0.10675204672014939, 0.10611659200341607, 0.10611544545981834, 0.10515469310140663, 0.10436729795862046, 0.10402212612583521, 0.10402157825225185, 0.10343694290583828, 0.10289099004787193, 0.10264417910429982, 0.10264383086894578, 0.10220904250157685, 0.10180357378377246, 0.10160640169087655, 0.10160615573073586, 0.10126144458522368, 0.10093752859840761, 0.10077042955315516, 0.10077024449373016, 0.10048533532174868, 0.10021435868702662, 0.10006787330175346, 0.10006772976771959]
test_mses [22614.471529869315, 22612.038912571832, 22258.42358415861, 19917.524380441013, 9723.966147293853, 5526.438027687499, 3687.812297327436, 3303.3599263083825, 3292.958750663548, 2898.5126286326254, 2692.2196781135935, 2646.5422376671836, 2646.181989900785, 2577.66369087855, 2514.673630247579, 2487.2358048867227, 2487.1876109559366, 2451.7603285949194, 2413.952775333617, 2399.618217730312, 2399.587604899546, 2377.782922846685, 2359.9699838164834, 2352.1880961172715, 2352.172783200746, 2338.895152476934, 2326.5448873287896, 2320.9750106174106, 2320.965073788577, 2311.0906176916415, 2301.9165589336276, 2297.4616245730545, 2297.4545500476884, 2289.62847507169, 2282.2957621804267, 2278.517620231012, 2278.5122936414614, 2272.048405603303, 2265.909245126241, 2262.596841289883, 2262.592710323081]
test_rres [0.9999999994115928, 0.9998924303581731, 0.9842557471070039, 0.880742419402294, 0.42998865256385654, 0.244376173775998, 0.16307311405825328, 0.1460728330530106, 0.14561289855376855, 0.12817069915159188, 0.11904853372202723, 0.1170287014053975, 0.11701277143923798, 0.11398292840746872, 0.11119754116060294, 0.10998425499963865, 0.10998212388944693, 0.10841554815525925, 0.10674371809771756, 0.10610985152356671, 0.10610849784034189, 0.10514430630434991, 0.10435662753873327, 0.10401251657048206, 0.10401183944139256, 0.10342470961620687, 0.10287858740748909, 0.10263229039803896, 0.10263185099671071, 0.10219520775797383, 0.10178953572002687, 0.10159254087307376, 0.10159222804129467, 0.10124616313497765, 0.10092191443974444, 0.10075484699612978, 0.10075461145715021, 0.10046878173851993, 0.10019731130131157, 0.10005083855132783, 0.10005065588215539]
step_times_seconds [0.592109203338623, 1.50248384475708, 2.3530113697052, 2.620418071746826, 3.2179207801818848, 2.238981008529663, 3.225539207458496, 2.9856278896331787, 1.4275131225585938, 2.2011749744415283, 2.2103898525238037, 2.355098247528076, 1.4760618209838867, 2.261734962463379, 2.2132270336151123, 2.3272807598114014, 1.4776661396026611, 2.2624940872192383, 2.255929708480835, 1.4619567394256592, 1.4881553649902344, 1.392754077911377, 1.4254660606384277, 1.4836208820343018, 1.4454209804534912, 1.4123570919036865, 1.858043909072876, 1.8688530921936035, 1.8509130477905273, 1.418436050415039, 1.4261908531188965, 1.5594277381896973, 1.4929351806640625, 1.3873708248138428, 1.4401171207427979, 1.61142897605896, 1.4776809215545654, 1.3907089233398438, 1.4142091274261475, 1.5743939876556396, 1.5078282356262207]
