date 2025-01-27T09:10:31.779173
sample_ratio 0.4
rank 16
seed 0
l2_regularization_strength 0
input_shape (256, 256, 14, 20)
input_size 18350080
num_train_samples 7340032
num_test_samples 18350080
num_iterations 10
max_num_richardson_iterations 1024
num_richardson_iterations [2, 2, 4, 4, 4, 4, 4, 4, 4, 4, 4, 3, 4, 4, 2, 2, 3, 2, 2, 2, 2, 2, 2, 2, 2, 2, 2, 2, 2, 2, 2, 2, 2, 2, 2, 2, 2, 2, 2, 2]
train_mses [22604.506769680684, 22597.9157125893, 22477.81321545773, 21586.22256244396, 16265.128628127064, 7959.628986597513, 5155.073016066458, 4330.817901059919, 3981.4392729875804, 3394.3166838052034, 3002.301378540841, 2904.9516151312628, 2851.9852833429427, 2705.4928351942767, 2604.312975082639, 2583.8337050260448, 2583.67478398491, 2536.823514291685, 2515.1453804243642, 2497.8333934820544, 2497.696140453295, 2493.670790944314, 2479.8853056441185, 2470.070791736179, 2470.008242043464, 2463.329091778524, 2452.375990678736, 2445.606501114403, 2445.5755524125716, 2438.307576289489, 2428.9553125506027, 2423.7648146095644, 2423.7472762421307, 2416.7334658056675, 2408.533597951641, 2404.311813248001, 2404.300527457447, 2397.800019577178, 2390.522569081844, 2386.962627988596, 2386.954493296553]
train_rres [0.9999999985876914, 0.9997084170394084, 0.9943952067939612, 0.9549521585187184, 0.7195524667219027, 0.3521257533489858, 0.22805509809664937, 0.19159090437453705, 0.1761347552473405, 0.1501610591903806, 0.13281870756532663, 0.12851205472551924, 0.12616887899276852, 0.11968820461069074, 0.11521211225443316, 0.11430613052980027, 0.11429910002731997, 0.11222644831656033, 0.11126743009698203, 0.1105015657012554, 0.11049549376923033, 0.11031741647056106, 0.10970756085985531, 0.10927337691618075, 0.10927060978247313, 0.10897513108331097, 0.10849057721996325, 0.10819110200363814, 0.10818973286508082, 0.1078682051190047, 0.10745447064468197, 0.10722484838454624, 0.10722407250531173, 0.10691378878631613, 0.10655103511396241, 0.10636426772546359, 0.10636376845376293, 0.10607619270892041, 0.10575424582641565, 0.10559675771466465, 0.10559639784430276]
test_mses [22614.471529869315, 22613.924282466058, 22513.22460351754, 21652.861953740907, 16309.983744483377, 7984.456364175287, 5175.151034365995, 4345.725418836279, 3994.582659697837, 3405.623132591539, 3013.3903433708456, 2915.9181121935426, 2861.758859008196, 2714.1770902465973, 2613.3445509704125, 2592.845844739964, 2592.6953755544405, 2545.7871935402586, 2524.178375127622, 2506.8657458684083, 2506.7434545344086, 2502.698591540098, 2488.9563337982636, 2479.1245751562, 2479.0712595930695, 2472.3752558247265, 2461.460552097216, 2454.6693174882985, 2454.6436075425627, 2447.3644264908658, 2438.0502991386747, 2432.8365737713284, 2432.8216092782577, 2425.8025474400006, 2417.640368687602, 2413.394470556835, 2413.3839124382735, 2406.8836865211074, 2399.64195959132, 2396.0571403586823, 2396.048436130885]
test_rres [0.9999999994115928, 0.9999758004201544, 0.9955229137472883, 0.9574781313107843, 0.7212188758576185, 0.3530684477384874, 0.22884244827412975, 0.19216568516931137, 0.17663833762691866, 0.15059485807968054, 0.13325053108659396, 0.12894036045133467, 0.1265454668504851, 0.12001947890158107, 0.11556071721512405, 0.11465427524095224, 0.11464762157295755, 0.1125733665135535, 0.1116178359643925, 0.11085228063288008, 0.11084687297461285, 0.11066801126711778, 0.11006033588033737, 0.10962558070052728, 0.10962322311445552, 0.10932712936070324, 0.1088444869205882, 0.10854418210931052, 0.10854304522907494, 0.10822116368354338, 0.1078092978862636, 0.10757874970133731, 0.10757808797934916, 0.1072677087681942, 0.10690678153021672, 0.10671903015505589, 0.10671856328062368, 0.10643112672015594, 0.10611090137613399, 0.1059523825610561, 0.10595199766469535]
step_times_seconds [0.5275230407714844, 1.3687798976898193, 1.3864991664886475, 3.2539939880371094, 2.941164970397949, 2.6602718830108643, 2.7644269466400146, 2.846519947052002, 2.796260118484497, 3.5514960289001465, 3.449802875518799, 3.0318870544433594, 2.3027610778808594, 2.6899590492248535, 2.7551310062408447, 1.3667948246002197, 1.2992210388183594, 1.9686369895935059, 1.2727699279785156, 1.3377101421356201, 1.4242360591888428, 1.2011301517486572, 1.2888329029083252, 1.3351469039916992, 1.410827875137329, 1.2521178722381592, 1.7649381160736084, 1.6435258388519287, 1.911707878112793, 1.2497539520263672, 1.3224811553955078, 1.3651728630065918, 1.343824863433838, 1.212751865386963, 1.3054330348968506, 1.364583969116211, 1.3445909023284912, 1.206071138381958, 1.2674460411071777, 1.4636352062225342, 1.4413418769836426]
