date 2025-01-27T09:10:31.779173
sample_ratio 0.6
rank 16
seed 0
l2_regularization_strength 0
input_shape (256, 256, 14, 20)
input_size 18350080
num_train_samples 11010048
num_test_samples 18350080
num_iterations 10
max_num_richardson_iterations 1024
num_richardson_iterations [2, 4, 4, 4, 4, 4, 4, 4, 4, 4, 4, 2, 4, 4, 4, 2, 4, 4, 4, 2, 4, 4, 3, 2, 4, 4, 3, 2, 4, 4, 3, 2, 4, 4, 3, 2, 3, 3, 3, 2]
train_mses [22611.700276562766, 22606.634157672728, 22339.466235633445, 20826.97847592755, 12744.150756265628, 6480.964552134836, 4399.036047746737, 3866.07448877014, 3768.810218631384, 3244.9387569915134, 2845.6346244296037, 2736.4816414940774, 2735.9468753378246, 2631.315429305095, 2550.7893410313777, 2517.7455819590205, 2517.555751840413, 2484.3062053735885, 2441.720739705806, 2422.960955786454, 2422.892641159417, 2397.197825403723, 2363.790704768201, 2350.773364200735, 2350.739032648322, 2328.2290697421, 2302.4408543038016, 2293.459428573961, 2293.4369327917743, 2274.899687070147, 2255.9026493457122, 2249.3298585694956, 2249.3130350033584, 2234.2866974618173, 2220.0602742739597, 2214.791277235756, 2214.7787275940514, 2202.52407745818, 2191.413295483165, 2187.0406983023036, 2187.031596963558]
train_rres [0.9999999994519886, 0.9997759508919379, 0.9879604784318774, 0.921070870822637, 0.5636086890153553, 0.2866199564524023, 0.19454689349016605, 0.17097672618006124, 0.16667522435154686, 0.14350706561313561, 0.1258478835322123, 0.12102060466593229, 0.1209969546905028, 0.11636964030478003, 0.11280838275914318, 0.11134702608759296, 0.11133863087112618, 0.10986817327430996, 0.1079848356604382, 0.10715518624532916, 0.10715216503833613, 0.10601581459023444, 0.10453838829284799, 0.10396269781397566, 0.10396117950478287, 0.1029656788295321, 0.10182519779056769, 0.10142799520893661, 0.10142700033540215, 0.10060719264802173, 0.09976705070904002, 0.09947636974775789, 0.09947562572736483, 0.09881108757457135, 0.09818192554756505, 0.0979489047233514, 0.09794834971680418, 0.09740638913979006, 0.09691501600848942, 0.09672163837102812, 0.09672123586530633]
test_mses [22614.471529869315, 22613.193109854245, 22365.21917259656, 20857.16898449397, 12752.481988944344, 6485.327155256034, 4403.7697803443725, 3869.3603201635747, 3772.7166043690013, 3248.1785631535836, 2848.456568643869, 2739.276776564765, 2738.7426242747733, 2633.35742828922, 2552.8110121360587, 2519.65517210061, 2519.4654843757935, 2485.8841591084074, 2443.589534092272, 2424.8502294615732, 2424.7813626815937, 2398.9246737046806, 2365.849016234926, 2352.8610783783033, 2352.827015730904, 2330.2502519269206, 2304.7005465515426, 2295.72371210747, 2295.702009557226, 2277.1614718726755, 2258.293991396085, 2251.7145376473577, 2251.698306720096, 2236.7126796653856, 2222.541745253308, 2217.263764779594, 2217.2516316161873, 2205.0633162513586, 2193.9646790942493, 2189.580699589513, 2189.5719816733017]
test_rres [0.9999999994115928, 0.9999434683530345, 0.988978191681225, 0.9222930080268822, 0.5639080252040003, 0.2867777450768268, 0.19473237621036776, 0.17110107184137127, 0.16682753771920267, 0.1436327422885881, 0.1259572465890065, 0.12112937378770507, 0.12110575385526616, 0.11644567609115168, 0.11288395606601728, 0.11141782231302874, 0.11140943442191865, 0.10992448593646444, 0.10805423993335153, 0.10722559776964137, 0.10722255251696554, 0.1060791833726746, 0.10461659525043585, 0.10404227549099218, 0.10404076925869601, 0.10304243667502808, 0.10191264218362917, 0.10151569130078698, 0.10151473162546572, 0.10069487883124265, 0.09986056879925412, 0.09956962882587621, 0.0995689111028363, 0.09890625458105556, 0.09827962333809143, 0.09804623382626325, 0.09804569730417899, 0.09750673642943299, 0.09701596055010635, 0.09682210328944181, 0.09682171778778662]
step_times_seconds [0.5248467922210693, 1.4224841594696045, 3.1472079753875732, 3.2690680027008057, 3.339655876159668, 2.8149709701538086, 2.8491756916046143, 3.445183038711548, 4.599114894866943, 2.9362847805023193, 2.837256908416748, 2.9336578845977783, 1.4695889949798584, 2.789320230484009, 2.834496021270752, 3.1282289028167725, 1.9354360103607178, 3.3029661178588867, 2.9954819679260254, 3.014449119567871, 1.3958518505096436, 2.8594329357147217, 2.867297887802124, 2.1642889976501465, 1.459907054901123, 2.8299009799957275, 2.8185088634490967, 2.197119951248169, 3.045605182647705, 3.2138869762420654, 2.8477590084075928, 2.266741991043091, 1.397608995437622, 2.727199077606201, 2.870360851287842, 2.185378074645996, 1.4176278114318848, 2.020733118057251, 2.10801100730896, 2.1868300437927246, 1.4045450687408447]
