date 2025-01-28T11:36:04.233235
sample_ratio 0.6
rank 16
seed 0
l2_regularization_strength 0
input_shape (1024, 1344, 33)
input_size 45416448
num_train_samples 27249868
num_test_samples 45416448
num_iterations 10
max_num_richardson_iterations None
num_richardson_iterations None
train_mses [0.0010162045198280568, 0.0010020191178082554, 0.0009905562461401155, 0.0008631375321979778, 0.00020899485195115898, 9.340064462812537e-05, 6.95454672959547e-05, 4.00033966414836e-05, 3.189547165387745e-05, 2.929136864352816e-05, 2.4857764433630422e-05, 2.369037768611874e-05, 2.3275572746009755e-05, 2.2355385602471213e-05, 2.2006067949079847e-05, 2.189610449207195e-05, 2.1585537830463302e-05, 2.141479344958285e-05, 2.1372679562934053e-05, 2.1215054165152763e-05, 2.110771960173281e-05, 2.108532504608071e-05, 2.0983589002455667e-05, 2.090672923623036e-05, 2.089175616598858e-05, 2.081714216937203e-05, 2.0757610912860994e-05, 2.0746077867163646e-05, 2.0686929979389644e-05, 2.0638219199309523e-05, 2.0628507146308658e-05]
train_rres [1.016508593877586, 1.0023189472273464, 0.9908526455785881, 0.863395804740163, 0.20905738848757816, 0.09342859245918354, 0.06956627705565804, 0.04001536666776704, 0.0319050155842952, 0.02930013336057665, 0.02486520250435939, 0.023697466445258594, 0.023282537385038507, 0.022362074898273677, 0.02201265272022082, 0.021902656359370224, 0.021591996768375216, 0.021421201296465037, 0.02137907480827806, 0.02122140224499802, 0.0211140355643667, 0.021091634307698132, 0.020989867822080198, 0.020912985057472275, 0.020898007506909837, 0.02082337118390164, 0.02076382211413561, 0.0207522856174598, 0.020693120031144405, 0.02064439467556903, 0.0206346797164767]
test_mses [0.0010162763318138244, 0.001002365195076759, 0.0009911268269000406, 0.0008636143645352437, 0.00020926108090012062, 9.356578218225774e-05, 6.966057009512506e-05, 4.0082395895282235e-05, 3.19657159421689e-05, 2.9359299321616522e-05, 2.4918436622382497e-05, 2.3748655665638448e-05, 2.3332933910031224e-05, 2.240973146152768e-05, 2.2059423206375814e-05, 2.1949228174481594e-05, 2.163713525818973e-05, 2.146586451659076e-05, 2.1423805126036663e-05, 2.1265302207592132e-05, 2.1157597378719046e-05, 2.1135344623575174e-05, 2.103305856825048e-05, 2.0955890001553834e-05, 2.0941069253517717e-05, 2.086608362642895e-05, 2.080627674868731e-05, 2.079488037388959e-05, 2.0735461612953835e-05, 2.0686499479994557e-05, 2.0676901660996487e-05]
test_rres [1.0165199786764887, 1.0026055068181416, 0.9913644443022342, 0.8638214115006052, 0.20931125013484836, 0.0935882140824878, 0.06967727084749305, 0.04009200543719739, 0.03197337955309667, 0.029366338057977684, 0.024924410685455187, 0.023754349279928467, 0.023338527857234326, 0.022415104075838202, 0.022064711836139356, 0.02195449038557045, 0.021642322646656494, 0.021471010843805236, 0.021428941369735235, 0.021270400451056326, 0.021162669800521526, 0.021140411710397582, 0.021038101132533404, 0.02096091406508201, 0.020946089763850123, 0.020871086159354808, 0.0208112649432313, 0.02079986583621314, 0.020740432829944467, 0.020691458958573387, 0.0206818588385491]
step_times_seconds [1.4371559619903564, 1.5451788902282715, 1.6496272087097168, 1.5242228507995605, 1.4148719310760498, 1.3937981128692627, 1.4983899593353271, 1.4305238723754883, 1.4095659255981445, 1.5332598686218262, 1.423588752746582, 1.423750877380371, 1.495453119277954, 1.448556900024414, 1.3699800968170166, 1.4941539764404297, 1.456955909729004, 1.3779592514038086, 1.4894359111785889, 1.4625720977783203, 1.4178121089935303, 1.5005950927734375, 1.435225248336792, 1.3802990913391113, 1.4959571361541748, 1.4317679405212402, 1.4036049842834473, 1.5006699562072754, 1.4473459720611572, 1.3829028606414795, 1.5085959434509277]
