date 2025-01-28T11:36:04.233235
sample_ratio 0.4
rank 16
seed 0
l2_regularization_strength 0
input_shape (1024, 1344, 33)
input_size 45416448
num_train_samples 18166579
num_test_samples 45416448
num_iterations 10
max_num_richardson_iterations None
num_richardson_iterations None
train_mses [0.001016055593368369, 0.0010050480481941413, 0.0009999072663739238, 0.0009909348336166366, 0.0006206466609513282, 0.00028750832975746516, 0.00017010539143874913, 0.00011470876293667177, 7.743551266014493e-05, 6.504322600251714e-05, 5.468983988627671e-05, 4.323050440699617e-05, 3.969978165590006e-05, 3.431724834741128e-05, 2.9663542803374236e-05, 2.831514723127868e-05, 2.64424419858333e-05, 2.4872106326373235e-05, 2.434836107916715e-05, 2.367490718472861e-05, 2.307911813434245e-05, 2.2843835775800802e-05, 2.254218615977727e-05, 2.2271291877648706e-05, 2.2149904090089645e-05, 2.1981132929570233e-05, 2.18321531592403e-05, 2.175961778542674e-05, 2.1647597953607938e-05, 2.1550898485557244e-05, 2.1501543712132103e-05]
train_rres [1.0165168448206106, 1.0055043026302448, 1.0003611870862668, 0.9913846811781928, 0.6209284114535262, 0.2876388478467289, 0.1701826129602361, 0.11476083644902159, 0.07747066550306286, 0.06507275320816212, 0.05471466703966777, 0.04325012944825278, 0.03971780388033539, 0.03433282710190118, 0.02967700894861864, 0.028328001255080237, 0.026454445871099408, 0.02488339733765079, 0.02435941432958058, 0.023685654712119746, 0.023089595195662126, 0.02285420602767986, 0.022552419473949013, 0.022281402215890932, 0.02215995932279074, 0.021991111546441053, 0.021842064144835954, 0.021769495842660278, 0.021657425158003854, 0.02156068179199092, 0.021511304613334153]
test_mses [0.0010162763318138244, 0.0010056975613115693, 0.0010009547864406317, 0.0009917816758143877, 0.0006214980881664182, 0.0002881853146722678, 0.00017054359938404142, 0.00011505792237184715, 7.768967417921881e-05, 6.524291313169818e-05, 5.4871633000491315e-05, 4.338484120065361e-05, 3.98456699859151e-05, 3.44605540604681e-05, 2.9793158010083957e-05, 2.8440820703676377e-05, 2.6563368024644345e-05, 2.4984649553413173e-05, 2.4458486073099863e-05, 2.3781451156006805e-05, 2.3181320813280516e-05, 2.2944700502055463e-05, 2.2640825068518223e-05, 2.236775015417319e-05, 2.2245679298632056e-05, 2.20754669226861e-05, 2.1925369313351606e-05, 2.1852532203892396e-05, 2.1739478947050883e-05, 2.1642188801290893e-05, 2.1592757031242248e-05]
test_rres [1.0165199786764887, 1.00593867197009, 1.0011947600440212, 0.9920194502131369, 0.6216470890381233, 0.28825440557361787, 0.1705844863078402, 0.11508550689874499, 0.07770829986672388, 0.06525855477422983, 0.054884788183595865, 0.0433952424863225, 0.03985522277404851, 0.0344688157956081, 0.029800300761765538, 0.028447639239658293, 0.026569736451299963, 0.024990639490685043, 0.024464349865466837, 0.02378715263284177, 0.023186878412047463, 0.02295020137235726, 0.022646253086295857, 0.02237311270368784, 0.02225101258230626, 0.022080759398845573, 0.021930625804404993, 0.021857771232634948, 0.02174469087187447, 0.021647377401317825, 0.021597933780264377]
step_times_seconds [1.375290870666504, 1.4974699020385742, 1.6010260581970215, 1.479036808013916, 1.389132022857666, 1.3408029079437256, 1.4471261501312256, 1.3980021476745605, 1.351916790008545, 1.4481420516967773, 1.3834121227264404, 1.3330700397491455, 1.4424200057983398, 1.3921117782592773, 1.3581039905548096, 1.4510726928710938, 1.3940811157226562, 1.3496661186218262, 1.4629440307617188, 1.3865997791290283, 1.3669118881225586, 1.4466402530670166, 1.392637014389038, 1.3380019664764404, 1.4424912929534912, 1.3771839141845703, 1.335554838180542, 1.4508159160614014, 1.3944828510284424, 1.3487062454223633, 1.4462473392486572]
