date 2025-01-28T11:36:04.233235
sample_ratio 0.3
rank 16
seed 0
l2_regularization_strength 0
input_shape (1024, 1344, 33)
input_size 45416448
num_train_samples 13624934
num_test_samples 45416448
num_iterations 10
max_num_richardson_iterations None
num_richardson_iterations None
train_mses [0.0010162476461319314, 0.0010073106470419595, 0.00100256674814346, 0.0010004640894035511, 0.00096646622723242, 0.0006824152889427051, 0.0003918490830812734, 0.0002524353559629527, 0.0001732485877486592, 0.00012111478387607082, 9.534213297372045e-05, 7.976388529316404e-05, 6.819560397699694e-05, 6.085637550744267e-05, 5.483588631495029e-05, 5.0136411180939655e-05, 4.6171230793415394e-05, 4.2701672411624526e-05, 4.0239273241608124e-05, 3.7329730440864655e-05, 3.464953139219196e-05, 3.290967279171474e-05, 3.077848668067449e-05, 2.8982510586344415e-05, 2.7950899382343287e-05, 2.6738590608297935e-05, 2.5838984720056153e-05, 2.5264466050694013e-05, 2.4664404478010343e-05, 2.4210437354572927e-05, 2.38837370502857e-05]
train_rres [1.0165374919136125, 1.007597943886384, 1.0028526919721215, 1.0007494335292086, 0.9667418747679067, 0.6826099218096127, 0.39196084304865836, 0.252507353495593, 0.1732980002836179, 0.12114932723697237, 0.09536932567144929, 0.07978663489142457, 0.06821505416536112, 0.060873732461524055, 0.05485152615470158, 0.05015071067510797, 0.046184399371499124, 0.042713851430849166, 0.04025074995562698, 0.037340377319054985, 0.03465941384608937, 0.03291905901747525, 0.030787265067089335, 0.028990776739253064, 0.027958871307602846, 0.026746216768836078, 0.025846354302413894, 0.025271671773569822, 0.024671439056267754, 0.02421734245606722, 0.023890548973010597]
test_mses [0.0010162763318138244, 0.0010078461287253613, 0.0010036227763461944, 0.0010012873228767822, 0.0009676153809042541, 0.0006837451386733722, 0.0003926950278872326, 0.0002531649503005633, 0.00017385828161886697, 0.00012153952722390679, 9.569886150838482e-05, 8.007440020783876e-05, 6.844404482540556e-05, 6.108964861534172e-05, 5.505882594551158e-05, 5.033437130967986e-05, 4.636944349791904e-05, 4.289835349114258e-05, 4.042544102911804e-05, 3.752073278637061e-05, 3.483894344633026e-05, 3.309262545526443e-05, 3.096055912818513e-05, 2.915963956661945e-05, 2.8123612769402438e-05, 2.690897193902206e-05, 2.6004825414166342e-05, 2.5427745970507295e-05, 2.4826091011879157e-05, 2.436890467269537e-05, 2.4040717914854636e-05]
test_rres [1.0165199786764887, 1.0080877544915285, 1.0038633895860192, 1.0015273762040193, 0.9678473615619184, 0.6839090629454275, 0.3927891744382575, 0.2532256452552191, 0.1738999632201584, 0.12156866568120504, 0.09572180480307459, 0.08009359762076634, 0.06846045392228967, 0.06110429453472451, 0.05507202600713228, 0.05034643870834876, 0.04638056032616553, 0.04290863814396227, 0.04043513281428534, 0.03752972818313632, 0.03484729589831946, 0.03310055923677354, 0.030967981758095686, 0.029166630435612868, 0.02813035525646382, 0.026915423222383897, 0.026011059933192266, 0.025433842137796047, 0.02483204293558131, 0.02437474698839652, 0.02404648154952051]
step_times_seconds [1.3380000591278076, 1.4700291156768799, 1.677886962890625, 1.4291090965270996, 1.3447227478027344, 1.3245790004730225, 1.420485258102417, 1.3550770282745361, 1.321166753768921, 1.4234569072723389, 1.370377779006958, 1.3231890201568604, 1.4204418659210205, 1.3651409149169922, 1.3219640254974365, 1.4172770977020264, 1.3684489727020264, 1.3141329288482666, 1.4326951503753662, 1.3548638820648193, 1.3156142234802246, 1.4353320598602295, 1.383193016052246, 1.3170371055603027, 1.4212040901184082, 1.3558552265167236, 1.317868709564209, 1.4221298694610596, 1.3493742942810059, 1.312579870223999, 1.4262068271636963]
