date 2025-01-28T11:36:04.233235
sample_ratio 0.8
rank 16
seed 0
l2_regularization_strength 0
input_shape (1024, 1344, 33)
input_size 45416448
num_train_samples 36333158
num_test_samples 45416448
num_iterations 10
max_num_richardson_iterations None
num_richardson_iterations None
train_mses [0.0010162426101400419, 0.00100017959316247, 0.000945174300230487, 0.00042998145301993386, 7.237685211329285e-05, 4.294495726125634e-05, 3.819035360763933e-05, 2.4851459793863448e-05, 2.3602285648241235e-05, 2.334249583371157e-05, 2.2444590406436584e-05, 2.212747449460555e-05, 2.2060284162962386e-05, 2.178249008410407e-05, 2.1613826777036436e-05, 2.1577975790232897e-05, 2.141583939196775e-05, 2.130334352895289e-05, 2.1280184367549777e-05, 2.1164639378470517e-05, 2.107872310177248e-05, 2.1059558788911223e-05, 2.096556907111722e-05, 2.0892493504729743e-05, 2.0872650854458967e-05, 2.0787832123681568e-05, 2.072059282664821e-05, 2.069804057360113e-05, 2.0617043340120022e-05, 2.055321841427808e-05, 2.0528725486075644e-05]
train_rres [1.0165027406840228, 1.0004356120097926, 0.9454162392147636, 0.43009151660923806, 0.07239537862430902, 0.04295595000549098, 0.03820012930230088, 0.024857821093508235, 0.02360832719318691, 0.023348470879511175, 0.022450335612801284, 0.022133138527898166, 0.02206593099735255, 0.021788065810744835, 0.02161935933044536, 0.021583499166761607, 0.021421321265976238, 0.021308796607071745, 0.021285631517551473, 0.021170056952089008, 0.021084118683154504, 0.02106494946474896, 0.020970935688136547, 0.020897841416386148, 0.02087799368693511, 0.020793153244863225, 0.020725896736393603, 0.020703338710581443, 0.020622320744005506, 0.02055847948071371, 0.020533980282985993]
test_mses [0.0010162763318138244, 0.001000337378341987, 0.0009454053306928396, 0.0004301048210064721, 7.242570464459908e-05, 4.297660698440029e-05, 3.8218253389600134e-05, 2.487208830742482e-05, 2.3621895926036477e-05, 2.3361710837164144e-05, 2.246225018033314e-05, 2.214494331666789e-05, 2.207770320940617e-05, 2.179896569015394e-05, 2.1630228833175585e-05, 2.159445721435338e-05, 2.1431554469049984e-05, 2.131901424583471e-05, 2.1295977668958335e-05, 2.117975939156544e-05, 2.1093788023667e-05, 2.1074755830459623e-05, 2.098015636593102e-05, 2.0907001073006404e-05, 2.0887297571305685e-05, 2.080192845285143e-05, 2.0734593039268905e-05, 2.0712196200359776e-05, 2.0630720782816435e-05, 2.0566808998102713e-05, 2.0542494360767584e-05]
test_rres [1.0165199786764887, 1.0005772039250582, 0.9456319866087145, 0.4302079363570657, 0.07244306832331568, 0.04298691039808012, 0.038227416013232485, 0.024878051258734723, 0.023627559150350957, 0.023367311683482963, 0.022467635385728064, 0.022150252449424482, 0.022082996221703528, 0.02180419187660881, 0.021635414565863566, 0.021599634370985398, 0.021436692570612457, 0.02132412536647531, 0.021301083266701763, 0.021184837126593005, 0.021098845147514898, 0.0210798083914401, 0.020985186247191402, 0.020912013415673152, 0.020892305190162358, 0.020806915604914544, 0.0207395640480236, 0.02071716183959108, 0.020635666888748336, 0.02057173978152306, 0.020547419314882538]
step_times_seconds [1.5061798095703125, 1.6030693054199219, 1.710920810699463, 1.5552499294281006, 1.592148780822754, 1.448598861694336, 1.5304770469665527, 1.4916019439697266, 1.4049758911132812, 1.5533099174499512, 1.4946229457855225, 1.44940185546875, 1.5696048736572266, 1.5045812129974365, 1.4285008907318115, 1.5368881225585938, 1.4869239330291748, 1.4195683002471924, 1.5370230674743652, 1.4837980270385742, 1.451413869857788, 1.5493600368499756, 1.4715561866760254, 1.4409010410308838, 1.5493440628051758, 1.4746670722961426, 1.422703742980957, 1.5370018482208252, 1.4826300144195557, 1.4502427577972412, 1.5651731491088867]
