date 2025-01-28T11:36:04.233235
sample_ratio 1.0
rank 16
seed 0
l2_regularization_strength 0
input_shape (1024, 1344, 33)
input_size 45416448
num_train_samples 45416448
num_test_samples 45416448
num_iterations 10
max_num_richardson_iterations None
num_richardson_iterations None
train_mses [0.0010162763318138281, 0.0009996103826862039, 0.000708530400814937, 5.898669780530562e-05, 4.020288402924694e-05, 3.096844224594435e-05, 2.9172835381754004e-05, 2.5220407951638832e-05, 2.4020940911156572e-05, 2.3697535583859553e-05, 2.3015365937648685e-05, 2.270337040160563e-05, 2.2570512386993365e-05, 2.2259122894973825e-05, 2.211256178666678e-05, 2.2029624334913336e-05, 2.1847865938192394e-05, 2.175789525844222e-05, 2.1700954874472724e-05, 2.157508797399847e-05, 2.1508254476614214e-05, 2.1466450823408773e-05, 2.1369523583400284e-05, 2.1313771391086902e-05, 2.1281735468267287e-05, 2.1201698610168632e-05, 2.115216517104494e-05, 2.1126965696762577e-05, 2.105811937747771e-05, 2.101310079883763e-05, 2.0992894090926297e-05]
train_rres [1.0165199786764891, 0.9998500339759177, 0.7087002672221869, 0.059000839553380514, 0.04021252245755331, 0.0309758667657905, 0.02917982941437405, 0.0252264544107367, 0.02402669980439058, 0.02370321694238091, 0.023020883749613953, 0.022708813414295207, 0.0225759235476783, 0.02226445940167891, 0.022117863156123154, 0.022034905820555357, 0.02185310384822241, 0.021763111598478754, 0.02170615756335408, 0.02158026048695773, 0.021513410966596803, 0.021471597291187132, 0.02137464681338672, 0.021318881254780805, 0.021286837651518536, 0.021206781605007476, 0.02115723629050436, 0.021132030774781634, 0.021063167949956718, 0.021018138578351078, 0.020997927025988652]
test_mses [0.0010162763318138244, 0.0009996103826862036, 0.0007085304008149356, 5.89866978053052e-05, 4.0202884029246906e-05, 3.096844224594427e-05, 2.917283538175406e-05, 2.522040795163874e-05, 2.4020940911156592e-05, 2.3697535583859598e-05, 2.301536593764865e-05, 2.2703370401605667e-05, 2.2570512386993246e-05, 2.225912289497379e-05, 2.2112561786666805e-05, 2.202962433491336e-05, 2.184786593819224e-05, 2.1757895258442227e-05, 2.1700954874472825e-05, 2.157508797399853e-05, 2.1508254476614153e-05, 2.1466450823408817e-05, 2.1369523583400186e-05, 2.1313771391086923e-05, 2.128173546826729e-05, 2.120169861016864e-05, 2.1152165171044895e-05, 2.1126965696762486e-05, 2.10581193774777e-05, 2.1013100798837634e-05, 2.0992894090926277e-05]
test_rres [1.0165199786764887, 0.9998500339759205, 0.7087002672221878, 0.059000839553380285, 0.040212522457553405, 0.030975866765790516, 0.0291798294143742, 0.02522645441073669, 0.024026699804390678, 0.023703216942381027, 0.02302088374961399, 0.022708813414295315, 0.02257592354767825, 0.022264459401678947, 0.02211786315612325, 0.02203490582055545, 0.021853103848222328, 0.02176311159847883, 0.02170615756335425, 0.02158026048695786, 0.02151341096659681, 0.021471597291187243, 0.02137464681338669, 0.021318881254780892, 0.02128683765151861, 0.02120678160500755, 0.021157236290504384, 0.021132030774781613, 0.021063167949956774, 0.02101813857835115, 0.020997927025988697]
step_times_seconds [1.5872149467468262, 1.6420459747314453, 1.7620978355407715, 1.6075737476348877, 1.5761590003967285, 1.4956820011138916, 1.5827219486236572, 1.537559986114502, 1.465285062789917, 1.5843780040740967, 1.5265419483184814, 1.4525768756866455, 1.5767159461975098, 1.5188839435577393, 1.4745512008666992, 1.5758161544799805, 1.5216240882873535, 1.4930973052978516, 1.5871570110321045, 1.5209760665893555, 1.4628417491912842, 1.5852100849151611, 1.530229091644287, 1.4829211235046387, 1.5831749439239502, 1.535883903503418, 1.4700202941894531, 1.5890522003173828, 1.5120368003845215, 1.4843189716339111, 1.5860841274261475]
