date 2025-01-28T11:36:04.233235
sample_ratio 0.2
rank 16
seed 0
l2_regularization_strength 0
input_shape (1024, 1344, 33)
input_size 45416448
num_train_samples 9083289
num_test_samples 45416448
num_iterations 10
max_num_richardson_iterations None
num_richardson_iterations None
train_mses [0.0010161263045490852, 0.0010096024472526835, 0.0010052504519027733, 0.001003143807684496, 0.0010007151902199768, 0.0009919366595772152, 0.0009235413300476644, 0.0006831483853331026, 0.000498577779881461, 0.00037991408998745734, 0.0002839770702681131, 0.00021813918509595495, 0.00017742837945471484, 0.00014224847723045528, 0.00011817376088053823, 0.00010429898886788429, 8.986720953649548e-05, 7.949170200453697e-05, 7.425036774811266e-05, 6.647107372170282e-05, 6.057971776920787e-05, 5.800457790237318e-05, 5.292672234032508e-05, 4.89323468227358e-05, 4.7309870821391705e-05, 4.36421375538768e-05, 4.070337971143988e-05, 3.948555183164359e-05, 3.6843402880960404e-05, 3.475483765271844e-05, 3.380603506504255e-05]
train_rres [1.01651858021926, 1.0099922043870408, 1.0056385289488534, 1.003531071460347, 1.0011015164277919, 0.9923195968323227, 0.9238978632783825, 0.6834121148414183, 0.4987702558875064, 0.3800607558631378, 0.28408669964691663, 0.21822339775204092, 0.17749687569986375, 0.1423033922705316, 0.11821938187375429, 0.10433925350385871, 0.0899019027824924, 0.07952238978472488, 0.07427903211064192, 0.06649673488692873, 0.06060310457582879, 0.05802697057596897, 0.052947154707229924, 0.04895123716053847, 0.04732813480215794, 0.043658985605816956, 0.04071909325559596, 0.039500795233214474, 0.03685762628064206, 0.03476825476156702, 0.03381908588854916]
test_mses [0.0010162763318138244, 0.0010103320258515846, 0.0010066201278867897, 0.0010043111844505019, 0.0010022829690375127, 0.0009940265469551009, 0.0009254637561134128, 0.0006851404052827348, 0.0005004631383373061, 0.00038151506917671397, 0.0002854033060684392, 0.00021939196373170928, 0.00017849668830781102, 0.00014318097206440187, 0.0001189920597627142, 0.00010501388402724993, 9.050922642275795e-05, 8.007716984076566e-05, 7.478632483848883e-05, 6.697534457289477e-05, 6.105950045935018e-05, 5.8462895149218405e-05, 5.337347974802241e-05, 4.936775675182247e-05, 4.77370327377508e-05, 4.4064391465170586e-05, 4.111541790315844e-05, 3.9893781440464473e-05, 3.724711294545963e-05, 3.51466374463124e-05, 3.419405512220549e-05]
test_rres [1.0165199786764887, 1.0105742475984085, 1.0068614597257555, 1.0045519627325201, 1.0025232610656383, 0.9942648595498045, 0.9256856311425045, 0.6853046640625625, 0.5005831217214682, 0.3816065353919097, 0.2854717299979756, 0.21944456179188604, 0.1785394819425152, 0.1432152989433664, 0.11902058747819429, 0.1050390605492041, 0.0905309255299493, 0.08009636791769806, 0.07480425446338185, 0.06699140155667979, 0.06107413915087239, 0.05847691131838368, 0.053386275756827285, 0.049379592409775734, 0.047748477438267135, 0.04407495566941269, 0.04112527510662331, 0.03990334576306405, 0.0372560427433191, 0.03515506366630683, 0.03420225296563792]
step_times_seconds [1.3378486633300781, 1.4477801322937012, 1.5356569290161133, 1.469275712966919, 1.3089110851287842, 1.2723779678344727, 1.3911778926849365, 1.3251540660858154, 1.2896218299865723, 1.3887789249420166, 1.3281762599945068, 1.279524803161621, 1.390308141708374, 1.3354501724243164, 1.2797820568084717, 1.3831381797790527, 1.3346879482269287, 1.2877650260925293, 1.387362003326416, 1.3337211608886719, 1.2967360019683838, 1.3890421390533447, 1.3420441150665283, 1.2653460502624512, 1.3832488059997559, 1.3394629955291748, 1.29732084274292, 1.383113145828247, 1.3653080463409424, 1.307703971862793, 1.403559923171997]
