date 2025-01-28T11:36:04.233235
sample_ratio 0.9
rank 16
seed 0
l2_regularization_strength 0
input_shape (1024, 1344, 33)
input_size 45416448
num_train_samples 40874803
num_test_samples 45416448
num_iterations 10
max_num_richardson_iterations None
num_richardson_iterations None
train_mses [0.0010163408706207972, 0.0009998097733358437, 0.0008788926121712876, 0.00018878480257879298, 4.973440111343692e-05, 3.0232673365213494e-05, 2.7518105932283005e-05, 2.3258490552817232e-05, 2.2437219206178364e-05, 2.223238955981455e-05, 2.170480000498592e-05, 2.1402243369070355e-05, 2.131930540975505e-05, 2.1068917608892776e-05, 2.089920515715091e-05, 2.0853478699945553e-05, 2.069867023402021e-05, 2.0586357115774685e-05, 2.0557236255745836e-05, 2.0447850081719504e-05, 2.036496252696029e-05, 2.034501596823102e-05, 2.0261459533005935e-05, 2.019615933940694e-05, 2.018182489373415e-05, 2.0114964800711837e-05, 2.006143047938896e-05, 2.0050717326144938e-05, 1.9995569326381995e-05, 1.9950478006786402e-05, 1.9942190818765655e-05]
train_rres [1.0165127868673869, 0.9999788933117341, 0.8790412787490154, 0.18881673593462933, 0.049742813794470396, 0.030237787287008402, 0.02752276067915179, 0.023262424776573032, 0.02244101451011757, 0.022236150216378047, 0.02170847141864024, 0.021405863604618262, 0.021322911616168564, 0.02107248146167065, 0.02090274030270216, 0.020857006110768114, 0.020702171458657433, 0.020589839342406133, 0.02056071355652111, 0.020451308879587914, 0.020368407304220345, 0.020348457371487716, 0.020264886802511706, 0.020199575563244365, 0.02018523869286922, 0.020118367290318215, 0.020064823913549617, 0.02005410894815266, 0.019998951619986816, 0.019953852673097426, 0.019945564083280982]
test_mses [0.0010162763318138244, 0.0009998103227580048, 0.0008789171743933859, 0.0001887796079606387, 4.972965380542371e-05, 3.0234326133801167e-05, 2.7519032431831677e-05, 2.3258497370630135e-05, 2.2437944021193606e-05, 2.2232897334107125e-05, 2.170512401147897e-05, 2.1402860079677705e-05, 2.1319953565744385e-05, 2.1069580960303012e-05, 2.090013951329283e-05, 2.085450467899337e-05, 2.0699703045357384e-05, 2.0587598653563308e-05, 2.0558580624086125e-05, 2.0449183712899555e-05, 2.0366444236832542e-05, 2.03465948142728e-05, 2.0263024946680642e-05, 2.01978262533887e-05, 2.018357626820046e-05, 2.0116707198495062e-05, 2.0063240156843818e-05, 2.0052596374603137e-05, 1.999744536938162e-05, 1.995239611801688e-05, 1.9944163392125422e-05]
test_rres [1.0165199786764887, 1.0000500219822939, 0.8791278901262816, 0.18882486687081373, 0.049741576226276944, 0.030241574653201514, 0.02752562997396237, 0.023264073472067544, 0.022443323399315734, 0.0222382275533731, 0.021710327699888888, 0.02140799130191245, 0.021325064911581957, 0.021074632280635806, 0.02090515021093701, 0.020859504435927965, 0.02070466568942101, 0.020592534421193336, 0.020563509434797424, 0.020454086296281378, 0.020371326983863628, 0.02035147280251006, 0.020267882899485203, 0.0202026685751522, 0.020188415173605558, 0.020121530072395213, 0.020068050212304192, 0.02005740387827315, 0.02000223965089052, 0.0199571795992066, 0.019948944899562754]
step_times_seconds [1.526237964630127, 1.6165289878845215, 1.7307159900665283, 1.5848910808563232, 1.510641098022461, 1.457280158996582, 1.562403917312622, 1.5422980785369873, 1.463749885559082, 1.5586302280426025, 1.5023281574249268, 1.4514617919921875, 1.5621988773345947, 1.527451992034912, 1.4706270694732666, 1.5565431118011475, 1.5248932838439941, 1.4663090705871582, 1.5476102828979492, 1.5053770542144775, 1.4568250179290771, 1.5564002990722656, 1.5109822750091553, 1.4612090587615967, 1.5633692741394043, 1.4988739490509033, 1.4537270069122314, 1.6110169887542725, 1.5069429874420166, 1.4738192558288574, 1.5670661926269531]
