date 2025-01-28T11:36:04.233235
sample_ratio 0.5
rank 16
seed 0
l2_regularization_strength 0
input_shape (1024, 1344, 33)
input_size 45416448
num_train_samples 22708224
num_test_samples 45416448
num_iterations 10
max_num_richardson_iterations None
num_richardson_iterations None
train_mses [0.0010162049495591444, 0.0010034367058868235, 0.0009967475317342195, 0.0009523427683078243, 0.0003443921535673401, 0.00014674959115444042, 9.202864227468687e-05, 6.212098666902487e-05, 4.555887319287819e-05, 3.983814211010245e-05, 3.1546829712999647e-05, 2.733327797615795e-05, 2.5971210985507662e-05, 2.4093518521442618e-05, 2.3128507247951524e-05, 2.275716924028793e-05, 2.2180993958187784e-05, 2.1850858902472785e-05, 2.1711976540118154e-05, 2.146185878216075e-05, 2.130235378964552e-05, 2.1236367141836055e-05, 2.109210464592828e-05, 2.0992105079766884e-05, 2.0953068491675728e-05, 2.0852428141189703e-05, 2.0778837397315173e-05, 2.0751466770311904e-05, 2.067335282818618e-05, 2.061433713568331e-05, 2.0592998956411124e-05]
train_rres [1.0165217883538324, 1.0037495637178908, 0.9970583039723394, 0.9526396957484665, 0.3444995303271991, 0.14679534566843144, 0.09205733554577135, 0.062140355142431325, 0.045573077825984964, 0.039850563097556066, 0.03155666558272931, 0.02734180011812606, 0.025979308453630414, 0.024101030550754656, 0.023135718399956397, 0.022764264614184442, 0.022187909688517325, 0.021857671701210443, 0.021718746037236083, 0.02146855029598506, 0.021308995571996274, 0.02124298835045317, 0.021098680875473657, 0.02099865013081621, 0.02095960137165117, 0.020858929642881305, 0.02078531595442006, 0.020757936793629906, 0.020679798496646154, 0.020620764403858096, 0.020599419571633665]
test_mses [0.0010162763318138244, 0.0010038667060384412, 0.0009974810140042614, 0.0009529091109735996, 0.000344825723660325, 0.00014704701416717912, 9.222115834998143e-05, 6.225702314392272e-05, 4.56600463451527e-05, 3.993332802905854e-05, 3.16375437815515e-05, 2.741394877078814e-05, 2.6049468578183664e-05, 2.4168156886415642e-05, 2.3197528968396817e-05, 2.282464747171216e-05, 2.224675782167443e-05, 2.191360799301116e-05, 2.1773922874052338e-05, 2.1522961954561436e-05, 2.1361572870040543e-05, 2.1295125107263106e-05, 2.115039865769665e-05, 2.104911592322743e-05, 2.100976697334449e-05, 2.0908877999207498e-05, 2.0834381976035912e-05, 2.080675898369532e-05, 2.0728547107625146e-05, 2.0668882553535003e-05, 2.064731221613052e-05]
test_rres [1.0165199786764887, 1.0041073777591167, 0.9977201547891259, 0.9531375658810147, 0.3449083937994453, 0.1470822679092416, 0.09224326788377636, 0.06227194893515979, 0.04567099309919276, 0.039942901832743065, 0.0316451287149436, 0.02742052111966821, 0.026055713800171482, 0.024173951073899316, 0.023203090452983022, 0.022830119559936406, 0.022252091363918813, 0.021918861664350354, 0.021779143056624813, 0.021528121970583958, 0.02136669419388567, 0.021300230500609387, 0.021155469353643926, 0.021054162337176077, 0.021014803953591017, 0.02091389079185735, 0.020839376908659155, 0.020811747293852594, 0.020733516666899782, 0.020673837808549114, 0.020652262299770595]
step_times_seconds [1.4104390144348145, 1.532839059829712, 1.6362121105194092, 1.492300033569336, 1.4067347049713135, 1.358830213546753, 1.4658188819885254, 1.4075229167938232, 1.367009162902832, 1.4659559726715088, 1.410526990890503, 1.3787460327148438, 1.4651639461517334, 1.4022729396820068, 1.35817289352417, 1.4631826877593994, 1.4187378883361816, 1.3582737445831299, 1.4652268886566162, 1.4105150699615479, 1.3654248714447021, 1.4589149951934814, 1.4027948379516602, 1.354301929473877, 1.4528157711029053, 1.408968210220337, 1.356255054473877, 1.4700050354003906, 1.3999419212341309, 1.3629250526428223, 1.4666428565979004]
