date 2025-01-28T11:36:04.233235
sample_ratio 0.7
rank 16
seed 0
l2_regularization_strength 0
input_shape (1024, 1344, 33)
input_size 45416448
num_train_samples 31791513
num_test_samples 45416448
num_iterations 10
max_num_richardson_iterations None
num_richardson_iterations None
train_mses [0.0010161646925080229, 0.0010008757019966796, 0.0009763863842079186, 0.0006856412085893457, 0.00012283919755614624, 6.550796419118008e-05, 5.5873943088404895e-05, 2.9955105410940858e-05, 2.6353155550859025e-05, 2.544076766781813e-05, 2.3022264013012055e-05, 2.246356228114914e-05, 2.230884817062271e-05, 2.1856411991688214e-05, 2.1646347123368606e-05, 2.1600528297101778e-05, 2.142094052770737e-05, 2.1298799628324118e-05, 2.1274519095015524e-05, 2.116092433911726e-05, 2.1072046767614627e-05, 2.1054696627272745e-05, 2.0967115643908533e-05, 2.089442531647789e-05, 2.0880274539114143e-05, 2.0806268862214654e-05, 2.07428504550699e-05, 2.073040418246509e-05, 2.0664757267937238e-05, 2.0607446914799836e-05, 2.0595983169509037e-05]
train_rres [1.0165087751933026, 1.0012146076895394, 0.9767169975931559, 0.6858733729913655, 0.12288079203513604, 0.06553014578870289, 0.05589286251801779, 0.029965248484385174, 0.02636207897104316, 0.025449382145096525, 0.023030059562770096, 0.022471168649376285, 0.022316402151232973, 0.02186381277325849, 0.021653676775047724, 0.021607842434106066, 0.021428193854645738, 0.021306011597233665, 0.021281722842313788, 0.021168089622189266, 0.02107918195592573, 0.02106182594066719, 0.020974215301578707, 0.02090150036053647, 0.020887344791589713, 0.020813314055689237, 0.02074987417449014, 0.020737423687463268, 0.020671754544288035, 0.020614424785339404, 0.020602957158319304]
test_mses [0.0010162763318138244, 0.0010011878337173122, 0.0009768470687570334, 0.0006859580880386953, 0.00012298669362078129, 6.559621426746662e-05, 5.5946069639586764e-05, 3.000488382304657e-05, 2.639780294020582e-05, 2.548345074003203e-05, 2.3062413351736313e-05, 2.2502640312073155e-05, 2.234759182292918e-05, 2.1894219746157608e-05, 2.168358102714193e-05, 2.1637702826504575e-05, 2.145750347249562e-05, 2.133504425542205e-05, 2.1310764311592892e-05, 2.1196718090328026e-05, 2.1107679764759428e-05, 2.1090320662252573e-05, 2.1002373081370095e-05, 2.0929612142979676e-05, 2.0915422972323384e-05, 2.0841094029917664e-05, 2.077765158383531e-05, 2.0765134862652816e-05, 2.069918901534917e-05, 2.0641872766882048e-05, 2.063030959259793e-05]
test_rres [1.0165199786764887, 1.0014278631925508, 0.9770812626629178, 0.6861225428536288, 0.12301617902855089, 0.0656119406120725, 0.0559594824131793, 0.030012077334869325, 0.026404131673510203, 0.02548956026224395, 0.023067942443069755, 0.02250803520078803, 0.022352949539590786, 0.0218994687692674, 0.021688779550735563, 0.021642890351042835, 0.0214626477951941, 0.021340159219172466, 0.021315873454355497, 0.02120179989111371, 0.021112740219078604, 0.021095376954818952, 0.02100740828897022, 0.020934629906530573, 0.02092043733409584, 0.020846090571720242, 0.020782632915647786, 0.020770113193647747, 0.02070415153617683, 0.020646821546443005, 0.020635255599949155]
step_times_seconds [1.482356071472168, 1.5639309883117676, 1.676720142364502, 1.5278499126434326, 1.4395921230316162, 1.4017560482025146, 1.5118987560272217, 1.4634230136871338, 1.4089417457580566, 1.5171680450439453, 1.4571771621704102, 1.4167289733886719, 1.517437219619751, 1.4595110416412354, 1.4020791053771973, 1.5253210067749023, 1.4440550804138184, 1.4082329273223877, 1.4917261600494385, 1.4614460468292236, 1.4238300323486328, 1.5105280876159668, 1.4601821899414062, 1.4234638214111328, 1.5118870735168457, 1.4360630512237549, 1.3800392150878906, 1.5050077438354492, 1.4780690670013428, 1.42724609375, 1.5100479125976562]
