date 2025-01-28T11:36:04.233235
sample_ratio 0.1
rank 16
seed 0
l2_regularization_strength 0
input_shape (1024, 1344, 33)
input_size 45416448
num_train_samples 4541644
num_test_samples 45416448
num_iterations 10
max_num_richardson_iterations None
num_richardson_iterations None
train_mses [0.0010162743593017482, 0.0010124942581137423, 0.0010092361490700362, 0.0010074147765383955, 0.0010053052512188612, 0.0010033035069953377, 0.0010025136052455672, 0.0010007950823244897, 0.0009971095530036896, 0.0009904726354955323, 0.0009456058110830179, 0.0008487803213808685, 0.0007478463510167502, 0.0006543058598112825, 0.0005690160635252754, 0.0004967074710638953, 0.00043430035194050017, 0.0003800129330597535, 0.00033533048186491, 0.00029690815369051693, 0.00026363144584004794, 0.0002367237237487541, 0.0002131903632525486, 0.00019264903422069022, 0.00017634421147901872, 0.0001615405071957434, 0.00014838285096269106, 0.00013811135562994724, 0.0001282721695802052, 0.00011938313816269029, 0.0001126044996933319]
train_rres [1.0164791184840383, 1.01269825568041, 1.0094394901921746, 1.0076177506899942, 1.0055078003428328, 1.003505652807441, 1.0027155919080917, 1.0009967227386367, 0.9973104508565753, 0.990672196140813, 0.9457963319506101, 0.8489513338274179, 0.7479970272646661, 0.6544376895003778, 0.5691307090073845, 0.49680754779483066, 0.434387854871296, 0.3800894981494074, 0.335398044324432, 0.2969679748108753, 0.2636845623619616, 0.23677141889687994, 0.21323331689400588, 0.19268784919063894, 0.1763797413496816, 0.16157305441279884, 0.1484127471722637, 0.1381391823363724, 0.12829801388525275, 0.11940719150372527, 0.11262718727279146]
test_mses [0.0010162763318138244, 0.0010131462542219514, 0.0010106641663733683, 0.0010087249397959675, 0.0010071375462556392, 0.0010058017363015934, 0.0010048393844759075, 0.0010035817971470382, 0.0010005010517320175, 0.0009937818693801662, 0.0009493047128278667, 0.0008527515283986903, 0.0007515667499567828, 0.0006580409345421042, 0.000572743125473842, 0.0005001343586341696, 0.0004376088299190033, 0.0003832136708944735, 0.00033826241960182126, 0.0002996944281950041, 0.0002662929759775445, 0.00023916621896971624, 0.0002155029252067614, 0.00019485342881066307, 0.00017838015694892758, 0.00016347614744364518, 0.00015023527654554105, 0.00013983646672374665, 0.00012992390158201214, 0.00012097260110307901, 0.00011409506294971541]
test_rres [1.0165199786764887, 1.0133891506651072, 1.0109064677491215, 1.0089667762524297, 1.0073790021429159, 1.0060428719355154, 1.0050802893910815, 1.0038224005623173, 1.0007409165549164, 0.9940201233147185, 0.9495323035999356, 0.8529559710566783, 0.7517469341005805, 0.6581986963674924, 0.5728804376017208, 0.5002542631951411, 0.4377137443159504, 0.3833055443404258, 0.33834351622358955, 0.2997662783453046, 0.2663568183067569, 0.23922355780275115, 0.21555459089056989, 0.19490014388718593, 0.17842292264585624, 0.16351533998331003, 0.15027129465660585, 0.139869991775287, 0.1299550501486122, 0.1210016036428454, 0.11412241663617148]
step_times_seconds [1.3119549751281738, 1.4382719993591309, 1.5423572063446045, 1.4361588954925537, 1.3009440898895264, 1.235478162765503, 1.3591489791870117, 1.314894676208496, 1.2588419914245605, 1.3614327907562256, 1.3094358444213867, 1.2636709213256836, 1.3677349090576172, 1.307318925857544, 1.288520097732544, 1.3581011295318604, 1.3228857517242432, 1.2665088176727295, 1.3860342502593994, 1.3093502521514893, 1.2657568454742432, 1.3743867874145508, 1.3029570579528809, 1.281738042831421, 1.3783540725708008, 1.322554111480713, 1.2587697505950928, 1.3669097423553467, 1.321852207183838, 1.2651269435882568, 1.360555648803711]
