date 2025-01-26T23:42:30.059438
sample_ratio 0.5
rank 16
seed 0
l2_regularization_strength 0
input_shape (100, 100, 100)
input_size 1000000
num_train_samples 500000
num_test_samples 1000000
num_iterations 10
max_num_richardson_iterations 1024
num_richardson_iterations [5, 5, 5, 4, 4, 4, 4, 4, 4, 3, 3, 3, 3, 3, 3, 3, 3, 3, 3, 3, 3, 3, 3, 3, 3, 2, 2, 2, 2, 2]
train_mses [1.003481270231157, 1.0003087552796555, 0.9972610805405814, 0.9940536763686602, 0.9921113111539628, 0.9906059780474898, 0.9895751496168375, 0.9887153388405419, 0.9879954497722334, 0.9874033348759421, 0.9869170254727656, 0.9865565342306352, 0.9862806938072626, 0.9859891325242068, 0.9857429093601789, 0.985513693499881, 0.9852967363989503, 0.9851020224800473, 0.984914683225408, 0.9847392994246112, 0.984576577188032, 0.9844192429778799, 0.9842719755511302, 0.9841332980213883, 0.983999827746061, 0.9838749247663149, 0.9837805849269224, 0.9837099920238921, 0.9836635137122935, 0.9835942400490019, 0.9835345181440933]
train_rres [1.000007075154489, 0.9968455439015895, 0.993808420646522, 0.9906121209646531, 0.988676480494967, 0.9871763590661033, 0.9861490995102918, 0.985292265521361, 0.9845748688115359, 0.9839848039013465, 0.9835001781705855, 0.9831409350004778, 0.982866049575937, 0.9825754977195684, 0.9823301270152023, 0.9821017047328584, 0.9818854987683109, 0.9816914589767268, 0.9815047683172685, 0.981329991720169, 0.9811678328511483, 0.9810110433544396, 0.9808642857884957, 0.9807260883801127, 0.9805930801978878, 0.9804686096500467, 0.9803745964286145, 0.9803042479282684, 0.9802579305312042, 0.9801888967032011, 0.9801293815640331]
test_mses [1.001584962930498, 1.0012448165578582, 1.0012319338475466, 1.0012442628077445, 1.0011213769722491, 1.0011739019568158, 1.0011991789334722, 1.0011907109878107, 1.0012590335699245, 1.0012832019325566, 1.0012352017202941, 1.0012914904662515, 1.0013284317987357, 1.0013292492686325, 1.001374174162403, 1.0013981263943976, 1.0014043053084845, 1.001439310551982, 1.0014595302505334, 1.0014668555475335, 1.00149321738926, 1.0015107959495142, 1.0015179518899298, 1.0015364247543754, 1.0015517162844587, 1.0015577386695842, 1.0015492402193011, 1.0015562616502611, 1.0015662129023475, 1.0015668856157875, 1.0015742197394633]
test_rres [1.0000141833828788, 0.9996745704597068, 0.9996617079532707, 0.9996740175780359, 0.9995513244636418, 0.9996037670735978, 0.9996290044085269, 0.9996205497430926, 0.9996887651753202, 0.9997128956348578, 0.9996649707010334, 0.9997211711696962, 0.9997580545673154, 0.9997588707551791, 0.9998037251935146, 0.9998276398613708, 0.9998338090851046, 0.9998687594300939, 0.999888947418216, 0.9998962612269977, 0.9999225817256097, 0.9999401327175159, 0.999947277435314, 0.9999657213288798, 0.9999809888773504, 0.9999870018176061, 0.9999785166953906, 0.9999855271146836, 0.9999954627602823, 0.9999961344187099, 1.0000034570403247]
step_times_seconds [0.020843982696533203, 0.20360493659973145, 0.2311089038848877, 0.17914700508117676, 0.14122796058654785, 0.17256784439086914, 0.15871787071228027, 0.1379241943359375, 0.1388101577758789, 0.15944194793701172, 0.12870287895202637, 0.11716699600219727, 0.10758328437805176, 0.12582087516784668, 0.11369490623474121, 0.11081600189208984, 0.12050414085388184, 0.10697388648986816, 0.11940693855285645, 0.11478519439697266, 0.09947013854980469, 0.11153578758239746, 0.1028599739074707, 0.12205004692077637, 0.1136939525604248, 0.11483430862426758, 0.08150100708007812, 0.07347488403320312, 0.0605168342590332, 0.08065032958984375, 0.08141899108886719]
