date 2025-01-26T23:42:30.059438
sample_ratio 0.2
rank 16
seed 0
l2_regularization_strength 0
input_shape (100, 100, 100)
input_size 1000000
num_train_samples 200000
num_test_samples 1000000
num_iterations 10
max_num_richardson_iterations 1024
num_richardson_iterations [10, 10, 10, 9, 8, 7, 7, 7, 6, 6, 5, 5, 5, 5, 5, 4, 4, 4, 4, 4, 3, 3, 3, 3, 3, 3, 3, 3, 3, 3]
train_mses [1.0058693838796928, 0.9980898042570516, 0.9899568521728284, 0.9813432060059257, 0.9767485604706037, 0.9734062174808811, 0.9711471760482677, 0.9694841566507912, 0.9679716943125675, 0.9667158871186415, 0.9657104376314696, 0.9648823207300785, 0.9641545847952425, 0.9635733021638596, 0.9629480879657479, 0.9623909858093456, 0.9619537952498043, 0.9615513531498208, 0.9612262271249469, 0.9608746316374306, 0.9605382761963821, 0.960299265529582, 0.9600865925921047, 0.9599073041178288, 0.9597012339359035, 0.9595115417654849, 0.9593375640715113, 0.9591540513442236, 0.958981916470096, 0.9588174621457461, 0.9586511799334656]
train_rres [1.0000102312058812, 0.9922759673523424, 0.984190389418992, 0.9756269174285569, 0.9710590355368102, 0.9677361615737612, 0.9654902789755475, 0.9638369466057364, 0.9623332943057691, 0.9610848021431943, 0.9600852093628129, 0.959261916212333, 0.9585384193129194, 0.9579605226317786, 0.9573389502836916, 0.9567850932271418, 0.956350449286751, 0.9559503513974016, 0.9556271192198288, 0.9552775717632733, 0.9549431755804679, 0.954705557142132, 0.9544941230168009, 0.954315878891384, 0.9541110090607934, 0.9539224218403866, 0.9537494575601694, 0.9535670137878612, 0.9533958815931315, 0.9532323852092555, 0.9530670715848296]
test_mses [1.001584962930498, 1.0046338489505302, 1.009403248103322, 1.014387246060924, 1.0176732348316155, 1.0198921924651094, 1.0214210604949194, 1.022609165515968, 1.0236845155385947, 1.0244484690852425, 1.0251041690516474, 1.0256344362686916, 1.0261503359126243, 1.0265590977544912, 1.026992504396584, 1.0274137301709105, 1.0276463256128945, 1.0279337733216645, 1.0282219568594981, 1.0284316602248462, 1.0286768512619393, 1.028844315015771, 1.0289753179492618, 1.0291275735027536, 1.0292849652267944, 1.0294045907861955, 1.0295409204920571, 1.0296880902796073, 1.0297979967067956, 1.0299213911743295, 1.0300588172965257]
test_rres [1.0000141833828788, 1.003058287853686, 1.0078202071870705, 1.0127963887712774, 1.0160772241459561, 1.0182927018018177, 1.0198191721172838, 1.0210054138405227, 1.0220790773983117, 1.022841832841303, 1.0234965044774766, 1.0240259400797, 1.024541030641389, 1.024949151424569, 1.025381878357686, 1.0258024435262172, 1.0260346741901976, 1.0263216710964909, 1.0266094026778516, 1.0268187771666994, 1.0270635836721944, 1.0272307847936493, 1.0273615822760438, 1.0275135990480861, 1.0276707439356523, 1.027790181887023, 1.027926297787844, 1.02807323676992, 1.0281829708315333, 1.0283061717802815, 1.0284433823779342]
step_times_seconds [0.021091938018798828, 0.39272308349609375, 0.39349794387817383, 0.39306211471557617, 0.30652785301208496, 0.30594515800476074, 0.25143980979919434, 0.22532296180725098, 0.22930502891540527, 0.19464516639709473, 0.23488116264343262, 0.18591690063476562, 0.19872593879699707, 0.14507699012756348, 0.15724778175354004, 0.16231203079223633, 0.12248420715332031, 0.15211796760559082, 0.12954115867614746, 0.1348729133605957, 0.16814899444580078, 0.09974908828735352, 0.0967409610748291, 0.08839607238769531, 0.09684586524963379, 0.1012716293334961, 0.11652612686157227, 0.09819269180297852, 0.10063886642456055, 0.11131119728088379, 0.11457204818725586]
