date 2025-01-26T23:42:30.059438
sample_ratio 0.6
rank 16
seed 0
l2_regularization_strength 0
input_shape (100, 100, 100)
input_size 1000000
num_train_samples 600000
num_test_samples 1000000
num_iterations 10
max_num_richardson_iterations 1024
num_richardson_iterations [3, 3, 3, 3, 3, 2, 2, 2, 2, 2, 2, 2, 2, 2, 2, 2, 2, 2, 2, 2, 2, 2, 2, 2, 2, 2, 2, 2, 2, 2]
train_mses [1.0036977488243108, 1.001076962151744, 0.998540068878999, 0.9957245943497607, 0.9939525542522823, 0.9925895316112876, 0.9918016130580503, 0.9913269247620122, 0.9911280955577446, 0.9907711257028398, 0.9904898153084953, 0.9902691357124267, 0.9900336623730079, 0.9898233158305676, 0.9896343348068637, 0.9894567154099256, 0.9892893758610553, 0.9891325702369778, 0.9889901572144038, 0.9888526130610769, 0.9887213430129925, 0.9886028661789548, 0.9884870151678341, 0.9883754342782699, 0.9882743693391127, 0.9881749722606374, 0.9880788081923038, 0.9879911299741809, 0.9879047334825657, 0.9878209460306977, 0.9877440393089847]
train_rres [1.0000049644963076, 0.9973938201687224, 0.9948662605820701, 0.9920611446894129, 0.9902956242457928, 0.9889376164099555, 0.9881525967506218, 0.9876796549181006, 0.9874815572421943, 0.9871259007435138, 0.9868456253406463, 0.9866257576644559, 0.9863911506737547, 0.9861815780340317, 0.9859932923054637, 0.9858163264021956, 0.9856496025255873, 0.9854933738175703, 0.9853514847580902, 0.9852144466544127, 0.9850836595724173, 0.9849656186359359, 0.9848501938614973, 0.9847390234980709, 0.9846383303949807, 0.9845392990162134, 0.9844434887527627, 0.9843561331185553, 0.9842700544951535, 0.9841865753123729, 0.984109951544305]
test_mses [1.001584962930498, 1.0009581635797238, 1.0004390942957688, 0.9999719984502605, 0.9995640495573668, 0.9993322268211466, 0.9989927151403173, 0.9989011856213099, 0.9989427147172111, 0.9988698103402841, 0.9988320775638394, 0.9988273530510775, 0.9988003590279639, 0.9987712462334145, 0.9987601849518118, 0.9987504200329764, 0.9987251595217322, 0.9987148724482895, 0.9987139283006733, 0.9986908507388468, 0.9986821915591126, 0.9986863174986416, 0.998664911510371, 0.9986577550601992, 0.9986648478118938, 0.9986449454857146, 0.99863898598796, 0.9986476743802556, 0.9986290986868929, 0.9986239645912919, 0.9986332589375139]
test_rres [1.0000141833828788, 0.9993883670376779, 0.9988701118068938, 0.998403748504932, 0.9979964393957822, 0.9977649802257359, 0.997426000998991, 0.9973346150251663, 0.9973760789912414, 0.9973032889498011, 0.9972656153494379, 0.9972608982461004, 0.9972339465575476, 0.997204879420415, 0.9971938354861524, 0.9971840858815793, 0.9971588649862397, 0.9971485940459511, 0.9971476513790358, 0.9971246100096078, 0.9971159644100122, 0.9971200838788554, 0.9970987114614647, 0.9970915662347098, 0.9970986478628855, 0.9970787767494023, 0.9970728265978914, 0.9970815013642348, 0.9970629548030179, 0.9970578287591875, 0.9970671085291434]
step_times_seconds [0.02290797233581543, 0.13294601440429688, 0.155778169631958, 0.13068079948425293, 0.12012219429016113, 0.1248922348022461, 0.0634157657623291, 0.09354090690612793, 0.07834291458129883, 0.08095693588256836, 0.06897592544555664, 0.07204008102416992, 0.08073115348815918, 0.07993388175964355, 0.07196903228759766, 0.07753801345825195, 0.07008814811706543, 0.07988905906677246, 0.07119989395141602, 0.06560111045837402, 0.08207106590270996, 0.07351088523864746, 0.0745851993560791, 0.07506990432739258, 0.07367515563964844, 0.0786752700805664, 0.08988690376281738, 0.0933372974395752, 0.07386207580566406, 0.0912008285522461, 0.0866241455078125]
