date 2025-01-26T23:42:30.059438
sample_ratio 0.6
rank 16
seed 0
l2_regularization_strength 0
input_shape (100, 100, 100)
input_size 1000000
num_train_samples 600000
num_test_samples 1000000
num_iterations 10
max_num_richardson_iterations 1024
num_richardson_iterations [3, 3, 3, 3, 3, 2, 2, 2, 2, 2, 2, 2, 2, 2, 2, 2, 2, 2, 2, 2, 2, 2, 2, 2, 2, 2, 2, 2, 2, 2]
train_mses [1.0036977488243108, 1.0011441157735097, 0.9986035571967051, 0.995815059999775, 0.9942775004933427, 0.9931173777050533, 0.992383761179779, 0.991884002402262, 0.9915714231943744, 0.9911876195805974, 0.9908647771806416, 0.990593505879305, 0.9903340300599688, 0.9900959052414069, 0.9898805316212625, 0.9896860988605257, 0.9895008440671712, 0.9893282487996151, 0.9891741415904336, 0.9890245030159911, 0.9888827306578913, 0.9887557502893615, 0.9886311931994484, 0.9885120079563782, 0.9884044139779693, 0.988298389495318, 0.9881963754460452, 0.9881034866127969, 0.9880118820984962, 0.9879234623668871, 0.9878423582758813]
train_rres [1.0000049644963076, 0.9974607267202497, 0.99492951531485, 0.9921512775000492, 0.9906193749512571, 0.9894635204631169, 0.9887326030448301, 0.9882346829696352, 0.9879232537968071, 0.9875408622654738, 0.9872192076607047, 0.9869489344152184, 0.9866904132540353, 0.9864531645394591, 0.9862385833175542, 0.9860448659098732, 0.9858602927021836, 0.985688332443623, 0.9855347922225487, 0.9853857041953035, 0.985244453443178, 0.9851179402582354, 0.9849938414362323, 0.9848750946970825, 0.984767896576249, 0.9846622621767162, 0.9845606234554571, 0.9844680763769134, 0.9843768088920771, 0.9842887144725448, 0.9842079087780599]
test_mses [1.001584962930498, 1.0007079508466488, 1.0001342117554104, 0.9996133113366791, 0.9994070144983949, 0.999266368489659, 0.9990498323812813, 0.9989739765196534, 0.9989858994633509, 0.9989213351427897, 0.9988778704885175, 0.9988641465345867, 0.998835408564511, 0.9988038607190206, 0.9987900208696048, 0.9987771683980958, 0.9987513275548543, 0.9987401371926128, 0.9987365224652869, 0.998713461317566, 0.9987046128060019, 0.9987067922809104, 0.9986855126973857, 0.9986784713198218, 0.998684247603584, 0.9986645098150674, 0.9986588006813534, 0.9986666137198664, 0.9986482823729319, 0.9986434749861584, 0.9986521485895457]
test_rres [1.0000141833828788, 0.9991385467116958, 0.9985657074119514, 0.9980456239181484, 0.9978396506139291, 0.9976992251794652, 0.9974830286633367, 0.9974072917659907, 0.9974191960110089, 0.9973547329462752, 0.9973113364573534, 0.9972976340266153, 0.9972689411261216, 0.9972374427569236, 0.9972236246124587, 0.997210792297402, 0.9971849919801962, 0.997173819167731, 0.9971702101093598, 0.9971471851282953, 0.9971383504937975, 0.997140526550649, 0.9971192803397645, 0.9971122500051497, 0.9971180172300015, 0.9970983103961375, 0.9970926102160229, 0.9971004110013955, 0.9970821084034, 0.9970773085560214, 0.9970859685566498]
step_times_seconds [0.02130722999572754, 0.13224506378173828, 0.11760497093200684, 0.12493705749511719, 0.1077880859375, 0.10872387886047363, 0.07663989067077637, 0.06357192993164062, 0.09544205665588379, 0.07397603988647461, 0.08083200454711914, 0.06954002380371094, 0.09607315063476562, 0.08285903930664062, 0.08431196212768555, 0.0812387466430664, 0.07262992858886719, 0.09996294975280762, 0.07254910469055176, 0.09084129333496094, 0.07943391799926758, 0.07042407989501953, 0.07215690612792969, 0.08159589767456055, 0.07195019721984863, 0.07585787773132324, 0.08521890640258789, 0.07242822647094727, 0.05935311317443848, 0.06400680541992188, 0.07336282730102539]
