date 2025-01-26T23:42:30.059438
sample_ratio 0.3
rank 16
seed 0
l2_regularization_strength 0
input_shape (100, 100, 100)
input_size 1000000
num_train_samples 300000
num_test_samples 1000000
num_iterations 10
max_num_richardson_iterations 1024
num_richardson_iterations [2, 2, 2, 2, 2, 2, 2, 2, 2, 2, 2, 2, 2, 2, 2, 2, 2, 2, 2, 2, 2, 2, 2, 2, 2, 2, 2, 2, 2, 2]
train_mses [1.003944295870518, 1.0011830807517217, 0.9973247695652784, 0.9929534296961854, 0.9905566557369904, 0.9887626836078008, 0.9871028946919486, 0.9860884429815963, 0.9852037776353596, 0.9843148874234365, 0.9836959150995537, 0.9831043648818725, 0.9824954367969064, 0.9820304426537672, 0.9815726704176042, 0.9811042879512067, 0.9807241736615451, 0.9803467920072633, 0.979964919611745, 0.9796418153993661, 0.9793200492812352, 0.9789975382192937, 0.9787165719010834, 0.978436269845544, 0.9781573435315478, 0.977909270626181, 0.9776614636828289, 0.9774162130017561, 0.9771947861853169, 0.9769734157250115, 0.9767552510442695]
train_rres [1.0000060431263478, 0.9972556596473782, 0.9934124837674257, 0.9890582917035508, 0.9866709197616396, 0.9848839849906879, 0.983230707061829, 0.9822202348224978, 0.9813390398239107, 0.9804536365328564, 0.9798370923013121, 0.9792478626050758, 0.9786413232111074, 0.9781781531377574, 0.9777221766414305, 0.9772556315364695, 0.9768770083515937, 0.9765011070825701, 0.9761207326885005, 0.9757988959429086, 0.9754783920425151, 0.975157146120562, 0.9748772819714444, 0.9745980794792413, 0.9743202473318497, 0.9740731475619491, 0.9738263127107525, 0.9735820240941805, 0.9733614658864589, 0.9731409638137986, 0.9729236549451331]
test_mses [1.001584962930498, 1.0010497957918179, 1.000827106985962, 1.0010339843647948, 1.0020254327232254, 1.0031060744604543, 1.0040992761167373, 1.005097040582241, 1.0059445101025264, 1.0066448743922642, 1.0072871520384965, 1.0078266095184374, 1.008273248628449, 1.0086871633900845, 1.009046662306323, 1.0093502740184033, 1.0096410709687826, 1.0099032602553966, 1.0101280795462206, 1.0103508246839572, 1.010557307446938, 1.0107356966702228, 1.0109175000388364, 1.011088909961066, 1.0112374996066582, 1.0113921412421965, 1.011539271021248, 1.0116671796163543, 1.0118021112830906, 1.0119310387464395, 1.0120436197850455]
test_rres [1.0000141833828788, 0.9994798555435362, 0.9992575159791673, 0.9994640689134773, 1.0004539623895348, 1.0015329093629624, 1.002524553387186, 1.0035207530648047, 1.004366893503845, 1.0050661594165675, 1.0057074297827109, 1.0062460412347982, 1.0066919798834357, 1.007105245505092, 1.0074641806213878, 1.007767316181084, 1.0080576570763915, 1.0083194351731573, 1.0085439018812679, 1.0087662976891725, 1.008972456626504, 1.009150566083065, 1.0093320843305722, 1.0095032254316731, 1.0096515820450365, 1.0098059811570472, 1.0099528801933697, 1.0100805881902117, 1.0102153082444436, 1.0103440335116434, 1.0104564379900978]
step_times_seconds [0.024981021881103516, 0.0737619400024414, 0.07601475715637207, 0.08262777328491211, 0.0740361213684082, 0.07689499855041504, 0.06710505485534668, 0.07726120948791504, 0.07034611701965332, 0.07535982131958008, 0.07225799560546875, 0.0869450569152832, 0.07696104049682617, 0.06857609748840332, 0.08027482032775879, 0.06664919853210449, 0.0726010799407959, 0.07641029357910156, 0.08177304267883301, 0.07056474685668945, 0.08291316032409668, 0.06770682334899902, 0.07409167289733887, 0.07629275321960449, 0.07167696952819824, 0.07990097999572754, 0.056732177734375, 0.09331679344177246, 0.06967711448669434, 0.07065486907958984, 0.0782320499420166]
