date 2025-01-26T23:42:30.059438
sample_ratio 0.8
rank 16
seed 0
l2_regularization_strength 0
input_shape (100, 100, 100)
input_size 1000000
num_train_samples 800000
num_test_samples 1000000
num_iterations 10
max_num_richardson_iterations 1024
num_richardson_iterations [3, 3, 3, 3, 2, 2, 2, 2, 2, 2, 2, 2, 2, 2, 2, 2, 2, 2, 2, 2, 2, 2, 2, 2, 2, 2, 2, 2, 2, 2]
train_mses [1.001666328348003, 0.9996329265739018, 0.9977601604153108, 0.9958202379629196, 0.9945399072363094, 0.9936208658566387, 0.9930261855214706, 0.9926693160991402, 0.9922772751680079, 0.9919624492728416, 0.9916881085154635, 0.9914283983578288, 0.9912029244191334, 0.990996654768358, 0.9908000045288861, 0.9906229087145639, 0.9904583646384935, 0.9902996898029721, 0.9901546200294832, 0.9900191821729233, 0.9898886594664988, 0.9897691003580171, 0.9896574053442165, 0.9895500907775562, 0.9894517976849192, 0.9893597561725249, 0.9892710888641775, 0.9891896338504538, 0.9891129460452971, 0.9890384508928386, 0.988969706587353]
train_rres [1.0000092451312033, 0.9979792072676755, 0.9961095392758917, 0.9941728260887487, 0.9928946134472721, 0.9919770924621707, 0.991383395922479, 0.9910271168787145, 0.9906357245113093, 0.990321419440985, 0.9900475325328097, 0.9897882520205882, 0.9895631510894193, 0.9893572226760069, 0.9891608977602503, 0.9889840949202384, 0.9888198230538042, 0.9886614107182785, 0.9885165809375698, 0.988381367139454, 0.98825106036021, 0.9881316990415377, 0.9880201888077658, 0.9879130517744439, 0.9878149212906812, 0.9877230320450061, 0.9876345114213423, 0.9875531911608117, 0.9874766302223283, 0.9874022583091796, 0.9873336277292247]
test_mses [1.001584962930498, 1.0002867487166585, 0.9991672207796943, 0.9980299376278937, 0.9972440329144432, 0.9966490281130771, 0.9963176068687432, 0.9961157723288615, 0.9958799145537325, 0.9956928244600793, 0.9955221651365329, 0.9953557051111723, 0.9952094655320404, 0.9950742460291573, 0.9949431256889724, 0.9948237451322209, 0.9947137127544422, 0.9946093190493532, 0.9945117081585642, 0.9944223889377662, 0.9943411802366213, 0.9942622286620953, 0.9941909351051257, 0.994129296138043, 0.9940657493281138, 0.9940092351863618, 0.9939625140917848, 0.9939109484867016, 0.993865696164712, 0.99382930207182, 0.9937867672416651]
test_rres [1.0000141833828788, 0.9987180051504199, 0.9976002329622453, 0.9964647334046287, 0.9956800612207147, 0.9950859895617253, 0.994755088083294, 0.9945535700792819, 0.9943180821984535, 0.9941312855170454, 0.9939608938374682, 0.9937946948703434, 0.9936486846378455, 0.9935136771988786, 0.9933827624939181, 0.9932635691609608, 0.9931537093462846, 0.9930494793612022, 0.9929520215529739, 0.9928628424109615, 0.992781761068924, 0.9927029333136677, 0.9926317515659455, 0.9925702092668766, 0.992506762117019, 0.9924503366060485, 0.9924036887838774, 0.9923522040488161, 0.9923070226957651, 0.9922706856795056, 0.9922282175564637]
step_times_seconds [0.019495010375976562, 0.1319260597229004, 0.13269400596618652, 0.11642789840698242, 0.1215219497680664, 0.07655096054077148, 0.08781695365905762, 0.0793919563293457, 0.07927799224853516, 0.08167314529418945, 0.0666799545288086, 0.07744693756103516, 0.07999396324157715, 0.09401702880859375, 0.08031201362609863, 0.07896590232849121, 0.0739290714263916, 0.07316303253173828, 0.07174301147460938, 0.12237882614135742, 0.06513690948486328, 0.06704282760620117, 0.08719086647033691, 0.08418798446655273, 0.08016705513000488, 0.0715017318725586, 0.07120370864868164, 0.08134603500366211, 0.0786581039428711, 0.10065698623657227, 0.07515287399291992]
