date 2025-01-26T23:42:30.059438
sample_ratio 0.1
rank 16
seed 0
l2_regularization_strength 0
input_shape (100, 100, 100)
input_size 1000000
num_train_samples 100000
num_test_samples 1000000
num_iterations 10
max_num_richardson_iterations 1024
num_richardson_iterations [4, 4, 4, 4, 4, 4, 2, 2, 2, 2, 2, 2, 2, 2, 2, 2, 2, 2, 2, 2, 2, 2, 2, 2, 2, 2, 2, 2, 2, 2]
train_mses [1.0086074595701853, 0.9925407908185129, 0.977248055851869, 0.9615490689575722, 0.9519855818924235, 0.9443495791063812, 0.9388657656404168, 0.9380595906243823, 0.9377221299890801, 0.9377023016565126, 0.9370259525100114, 0.9367285615509611, 0.9366974226947152, 0.9361210068011696, 0.9358523759796706, 0.9358066433769621, 0.9353082914099232, 0.9350609649481294, 0.9350001552252045, 0.9345635775578298, 0.9343325201811681, 0.9342575764196083, 0.933870463062278, 0.9336522054639459, 0.9335647293383388, 0.9332176629516271, 0.9330097718060587, 0.9329115961231143, 0.9325972936153126, 0.9323980328305237, 0.9322909891328326]
train_rres [1.000017773066394, 0.9840879342047126, 0.9689254380122346, 0.9533601496887442, 0.9438781089335482, 0.9363071372648665, 0.9308700260496846, 0.9300707167281174, 0.9297361300365256, 0.9297164705696144, 0.9290458814708705, 0.9287510232068573, 0.9287201495410091, 0.9281486426254553, 0.9278822995666731, 0.9278369564402832, 0.9273428486290106, 0.9270976284938662, 0.9270373366497765, 0.9266044770446289, 0.9263753874408712, 0.92630108192902, 0.9259172653769527, 0.9257008665437219, 0.9256141353982241, 0.9252700247614721, 0.9250639040963323, 0.9249665645150157, 0.9246549387274622, 0.9244573749236519, 0.9243512428509906]
test_mses [1.001584962930498, 1.0141286094308188, 1.0261641976758458, 1.0385310156586398, 1.045823033162926, 1.0528164771058397, 1.05788509895732, 1.0578739028442867, 1.0579669571324555, 1.0581010010936023, 1.0581772029042014, 1.0583328649468418, 1.05851604632417, 1.0586452077978974, 1.0588359369311944, 1.0590450560990214, 1.0592053589221333, 1.0594140954224645, 1.0596349615541396, 1.0598126344788892, 1.0600289388986988, 1.0602530295479216, 1.0604394446727505, 1.0606570548984136, 1.0608794016816718, 1.0610692168565614, 1.061284494158194, 1.061502340095274, 1.0616923060165888, 1.0619032450242956, 1.0621151920493133]
test_rres [1.0000141833828788, 1.0125381577594113, 1.0245548706652923, 1.0369022938433763, 1.0441828753213835, 1.0511653514891015, 1.0562260242520534, 1.0562148456978155, 1.0563077540495154, 1.056441587790341, 1.0565176700941086, 1.0566730880129231, 1.0568559821080221, 1.0569849410186032, 1.0571753710325715, 1.0573841622400917, 1.0575442136612703, 1.0577526228014298, 1.0579731425501067, 1.0581505368314992, 1.0583665020224153, 1.058590241231649, 1.0587763640027823, 1.0589936329516645, 1.0592156310298277, 1.059405148518744, 1.0596200882023061, 1.0598375924929408, 1.0600272604918675, 1.0602378686852236, 1.0604494833150235]
step_times_seconds [0.013427019119262695, 0.1454029083251953, 0.15877199172973633, 0.1345689296722412, 0.13726305961608887, 0.13446807861328125, 0.12345194816589355, 0.05956912040710449, 0.06603002548217773, 0.06842899322509766, 0.0619349479675293, 0.06821489334106445, 0.05839800834655762, 0.06354784965515137, 0.06875920295715332, 0.056890010833740234, 0.05269312858581543, 0.06909489631652832, 0.06395816802978516, 0.06314802169799805, 0.06376004219055176, 0.06412506103515625, 0.05549788475036621, 0.07227110862731934, 0.05698680877685547, 0.06615972518920898, 0.07591891288757324, 0.06707310676574707, 0.061498165130615234, 0.06248903274536133, 0.0778658390045166]
