date 2025-01-26T23:42:30.059438
sample_ratio 0.3
rank 16
seed 0
l2_regularization_strength 0
input_shape (100, 100, 100)
input_size 1000000
num_train_samples 300000
num_test_samples 1000000
num_iterations 10
max_num_richardson_iterations 1024
num_richardson_iterations [4, 4, 4, 3, 3, 2, 2, 2, 2, 2, 2, 2, 2, 2, 2, 2, 2, 2, 2, 2, 2, 2, 2, 2, 2, 2, 2, 2, 2, 2]
train_mses [1.003944295870518, 0.9991886937552704, 0.9942215348876702, 0.9889609106732005, 0.9868140490198724, 0.9852637068235859, 0.9844503213919791, 0.9838131471616476, 0.9833581935584351, 0.9827524788592269, 0.9822585846616623, 0.981855447621805, 0.9813762007785528, 0.9809714810075452, 0.9806153392276069, 0.9802204429495353, 0.9798774912035192, 0.9795621488799541, 0.9792271986847264, 0.9789301933968737, 0.9786495940385317, 0.9783595221593796, 0.9780984949854991, 0.9778474609261815, 0.9775925397408428, 0.9773607449345023, 0.9771350608284215, 0.9769087069155535, 0.976701263296418, 0.9764975079066467, 0.9762950101625081]
train_rres [1.0000060431263478, 0.9952690961926254, 0.9903214223971766, 0.9850814344548924, 0.9829429944678184, 0.9813987339231076, 0.980588539223717, 0.9799538644878012, 0.9795006955675474, 0.9788973569539309, 0.9784054001947151, 0.978003844572831, 0.977526477709577, 0.9771233455652488, 0.9767686008512114, 0.9763752536644161, 0.9760336472426979, 0.9757195419377366, 0.9753859056784823, 0.9750900654770738, 0.9748105668483216, 0.9745216328573758, 0.9742616296357086, 0.9740115803278131, 0.9737576591422371, 0.9735267736159592, 0.9733019748190074, 0.9730765088427732, 0.9728698789793467, 0.9726669228771715, 0.9724652194871617]
test_mses [1.001584962930498, 1.0016774351356204, 1.0029757726767896, 1.00469600663857, 1.0059100813724853, 1.006976337212236, 1.0073845340605867, 1.0077990674473885, 1.0082039904275288, 1.008516910519874, 1.00883188458625, 1.0091351227512693, 1.0093820359724153, 1.0096323402211858, 1.0098725123601284, 1.010074231661991, 1.0102814423396074, 1.0104800395381843, 1.0106496621162142, 1.0108264946508936, 1.0109956949914507, 1.0111416061977743, 1.0112957241380107, 1.011442772692625, 1.0115705311653418, 1.0117067298185063, 1.0118361782151537, 1.011949572346775, 1.012070988071224, 1.0121858675040742, 1.0122875491971957]
test_rres [1.0000141833828788, 1.0001065105644096, 1.0014028119307847, 1.0031203480602051, 1.0043325187681698, 1.0053971024054338, 1.0058046590811736, 1.00621854235781, 1.0066228302997269, 1.0069352596414125, 1.0072497397358944, 1.0075525023343612, 1.0077990283230187, 1.0080489400211725, 1.0082887354996244, 1.0084901384463445, 1.0086970241567275, 1.0088953098965372, 1.0090646664565195, 1.0092412216658204, 1.0094101566505223, 1.0095558390251969, 1.009709715263214, 1.009856533202483, 1.0099840913123714, 1.0101200763660245, 1.0102493217495463, 1.010362538045847, 1.010483763354761, 1.0105984626229019, 1.0106999848492484]
step_times_seconds [0.02300095558166504, 0.15182900428771973, 0.16345596313476562, 0.1418440341949463, 0.09042811393737793, 0.0821828842163086, 0.06203103065490723, 0.07361102104187012, 0.06433820724487305, 0.06976628303527832, 0.06003594398498535, 0.0603940486907959, 0.058722734451293945, 0.0709991455078125, 0.07263684272766113, 0.06102323532104492, 0.06473088264465332, 0.0706028938293457, 0.05347609519958496, 0.05835318565368652, 0.07181596755981445, 0.0646359920501709, 0.06437873840332031, 0.04753684997558594, 0.06396484375, 0.062429189682006836, 0.07432198524475098, 0.06705307960510254, 0.0624089241027832, 0.0539247989654541, 0.061016082763671875]
