date 2025-01-26T23:42:30.059438
sample_ratio 0.9
rank 16
seed 0
l2_regularization_strength 0
input_shape (100, 100, 100)
input_size 1000000
num_train_samples 900000
num_test_samples 1000000
num_iterations 10
max_num_richardson_iterations 1024
num_richardson_iterations [2, 2, 2, 2, 2, 2, 2, 2, 2, 2, 2, 2, 2, 2, 2, 2, 2, 2, 2, 2, 2, 2, 2, 2, 2, 2, 2, 2, 2, 2]
train_mses [1.0019947720367766, 1.0001958789606613, 0.9985064556999493, 0.9967887128502932, 0.9957573791960039, 0.9949925615442198, 0.9944015013654013, 0.9939292319044252, 0.9935209071306126, 0.9931775823801815, 0.9928720479092995, 0.9926027509132417, 0.9923684135042068, 0.9921545685205087, 0.9919639677089837, 0.991795966457586, 0.9916417374744942, 0.991502585547859, 0.9913791170968886, 0.991265279229484, 0.9911607993644135, 0.9910668781046863, 0.9909799389227448, 0.9908987896606923, 0.990824978577274, 0.9907561825441897, 0.9906911155556916, 0.9906315149445055, 0.9905754691432106, 0.9905220387852454, 0.9904730077998978]
train_rres [1.0000117939198525, 0.9982164609078255, 0.996530381067109, 0.9948160376827759, 0.9937867450691436, 0.9930234410147445, 0.9924335505619896, 0.9919622157366349, 0.9915546990499639, 0.9912120537496517, 0.9909071239407765, 0.9906383598916612, 0.9904044862434832, 0.9901910644655092, 0.990000840858785, 0.9898331720869715, 0.9896792483277262, 0.9895403717869843, 0.9894171476838322, 0.9893035351050281, 0.9891992620087869, 0.9891055266220882, 0.9890187594954309, 0.9889377708302353, 0.988864105821195, 0.9887954459375518, 0.988730507718602, 0.9886710250588375, 0.9886150901738873, 0.9885617655562248, 0.988512831604688]
test_mses [1.001584962930498, 1.0000534816235016, 0.9986880256059175, 0.9973229873953988, 0.9965037432806434, 0.9958912202150639, 0.9954371301913699, 0.9950688306253124, 0.9947381054517687, 0.9944629378668527, 0.994226243766575, 0.9940096463337549, 0.9938174120000411, 0.9936553701402094, 0.993505383539815, 0.9933680589542015, 0.9932535414853867, 0.9931470883953872, 0.993047876502537, 0.9929638166049263, 0.9928863021873295, 0.9928122243013705, 0.9927480127728346, 0.9926893696568241, 0.992631736149899, 0.9925812324148017, 0.9925348843034109, 0.9924882993306693, 0.9924476549315304, 0.9924096370666592, 0.9923710278765623]
test_rres [1.0000141833828788, 0.9984851038886129, 0.9971217893073172, 0.9957588918778427, 0.9949409325786023, 0.9943293701291857, 0.9938759922520877, 0.9935082702879783, 0.9931780637886934, 0.9929033277474115, 0.9926670048530379, 0.9924507471086418, 0.9922588142548533, 0.9920970265242754, 0.9919472751469455, 0.9918101659266364, 0.9916958280548648, 0.9915895419145928, 0.991490485615145, 0.9914065575481554, 0.9913291646959439, 0.9912552029858787, 0.9911910921598887, 0.9911325410135169, 0.9910749978928668, 0.9910245733624673, 0.990978297938535, 0.9909317860247201, 0.9908912053679428, 0.9908532471262556, 0.9908146984867146]
step_times_seconds [0.01772785186767578, 0.10052680969238281, 0.09473204612731934, 0.07125592231750488, 0.0789632797241211, 0.0742189884185791, 0.07281994819641113, 0.07625913619995117, 0.07985806465148926, 0.07581496238708496, 0.0634610652923584, 0.07463502883911133, 0.08473515510559082, 0.07185006141662598, 0.07881689071655273, 0.07026982307434082, 0.05864906311035156, 0.06538009643554688, 0.06264615058898926, 0.06965780258178711, 0.08406996726989746, 0.08387994766235352, 0.06288480758666992, 0.07716798782348633, 0.08206915855407715, 0.062334299087524414, 0.07398295402526855, 0.08025908470153809, 0.07356691360473633, 0.08505487442016602, 0.07083916664123535]
