date 2025-01-26T23:42:30.059438
sample_ratio 0.7
rank 16
seed 0
l2_regularization_strength 0
input_shape (100, 100, 100)
input_size 1000000
num_train_samples 700000
num_test_samples 1000000
num_iterations 10
max_num_richardson_iterations 1024
num_richardson_iterations [3, 3, 3, 3, 3, 2, 2, 2, 2, 2, 2, 2, 2, 2, 2, 2, 2, 2, 2, 2, 2, 2, 2, 2, 2, 2, 2, 2, 2, 2]
train_mses [1.0020238777929333, 0.9997804433363026, 0.9976022952747189, 0.995290774766395, 0.9937469109507631, 0.9926486956073826, 0.9918902055459426, 0.9914471317773356, 0.9912042463391838, 0.9908687176511057, 0.9906055529096931, 0.990375972680303, 0.9901471107049348, 0.9899507574820168, 0.9897663757333266, 0.9895907059774585, 0.9894359332897342, 0.9892862925565432, 0.9891446948228196, 0.9890185307563882, 0.9888944437760966, 0.9887776015365493, 0.988672562510671, 0.988568467925693, 0.9884709155792984, 0.9883823328746004, 0.9882945429634145, 0.9882124678690157, 0.9881371295221973, 0.9880627911636316, 0.9879932576336181]
train_rres [1.0000088876015452, 0.9977699645128821, 0.9955961965335267, 0.9932893243087964, 0.9917485650803047, 0.9906525581604899, 0.9898955933621378, 0.9894534105795817, 0.9892110135646964, 0.9888761595980801, 0.9886135240599971, 0.9883844054981588, 0.9881560037459906, 0.9879600453737613, 0.9877760344020787, 0.9876007179040949, 0.9874462564519156, 0.9872969166343178, 0.9871556036423562, 0.9870296932818116, 0.9869058558305518, 0.9867892485514399, 0.9866844207506748, 0.9865805354916143, 0.9864831793152167, 0.9863947747432809, 0.9863071613706125, 0.98622525132269, 0.9861500644752852, 0.9860758756052364, 0.9860064819016122]
test_mses [1.001584962930498, 1.000559110550359, 0.9996949918812829, 0.9988587811771182, 0.9982071340431447, 0.9977872529213581, 0.997371361261922, 0.9972129520084125, 0.9971508208506068, 0.997004117821503, 0.9969152775553886, 0.99683166175246, 0.9967337083560007, 0.9966656291653366, 0.9965920997058534, 0.9965175722594657, 0.9964623992848886, 0.9963992135545542, 0.996340913539582, 0.9962954589324198, 0.9962413361228745, 0.9961953291503305, 0.9961576669465793, 0.9961114615137614, 0.99607473803761, 0.9960433230544766, 0.9960039004753739, 0.9959740781536125, 0.9959477333096443, 0.9959140192026981, 0.9958892393353121]
test_rres [1.0000141833828788, 0.9989899398407289, 0.9981271763636557, 0.997292277083604, 0.9966416519238296, 0.9962224292990283, 0.9958071898799281, 0.9956490290586782, 0.9955869953407858, 0.9954405223851417, 0.9953518214466711, 0.995268336777893, 0.9951705370011439, 0.9951025645786565, 0.9950291504349731, 0.994954739869522, 0.9948996534223821, 0.9948365667858406, 0.994778358202424, 0.9947329748814431, 0.9946789369523678, 0.9946330021322763, 0.9945953989939279, 0.9945492660248068, 0.9945126001418575, 0.9944812344266493, 0.9944418736737353, 0.9944120981221379, 0.9943857945946268, 0.9943521333613075, 0.9943273923560355]
step_times_seconds [0.021535158157348633, 0.12439894676208496, 0.13504981994628906, 0.13022208213806152, 0.124603271484375, 0.1355750560760498, 0.07753491401672363, 0.08466601371765137, 0.07794523239135742, 0.0789029598236084, 0.08635497093200684, 0.07801485061645508, 0.06914901733398438, 0.08799195289611816, 0.08474016189575195, 0.07999825477600098, 0.07522416114807129, 0.06318092346191406, 0.07664108276367188, 0.07163429260253906, 0.09430980682373047, 0.07694315910339355, 0.0805501937866211, 0.08057808876037598, 0.06755995750427246, 0.0794827938079834, 0.07830238342285156, 0.09107184410095215, 0.10226893424987793, 0.08240413665771484, 0.10508990287780762]
