date 2025-01-26T23:42:30.059438
sample_ratio 0.3
rank 16
seed 0
l2_regularization_strength 0
input_shape (100, 100, 100)
input_size 1000000
num_train_samples 300000
num_test_samples 1000000
num_iterations 10
max_num_richardson_iterations 1024
num_richardson_iterations [4, 4, 4, 4, 4, 4, 2, 2, 2, 2, 2, 2, 2, 2, 2, 2, 2, 2, 2, 2, 2, 2, 2, 2, 2, 2, 2, 2, 2, 2]
train_mses [1.003944295870518, 0.9985643120878828, 0.9935454626483381, 0.9879943420391752, 0.9845726703180153, 0.981908396306355, 0.9798765241040811, 0.9791162854915934, 0.9787466912439774, 0.9786916230514562, 0.97821211959504, 0.977933854519031, 0.9778206046319559, 0.9774780550526779, 0.9772442660065176, 0.9770995566743015, 0.9768327138182643, 0.976626527492499, 0.976470438276772, 0.9762501713530867, 0.9760644471210161, 0.975908502744251, 0.9757196283819026, 0.9755507051961848, 0.9754007408837757, 0.9752346566636234, 0.9750802217966378, 0.9749388021678489, 0.9747902398395767, 0.9746485602797186, 0.9745164904256266]
train_rres [1.0000060431263478, 0.9946471638372415, 0.9896480022405972, 0.9841186574571074, 0.9807104082018163, 0.9780565855513328, 0.9760326839369784, 0.9752754275734202, 0.9749072831627783, 0.974852430990669, 0.974374808520888, 0.9740976350175925, 0.973984829384925, 0.9736436235523332, 0.9734107516091998, 0.973266609939878, 0.9730008138496966, 0.9727954363475549, 0.9726399594355032, 0.9724205565705313, 0.9722355608937896, 0.9720802282525284, 0.9718920948027773, 0.9717238342655774, 0.9715744582301945, 0.9714090255219223, 0.9712551964689657, 0.9711143315982879, 0.9709663520473664, 0.9708252282652717, 0.9706936764921803]
test_mses [1.001584962930498, 1.003520767208248, 1.005568630663036, 1.007735621662462, 1.0091325730041887, 1.0102373801020101, 1.0110898257970629, 1.0109728469986792, 1.0110624704020212, 1.0112153440582692, 1.0112669407938246, 1.0114040717794393, 1.0115518753310697, 1.0116436628210372, 1.0117742036320214, 1.0118990101894192, 1.011997742470869, 1.012114180505139, 1.012219958940688, 1.0123162723057912, 1.0124196700751666, 1.0125116991256382, 1.0126026241616604, 1.0126948684696875, 1.0127768031785354, 1.0128613507301163, 1.0129439607810768, 1.0130181179462883, 1.0130960789087153, 1.0131702315539228, 1.0132381360578806]
test_rres [1.0000141833828788, 1.0019469517506658, 1.0039916035537717, 1.0061551960745185, 1.0075499565860333, 1.0086530310216668, 1.00950413983137, 1.0093873444901176, 1.0094768273376264, 1.0096294612430579, 1.00968097705977, 1.0098178929837018, 1.0099654647359297, 1.0100571082761403, 1.010187444360772, 1.0103120551848122, 1.0104106326250313, 1.010526888050247, 1.010632500594125, 1.010728662911569, 1.0108318985228577, 1.0109237832447344, 1.011014565683581, 1.0111066653254261, 1.0111884715365733, 1.0112728864927483, 1.011355366986873, 1.0114294078518575, 1.011507246548586, 1.0115812829006552, 1.0116490809103964]
step_times_seconds [0.020837783813476562, 0.16835498809814453, 0.19041681289672852, 0.15357708930969238, 0.13146495819091797, 0.16250228881835938, 0.146712064743042, 0.076812744140625, 0.07192802429199219, 0.06643104553222656, 0.06984901428222656, 0.07620096206665039, 0.07257795333862305, 0.05862998962402344, 0.0830850601196289, 0.07756996154785156, 0.08461213111877441, 0.07203102111816406, 0.07001018524169922, 0.07422590255737305, 0.05928683280944824, 0.06766676902770996, 0.0646049976348877, 0.07751083374023438, 0.08305907249450684, 0.07508206367492676, 0.07759213447570801, 0.06839799880981445, 0.08430004119873047, 0.08005595207214355, 0.07380986213684082]
