date 2025-01-26T23:42:30.059438
sample_ratio 0.5
rank 16
seed 0
l2_regularization_strength 0
input_shape (100, 100, 100)
input_size 1000000
num_train_samples 500000
num_test_samples 1000000
num_iterations 10
max_num_richardson_iterations 1024
num_richardson_iterations [3, 3, 3, 3, 3, 2, 2, 2, 2, 2, 2, 2, 2, 2, 2, 2, 2, 2, 2, 2, 2, 2, 2, 2, 2, 2, 2, 2, 2, 2]
train_mses [1.003481270231157, 1.000297581161945, 0.9972497596736177, 0.9940341462617089, 0.9919663544995084, 0.9903023385637767, 0.9894117760634998, 0.988925973690646, 0.9887675732322248, 0.9883272078752038, 0.9880178746865956, 0.98780713606155, 0.9875149817264254, 0.9872765724173764, 0.9870795446031756, 0.9868587622501581, 0.9866646697423987, 0.9864941027586519, 0.9863163927737563, 0.9861542204385776, 0.9860078383075971, 0.985859123493316, 0.9857206961207307, 0.9855935053723768, 0.9854653968095477, 0.9853448309808079, 0.9852323931342538, 0.9851195298179624, 0.9850126522417537, 0.9849117280312989, 0.9848106646609747]
train_rres [1.000007075154489, 0.996834408470266, 0.9937971389740122, 0.9905926584737137, 0.9885320257010957, 0.9868737708255281, 0.9859862915794642, 0.9855021711236146, 0.9853443190701404, 0.9849054783207037, 0.9845972160876508, 0.9843872070697391, 0.9840960642145323, 0.9838584803124664, 0.9836621346366197, 0.9834421166635529, 0.9832486961316986, 0.9830787196751423, 0.9829016249475244, 0.9827400140760671, 0.9825941387408724, 0.9824459387984588, 0.9823079906811526, 0.9821812402852844, 0.9820535752525456, 0.9819334268398762, 0.9818213782691607, 0.9817089057017445, 0.9816023981509266, 0.9815018233544623, 0.9814011098799199]
test_mses [1.001584962930498, 1.0014131131375108, 1.001412418630878, 1.001429863996993, 1.001337317757084, 1.0013499958797778, 1.0010318073531084, 1.0010042125925738, 1.0011214978939929, 1.0010747483516356, 1.0010878362515117, 1.0011532256094107, 1.001151766472915, 1.001161564312848, 1.0012062235616097, 1.0012166350975844, 1.0012239166603984, 1.0012595405620262, 1.0012732244757698, 1.0012793022943636, 1.001309361390911, 1.0013234067885186, 1.0013289644922947, 1.0013547779480172, 1.0013681665703686, 1.001373568731267, 1.001395824369206, 1.00140825631274, 1.001413669061123, 1.0014327783541208, 1.001444222412887]
test_rres [1.0000141833828788, 0.9998426031008668, 0.9998419096834243, 0.9998593276900788, 0.9997669265898697, 0.9997795848295415, 0.9994618953159847, 0.9994343438321437, 0.9995514451957448, 0.9995047689704077, 0.9995178363446107, 0.9995831231527812, 0.9995816663046403, 0.9995914487786811, 0.9996360379886172, 0.9996464331962439, 0.9996537033394278, 0.9996892713723093, 0.999702933825655, 0.9997090021124432, 0.9997390140674942, 0.9997530374377909, 0.9997585864254542, 0.9997843593980927, 0.9997977270231498, 0.9998031207118725, 0.9998253414464312, 0.9998377538930243, 0.9998431581526276, 0.9998622374766383, 0.9998736635877573]
step_times_seconds [0.015475988388061523, 0.12385296821594238, 0.1380138397216797, 0.11806416511535645, 0.10590291023254395, 0.11029911041259766, 0.0869910717010498, 0.07306694984436035, 0.08560609817504883, 0.0753030776977539, 0.08715701103210449, 0.0960838794708252, 0.07816314697265625, 0.06661605834960938, 0.07792901992797852, 0.07622194290161133, 0.06857991218566895, 0.08157992362976074, 0.07616281509399414, 0.06025195121765137, 0.08498883247375488, 0.07952308654785156, 0.08276772499084473, 0.07831311225891113, 0.07182192802429199, 0.09411478042602539, 0.07405996322631836, 0.0782480239868164, 0.07117605209350586, 0.08541584014892578, 0.10920500755310059]
