date 2025-01-26T23:42:30.059438
sample_ratio 0.4
rank 16
seed 0
l2_regularization_strength 0
input_shape (100, 100, 100)
input_size 1000000
num_train_samples 400000
num_test_samples 1000000
num_iterations 10
max_num_richardson_iterations 1024
num_richardson_iterations [4, 4, 4, 4, 4, 4, 4, 4, 4, 4, 4, 4, 4, 4, 4, 4, 4, 4, 3, 3, 3, 3, 3, 3, 3, 2, 2, 2, 2, 2]
train_mses [1.0035799098069444, 0.9996395898339665, 0.9958537594688046, 0.9919463906146989, 0.9893768225721037, 0.9873710734552372, 0.9858777593616576, 0.984746362821826, 0.9837911701457162, 0.9830361132324936, 0.9824110736985951, 0.9818441220589489, 0.9813593033976927, 0.9809348054607078, 0.980529077343802, 0.980171149470481, 0.979842348579385, 0.9795319477597478, 0.9792562997070062, 0.9789962799147341, 0.9787563512735701, 0.9785431412959418, 0.9783373531547042, 0.9781500663712214, 0.9779827841124686, 0.9778195271993183, 0.9777259510485112, 0.9776798818636342, 0.977668489285112, 0.977612263658808, 0.9775765335067799]
train_rres [1.0000066221255135, 0.996080331824396, 0.992307981064471, 0.9884145245584073, 0.9858541055688606, 0.9838554980044916, 0.9823675009173635, 0.9812401327615989, 0.9802883410884282, 0.9795359725865026, 0.9789131585316566, 0.9783482255467185, 0.9778651331023117, 0.9774421466077482, 0.977037863102545, 0.9766812096461869, 0.9763535794642315, 0.9760442838395214, 0.9757696172430461, 0.9755105232619741, 0.9752714488966374, 0.9750589980619325, 0.9748539426378636, 0.9746673226967018, 0.9745006360533343, 0.9743379604231599, 0.9742447174540991, 0.974198812300456, 0.9741874602856797, 0.9741314348530383, 0.9740958319196908]
test_mses [1.001584962930498, 1.0021452859457436, 1.002875674327625, 1.0035928766637685, 1.0041454937744518, 1.0045917089942291, 1.0049138794806143, 1.0050786792215154, 1.005316531062395, 1.005559395494411, 1.0056630852603266, 1.005779512588199, 1.0059654169155567, 1.0060536769249093, 1.0061276422847456, 1.0062639525062864, 1.006338972142669, 1.0064013188318548, 1.0064972980533762, 1.0065635193858746, 1.0066202750606563, 1.0066833027567068, 1.0067430039956695, 1.00679267492397, 1.006834161346678, 1.0068816642947123, 1.0068616576462184, 1.006866433596307, 1.0068835027906098, 1.0068858355422616, 1.0068942409013841]
test_rres [1.0000141833828788, 1.00057362764698, 1.0013028705652467, 1.00201894811737, 1.0025706985620317, 1.0030162139852197, 1.0033378792136092, 1.0035024205000884, 1.0037398993193865, 1.003982382868605, 1.0040859100184971, 1.0042021547541062, 1.0043877675288488, 1.0044758891205705, 1.0045497384809874, 1.0046858349280445, 1.004760736911592, 1.004822985822848, 1.0049188145207455, 1.004984931998735, 1.0050415986639403, 1.005104527514042, 1.0051641351239182, 1.0052137281536069, 1.0052551495134128, 1.0053025779628655, 1.0052826026906756, 1.005287371150671, 1.0053044135754612, 1.0053067426686728, 1.005315134845722]
step_times_seconds [0.014750003814697266, 0.17632699012756348, 0.23171401023864746, 0.16794490814208984, 0.17195987701416016, 0.1642470359802246, 0.16835308074951172, 0.15894007682800293, 0.15552806854248047, 0.1496109962463379, 0.16942906379699707, 0.1560351848602295, 0.14602112770080566, 0.16817522048950195, 0.16853833198547363, 0.2290821075439453, 0.1529219150543213, 0.16211199760437012, 0.1657421588897705, 0.12568187713623047, 0.11898183822631836, 0.1220407485961914, 0.11547589302062988, 0.12205219268798828, 0.1196138858795166, 0.11427688598632812, 0.08767509460449219, 0.0893709659576416, 0.07607126235961914, 0.07643985748291016, 0.06916928291320801]
