date 2025-01-26T23:42:30.059438
sample_ratio 0.5
rank 16
seed 0
l2_regularization_strength 0
input_shape (100, 100, 100)
input_size 1000000
num_train_samples 500000
num_test_samples 1000000
num_iterations 10
max_num_richardson_iterations 1024
num_richardson_iterations [3, 3, 3, 3, 3, 2, 2, 2, 2, 2, 2, 2, 2, 2, 2, 2, 2, 2, 2, 2, 2, 2, 2, 2, 2, 2, 2, 2, 2, 2]
train_mses [1.003481270231157, 1.0004956260033608, 0.9974534565343994, 0.9943240767376057, 0.9926870702666811, 0.9914057788073832, 0.990580923789116, 0.9900433358200585, 0.9896885604404575, 0.9892026273788196, 0.9888223444393417, 0.9885044048559547, 0.9881640139226329, 0.9878720304513066, 0.9876127524259622, 0.9873546915198392, 0.9871228478483881, 0.9869136864595085, 0.9867089060931546, 0.9865201671456822, 0.986348555390536, 0.9861802062825974, 0.9860226499542875, 0.9858780838341676, 0.9857353452139301, 0.9856004860955244, 0.9854753681126728, 0.9853511424052382, 0.9852330925317688, 0.9851223185533281, 0.9850120233490306]
train_rres [1.000007075154489, 0.9970317676522347, 0.9940001306072507, 0.99088158516901, 0.9892502462476357, 0.9879733908018558, 0.9871513915491402, 0.9866156647861968, 0.9862621176894882, 0.9857778669973178, 0.9853989006515376, 0.9850820618202702, 0.9847428493688393, 0.984451876785876, 0.9841934964179826, 0.9839363289554705, 0.9837052879598298, 0.983496850717468, 0.983292779329908, 0.9831046938235525, 0.9829336762127441, 0.982765909953394, 0.9826088991075324, 0.9824648334959101, 0.982322589057105, 0.9821881968401743, 0.9820635120335991, 0.9819397164132563, 0.9818220752452619, 0.9817116847821112, 0.9816017714355197]
test_mses [1.001584962930498, 1.0008641141434609, 1.0006755839903063, 1.0006159906771632, 1.0008187286767767, 1.000970792133009, 1.0008697032389113, 1.0009016376955249, 1.0010070488548424, 1.0009978874692245, 1.0010191655713156, 1.0010810611660093, 1.0010904974719406, 1.0011038500626004, 1.0011508179290147, 1.0011650941824857, 1.0011742403103434, 1.0012131978575627, 1.0012282655943192, 1.0012350149523286, 1.00126801118878, 1.0012824431949567, 1.001287866480416, 1.0013160241714023, 1.0013293691554588, 1.0013341146978894, 1.001358245375881, 1.0013704419446658, 1.0013748304010224, 1.0013954905409532, 1.001406612891931]
test_rres [1.0000141833828788, 0.9992944650985685, 0.9991062306160955, 0.9990467307627793, 0.9992491508096328, 0.9994009757856805, 0.9993000454286748, 0.999331929802676, 0.9994371756463196, 0.9994280286284465, 0.9994492733602208, 0.9995110718844332, 0.999520493391464, 0.9995338250413379, 0.9995807192483358, 0.9995949731124459, 0.9996041048964874, 0.9996430013468247, 0.9996580454529422, 0.9996647842259749, 0.9996977287146311, 0.9997121380871812, 0.9997175528673351, 0.9997456663987877, 0.9997589904539878, 0.9997637285540131, 0.9997878213880106, 0.9997999988289915, 0.999804380402959, 0.999825008141719, 0.9998361130495823]
step_times_seconds [0.019906044006347656, 0.10554099082946777, 0.12022805213928223, 0.12271499633789062, 0.10117387771606445, 0.11868596076965332, 0.06850886344909668, 0.06504297256469727, 0.07340192794799805, 0.0597071647644043, 0.07129216194152832, 0.08885908126831055, 0.07329773902893066, 0.07798910140991211, 0.07701706886291504, 0.06389808654785156, 0.06730484962463379, 0.06750178337097168, 0.06441998481750488, 0.08055925369262695, 0.06085515022277832, 0.06885504722595215, 0.0748128890991211, 0.07043814659118652, 0.0673210620880127, 0.08211874961853027, 0.06965208053588867, 0.06103873252868652, 0.06921529769897461, 0.08092498779296875, 0.06855511665344238]
