date 2025-01-26T23:42:30.059438
sample_ratio 0.2
rank 16
seed 0
l2_regularization_strength 0
input_shape (100, 100, 100)
input_size 1000000
num_train_samples 200000
num_test_samples 1000000
num_iterations 10
max_num_richardson_iterations 1024
num_richardson_iterations [4, 4, 4, 4, 4, 4, 2, 2, 2, 2, 2, 2, 2, 2, 2, 2, 2, 2, 2, 2, 2, 2, 2, 2, 2, 2, 2, 2, 2, 2]
train_mses [1.0058693838796928, 0.9979688072467601, 0.9898371625289635, 0.9811817346624241, 0.9759889998521568, 0.9719763997149738, 0.9691786486276346, 0.9684054837216511, 0.9680567065166324, 0.9680298824694931, 0.9674705833508355, 0.9671860038150248, 0.9671237641532406, 0.9666955322243196, 0.966448335689528, 0.9663560025149498, 0.9660124380921241, 0.9657897888604704, 0.9656762991423397, 0.9653899622172974, 0.9651852321124357, 0.965058592189776, 0.9648125644151279, 0.9646220663260148, 0.9644883842888138, 0.9642718584583302, 0.9640933642087814, 0.963956970013546, 0.9637628220351759, 0.9635948575401316, 0.9634586850716226]
train_rres [1.0000102312058812, 0.9921556751452467, 0.984071396962961, 0.9754663866497739, 0.9703038993314131, 0.9663146724444747, 0.9635332181557325, 0.9627645569072804, 0.9624178113168291, 0.9623911435187913, 0.9618351022972118, 0.9615521804268743, 0.9614903033088622, 0.9610645658153933, 0.96081880919145, 0.9607270138542644, 0.960385450681739, 0.9601640983737832, 0.9600512697291439, 0.9597666007063033, 0.9595630631468759, 0.9594371608971719, 0.9591925662253866, 0.9590031777807324, 0.9588702744365489, 0.9586550098611736, 0.9584775553341536, 0.9583419556301578, 0.9581489385567191, 0.9579819524487657, 0.9578465731799461]
test_mses [1.001584962930498, 1.0060557476355527, 1.0111246636821305, 1.01622514311071, 1.0193376638289955, 1.0218071345290358, 1.0235434074438643, 1.0234265599847665, 1.0235129410831723, 1.0236621908043264, 1.0236909571328252, 1.0238454152780745, 1.024029438426509, 1.024114293072672, 1.0242832065194099, 1.0244667127200102, 1.0245711218976057, 1.02473575830813, 1.0249081617807672, 1.025017297231356, 1.0251721847171642, 1.0253317688372583, 1.0254397272104616, 1.0255841580752567, 1.0257320138136898, 1.0258365479826494, 1.0259713087632822, 1.0261091200648393, 1.026209469186633, 1.0263356477069163, 1.0264649672163018]
test_rres [1.0000141833828788, 1.0044779565837312, 1.0095389230803964, 1.0146314034584052, 1.017739042829559, 1.020204640673863, 1.02193819060254, 1.021821526394595, 1.0219077720220544, 1.0220567876757871, 1.0220855088902294, 1.0222397247997181, 1.0224234593457786, 1.0225081809149212, 1.0226768294557376, 1.0228600478646903, 1.0229642932980136, 1.0231286715102663, 1.0233008046035958, 1.0234097688977277, 1.0235644134744428, 1.0237237473197411, 1.0238315363824906, 1.0239757407372474, 1.0241233645944339, 1.024227734823098, 1.024362284259226, 1.024499879432165, 1.024600071177047, 1.0247260518123318, 1.0248551685107246]
step_times_seconds [0.019320011138916016, 0.16072511672973633, 0.1641838550567627, 0.1464681625366211, 0.1133427619934082, 0.12438392639160156, 0.12594223022460938, 0.06096506118774414, 0.05641674995422363, 0.07278585433959961, 0.07304596900939941, 0.07423591613769531, 0.06207895278930664, 0.07239508628845215, 0.0676429271697998, 0.05938100814819336, 0.06727290153503418, 0.060949087142944336, 0.06674909591674805, 0.0669403076171875, 0.07543802261352539, 0.07091879844665527, 0.06762099266052246, 0.0641019344329834, 0.07098698616027832, 0.06190991401672363, 0.08214211463928223, 0.0706338882446289, 0.06135392189025879, 0.0700838565826416, 0.06322360038757324]
