date 2025-01-26T23:42:30.059438
sample_ratio 0.9
rank 16
seed 0
l2_regularization_strength 0
input_shape (100, 100, 100)
input_size 1000000
num_train_samples 900000
num_test_samples 1000000
num_iterations 10
max_num_richardson_iterations 1024
num_richardson_iterations [3, 3, 3, 3, 2, 2, 2, 2, 2, 2, 2, 2, 2, 2, 2, 2, 2, 2, 2, 2, 2, 2, 2, 2, 2, 2, 2, 2, 2, 2]
train_mses [1.0019947720367766, 1.000176977669091, 0.9984877049075678, 0.9967618730881209, 0.9956286132399531, 0.9947944634659759, 0.9942089375506381, 0.9937921940520834, 0.9934007137836207, 0.9930752851105716, 0.9927838875717087, 0.9925251948165621, 0.9922992397990306, 0.9920925287592047, 0.9919083412191764, 0.9917450634450736, 0.9915953128308524, 0.9914603153992327, 0.9913397365814649, 0.9912288903103917, 0.9911270331481771, 0.9910348923733363, 0.990949927562097, 0.9908703566347044, 0.9907977768237675, 0.9907304822842238, 0.9906665558402773, 0.9906081218834278, 0.990553587351936, 0.9905013226133875, 0.9904536392186178]
train_rres [1.0000117939198525, 0.9981975970224858, 0.9965116673831157, 0.994789251037309, 0.9936582339448345, 0.9928257349786201, 0.9922413678368703, 0.9918254490863692, 0.9914347435692598, 0.9911099589294485, 0.9908191380751741, 0.9905609572808548, 0.9903354494351726, 0.9901291474827791, 0.9899453244554921, 0.9897823698130683, 0.9896329155598655, 0.9894981852922673, 0.9893778451036457, 0.989267218200713, 0.989165562616919, 0.989073604191473, 0.9889888075281782, 0.9889093940740701, 0.9888369579007855, 0.9887697965391816, 0.9887059966076113, 0.9886476782933389, 0.9885932516873429, 0.9885410903823009, 0.9884935013544193]
test_mses [1.001584962930498, 1.0000650281858516, 0.998706110150109, 0.9973422842474977, 0.9964287690805245, 0.9957403059399266, 0.9952880637179478, 0.9949655543876854, 0.994647499139829, 0.9943844699565574, 0.9941592961892052, 0.9939513020991078, 0.9937642356113575, 0.9936081223897807, 0.9934631119138841, 0.9933278269372905, 0.9932166166049116, 0.9931128808887335, 0.993014013770631, 0.9929316345281436, 0.9928554545900737, 0.9927808556399884, 0.9927172603695122, 0.9926592141962264, 0.9926008551123995, 0.9925504984698702, 0.9925046155684945, 0.9924576181085016, 0.9924171952269425, 0.9923799186864246, 0.9923414598708484]
test_rres [1.0000141833828788, 0.99849663234256, 0.9971398454896291, 0.995778158466807, 0.994866075960061, 0.9941786925319793, 0.9937271595587006, 0.9934051560178406, 0.9930875995740766, 0.992824982897858, 0.9926001622691426, 0.9923924943748996, 0.9922057212623735, 0.9920498528722036, 0.9919050698153461, 0.9917699970053505, 0.991658961083453, 0.9915553880553617, 0.9914566759899535, 0.9913744259423262, 0.9912983654767855, 0.9912238835197756, 0.9911603879853716, 0.9911024328455429, 0.9910441652859088, 0.9909938876173928, 0.9909480766738896, 0.9909011529197248, 0.9908607934331226, 0.9908235753531743, 0.9907851768523225]
step_times_seconds [0.020487070083618164, 0.1190488338470459, 0.11639022827148438, 0.12368512153625488, 0.12317633628845215, 0.08698797225952148, 0.09388065338134766, 0.08436298370361328, 0.08431315422058105, 0.07192015647888184, 0.07728004455566406, 0.08595681190490723, 0.07530498504638672, 0.07347679138183594, 0.08428597450256348, 0.08420610427856445, 0.0847170352935791, 0.08804821968078613, 0.08036684989929199, 0.06811904907226562, 0.0717010498046875, 0.0822598934173584, 0.08935999870300293, 0.08086109161376953, 0.07957792282104492, 0.08579301834106445, 0.0732109546661377, 0.07313990592956543, 0.07331991195678711, 0.09056901931762695, 0.07531380653381348]
