date 2025-01-26T23:42:30.059438
sample_ratio 0.8
rank 16
seed 0
l2_regularization_strength 0
input_shape (100, 100, 100)
input_size 1000000
num_train_samples 800000
num_test_samples 1000000
num_iterations 10
max_num_richardson_iterations 1024
num_richardson_iterations [3, 3, 3, 3, 3, 3, 3, 3, 3, 3, 3, 3, 3, 3, 3, 3, 3, 3, 3, 3, 3, 3, 2, 2, 2, 2, 2, 2, 2, 2]
train_mses [1.001666328348003, 0.9996363406604677, 0.9977635319364766, 0.9958250925631739, 0.9945907017415855, 0.9936708947285311, 0.9929773069524519, 0.99244409157699, 0.9919917206687952, 0.9916219878453707, 0.9912988535944772, 0.9910073465950123, 0.9907538024350094, 0.9905237715772552, 0.990307957867255, 0.990114946770726, 0.9899379220973095, 0.9897713342119311, 0.9896224013453205, 0.9894857080628338, 0.989357474204773, 0.9892426318639508, 0.9891364313101098, 0.9890396212630205, 0.9889651744725643, 0.9889094868661295, 0.9888441687153496, 0.9887865063752962, 0.9887322473264519, 0.9886771613700513, 0.9886266440260308]
train_rres [1.0000092451312033, 0.9979826157062274, 0.9961129052194606, 0.9941776726579087, 0.9929453239218488, 0.9920270385699713, 0.9913345982145756, 0.9908022649514745, 0.9903506424124905, 0.9899815212478981, 0.9896589215665801, 0.9893678968148885, 0.9891147720997249, 0.9888851217881296, 0.9886696651044831, 0.9884769733113384, 0.988300241494542, 0.9881339291999278, 0.987985242716915, 0.9878487755697567, 0.987720753852374, 0.9876061014982871, 0.9875000766348435, 0.987403426743187, 0.9873291031120339, 0.9872735076310858, 0.9872082975378581, 0.9871507305901456, 0.9870965613034872, 0.9870415664772477, 0.9869911327054114]
test_mses [1.001584962930498, 1.000260392253455, 0.9991385112222769, 0.9979990474403484, 0.9972526765173626, 0.9967257217247149, 0.9963364004574573, 0.9960119109629652, 0.9957341276680466, 0.995502100638949, 0.9952942045868799, 0.9950992166409084, 0.9949260175754912, 0.994771353554435, 0.9946280655163768, 0.9944965250168297, 0.9943794959367636, 0.9942780880400142, 0.9941797351604944, 0.9940935645420533, 0.9940244054304651, 0.9939508040713916, 0.9938874032059382, 0.9938337197297085, 0.9937883205922405, 0.9937577497725657, 0.9937271395952298, 0.9936926901905287, 0.993663261768972, 0.993638511474759, 0.993608969471878]
test_rres [1.0000141833828788, 0.9986916900218957, 0.9975715684298505, 0.9964338916619748, 0.9956886912679248, 0.9951625628952429, 0.9947738521981383, 0.9944498715985279, 0.9941725239494453, 0.9939408608069127, 0.9937332907969457, 0.9935386086493726, 0.9933656812109861, 0.9932112597485647, 0.9930681964282568, 0.9929368622228674, 0.9928200166787889, 0.9927187678194214, 0.9926205691861187, 0.9925345337085295, 0.9924654830587513, 0.9923919971282372, 0.9923286956939719, 0.9922750964092084, 0.9922297684709289, 0.9921992455952828, 0.9921686834237002, 0.992134288045789, 0.9921049057766451, 0.9920801942981665, 0.9920506986258273]
step_times_seconds [0.022474050521850586, 0.1245419979095459, 0.11601829528808594, 0.13518786430358887, 0.10338282585144043, 0.12122201919555664, 0.10422205924987793, 0.1094200611114502, 0.13285398483276367, 0.10869812965393066, 0.12234687805175781, 0.12193107604980469, 0.1125330924987793, 0.11858391761779785, 0.10383391380310059, 0.10570502281188965, 0.12126326560974121, 0.10630202293395996, 0.11818909645080566, 0.10347795486450195, 0.1087799072265625, 0.1154470443725586, 0.11243700981140137, 0.07596802711486816, 0.07718586921691895, 0.06847715377807617, 0.09391903877258301, 0.06796407699584961, 0.0802309513092041, 0.06339025497436523, 0.0782771110534668]
