date 2025-01-26T23:42:30.059438
sample_ratio 0.3
rank 16
seed 0
l2_regularization_strength 0
input_shape (100, 100, 100)
input_size 1000000
num_train_samples 300000
num_test_samples 1000000
num_iterations 10
max_num_richardson_iterations 1024
num_richardson_iterations [7, 7, 7, 6, 6, 6, 5, 5, 5, 5, 4, 4, 4, 4, 4, 4, 4, 3, 3, 3, 3, 3, 3, 3, 3, 3, 3, 2, 2, 2]
train_mses [1.003944295870518, 0.99863395310305, 0.9936131994546009, 0.9881061837069778, 0.9850795038187382, 0.9827956587825556, 0.9810752678634537, 0.9797779059864197, 0.9787143734713428, 0.9778571526986788, 0.9770746859073955, 0.9764173858558195, 0.9758823255391333, 0.9754684042710628, 0.9750174909193994, 0.9746194391489466, 0.974270791556226, 0.9739241187237401, 0.9736545520832337, 0.9734393547915156, 0.9732643345027838, 0.9730591120560669, 0.972877939361756, 0.9727106040422653, 0.9725396974214506, 0.9723815024687721, 0.9722298908416926, 0.9720821877600521, 0.9719885441636396, 0.9719143855180314, 0.9718590823544951]
train_rres [1.0000060431263478, 0.9947165316660176, 0.9897154733302618, 0.9842300603946368, 0.9812152535061488, 0.978940367491914, 0.9772267252881403, 0.9759344526765101, 0.9748750921656604, 0.9740212340816177, 0.9732418367355224, 0.9725871151275338, 0.9720541537348311, 0.9716418561888899, 0.9711927116711666, 0.9707962213702931, 0.9704489414454246, 0.9701036285342406, 0.9698351193443977, 0.9696207662243413, 0.9694464325017221, 0.9692420150975432, 0.9690615531038793, 0.9688948742040563, 0.9687246380123393, 0.9685670636236792, 0.9684160467356793, 0.9682689230607537, 0.9681756468075813, 0.9681017790700353, 0.9680466928486506]
test_mses [1.001584962930498, 1.0027725786593336, 1.0047414171256612, 1.0068296354376558, 1.0081971710141622, 1.0093102349013443, 1.0101614768004832, 1.0107084596809766, 1.0112523806879532, 1.011672427219741, 1.0120782914509103, 1.0123366938950227, 1.0125857215188914, 1.0128414619357389, 1.0130555966113128, 1.0132461833373667, 1.0134379700814895, 1.0136024241811492, 1.01369501014624, 1.0138085223108344, 1.01390942576553, 1.0140024958731348, 1.0140958863002518, 1.0141769437806132, 1.0142646639391326, 1.0143435368390388, 1.0144115992144487, 1.0144937362385094, 1.0145219236433607, 1.014553851927451, 1.0145975948204589]
test_rres [1.0000141833828788, 1.001199936581259, 1.0031656873303083, 1.0052506307023459, 1.0066160215812046, 1.0077273398571265, 1.0085772467588217, 1.009123371809422, 1.009666439788423, 1.0100858275638143, 1.0104910552806017, 1.0107490524737477, 1.0109976895491228, 1.0112530288898447, 1.011466827739322, 1.0116571155693834, 1.011848601535533, 1.012012797722838, 1.0121052384859284, 1.0122185726300919, 1.012319317838519, 1.0124122419848456, 1.0125054859483291, 1.0125864163067415, 1.012673998894275, 1.0127527480982965, 1.012820703731901, 1.0129027119409713, 1.0129308551396887, 1.012962733350847, 1.0130064076421443]
step_times_seconds [0.02104806900024414, 0.290050745010376, 0.2957150936126709, 0.2556478977203369, 0.18437814712524414, 0.21056199073791504, 0.1868140697479248, 0.15746498107910156, 0.16715502738952637, 0.1742861270904541, 0.1746518611907959, 0.14642786979675293, 0.12969613075256348, 0.13152384757995605, 0.12715911865234375, 0.13576507568359375, 0.12548398971557617, 0.15257978439331055, 0.09696722030639648, 0.1065831184387207, 0.10408592224121094, 0.08904194831848145, 0.10892295837402344, 0.09796786308288574, 0.09029126167297363, 0.0896141529083252, 0.09418106079101562, 0.09310626983642578, 0.06123805046081543, 0.05802798271179199, 0.0673680305480957]
