date 2025-01-26T23:42:30.059438
sample_ratio 0.6
rank 16
seed 0
l2_regularization_strength 0
input_shape (100, 100, 100)
input_size 1000000
num_train_samples 600000
num_test_samples 1000000
num_iterations 10
max_num_richardson_iterations 1024
num_richardson_iterations [2, 2, 2, 2, 2, 2, 2, 2, 2, 2, 2, 2, 2, 2, 2, 2, 2, 2, 2, 2, 2, 2, 2, 2, 2, 2, 2, 2, 2, 2]
train_mses [1.0036977488243108, 1.0014949653079759, 0.9990051006867129, 0.9963467978063734, 0.9950856007296268, 0.9941678525143963, 0.9933809355856942, 0.9927864246617948, 0.9922570905140318, 0.9918146542035008, 0.9914229226067222, 0.9910676389461249, 0.9907684730342597, 0.9904878151029372, 0.9902310320683303, 0.9900106621329183, 0.9897987612344649, 0.9896022524463622, 0.9894306388350886, 0.9892633347817771, 0.9891060748483134, 0.9889666149176766, 0.9888294584807381, 0.9886993023540551, 0.9885822564206527, 0.9884666053846335, 0.9883562715040648, 0.9882558560331945, 0.9881565409202002, 0.9880615374889787, 0.9879742878917807]
train_rres [1.0000049644963076, 0.9978102854162499, 0.9953295814542223, 0.9926810589477325, 0.9914245020416, 0.9905101303869229, 0.9897261086669679, 0.9891337850555589, 0.9886063984232182, 0.9881655899153554, 0.9877752995694943, 0.9874213230613096, 0.987123257834578, 0.9868436324942038, 0.9865877942105112, 0.9863682350556803, 0.9861571137786993, 0.98596132798173, 0.985790345767762, 0.985623657256118, 0.9854669759102006, 0.985328029077702, 0.9851913772639346, 0.9850617000050237, 0.984945084704637, 0.9848298591695556, 0.9847199312271545, 0.9846198852028408, 0.9845209354879888, 0.9844262815914577, 0.9843393530012018]
test_mses [1.001584962930498, 1.0005799665024737, 0.9997896810953287, 0.9991453168506206, 0.9991367710294845, 0.9991458628235764, 0.9990963244307732, 0.9990574117109701, 0.9990231461456703, 0.9989799555381788, 0.9989341873312487, 0.9989067056577778, 0.9988777591918275, 0.9988439174314252, 0.9988252926940538, 0.9988085063908916, 0.9987826107832652, 0.9987695937856869, 0.9987619457922609, 0.9987397744478208, 0.9987303891760534, 0.9987291739814161, 0.9987088256653729, 0.9987019046763702, 0.9987049194455323, 0.9986858811256545, 0.9986805932183519, 0.9986861030236674, 0.9986682621564675, 0.9986639541732579, 0.998670588648367]
test_rres [1.0000141833828788, 0.9990107630845819, 0.9982217170771885, 0.997578363384969, 0.9975698309661917, 0.9975789085016789, 0.9975294477996329, 0.9974905961064093, 0.9974563842795852, 0.9974132614076582, 0.997367564978726, 0.9973401264045949, 0.9973112253352093, 0.9972774366486321, 0.997258841120322, 0.997242081143016, 0.997216226147312, 0.997203229564211, 0.9971955935650861, 0.9971734569918296, 0.9971640864389261, 0.9971628731500712, 0.997142556746167, 0.9971356466113089, 0.9971386566524271, 0.9971196481902294, 0.9971143685759194, 0.9971198697402411, 0.9971020568527637, 0.9970977556257377, 0.9971043796960402]
step_times_seconds [0.03050065040588379, 0.07700705528259277, 0.0733489990234375, 0.08690404891967773, 0.07584500312805176, 0.07232475280761719, 0.08513092994689941, 0.08321499824523926, 0.07592916488647461, 0.07721233367919922, 0.06722497940063477, 0.0851907730102539, 0.07479000091552734, 0.07683706283569336, 0.0747683048248291, 0.08196187019348145, 0.08069396018981934, 0.10542511940002441, 0.06087827682495117, 0.07287192344665527, 0.07393407821655273, 0.07082390785217285, 0.06907534599304199, 0.06165909767150879, 0.07415509223937988, 0.07046914100646973, 0.07256078720092773, 0.07881808280944824, 0.06755304336547852, 0.06343698501586914, 0.06600499153137207]
