date 2025-01-26T23:42:30.059438
sample_ratio 0.7
rank 16
seed 0
l2_regularization_strength 0
input_shape (100, 100, 100)
input_size 1000000
num_train_samples 700000
num_test_samples 1000000
num_iterations 10
max_num_richardson_iterations 1024
num_richardson_iterations [4, 4, 4, 4, 4, 3, 3, 3, 3, 3, 3, 3, 3, 3, 3, 3, 3, 3, 3, 3, 3, 2, 2, 2, 2, 2, 2, 2, 2, 2]
train_mses [1.0020238777929333, 0.9997802492915916, 0.9976031051657995, 0.9952912039424124, 0.9937464731101581, 0.9926482601233402, 0.9918139962917418, 0.9912036873806849, 0.9906876684605561, 0.990262853468104, 0.9899084498335076, 0.9895963986699253, 0.9893183809471938, 0.9890824549585563, 0.9888628646171075, 0.9886637112427451, 0.9884921465764707, 0.9883293641350869, 0.9881828688875548, 0.9880540947030285, 0.9879325700063348, 0.9878229378372577, 0.9877337705544809, 0.9876713864085411, 0.9876367181793896, 0.987584897784768, 0.9875401121628885, 0.9875005795686511, 0.987459221265165, 0.9874204059784778, 0.9873840408834147]
train_rres [1.0000088876015452, 0.9977697708583795, 0.995597004795981, 0.9932897526217751, 0.9917481281201623, 0.9906521235521711, 0.989819537358676, 0.9892104557302185, 0.9886954744830292, 0.9882715137596838, 0.9879178228025627, 0.9876063991490107, 0.9873289404977712, 0.9870934889375015, 0.9868743401747356, 0.9866755872819434, 0.9865043676185451, 0.9863419125196827, 0.9861957118624227, 0.9860671966325227, 0.9859459163123128, 0.9858365046047937, 0.9857475166303189, 0.9856852579339268, 0.9856506594198223, 0.9855989432318859, 0.9855542476703242, 0.9855147945729844, 0.9854735194377517, 0.9854347822055138, 0.9853984902377598]
test_mses [1.001584962930498, 1.0005604993393684, 0.9996979092990281, 0.9988627167926354, 0.998209697455773, 0.9977907719612435, 0.997447415334359, 0.9972137906609271, 0.9970124737292246, 0.996827585806174, 0.9966991936818722, 0.9965654810475634, 0.996445418999808, 0.9963572117853455, 0.9962575774753538, 0.9961787211918235, 0.9961161008871053, 0.9960413650315848, 0.9959875016699148, 0.9959424623406274, 0.9958860323051472, 0.995846697080152, 0.9958026579437915, 0.9957739628026027, 0.9957656572480552, 0.9957472947727154, 0.995726423576909, 0.9957124338720591, 0.9956998749105104, 0.9956814350826798, 0.9956671542799597]
test_rres [1.0000141833828788, 0.9989913264517088, 0.9981300892060326, 0.9972962065269195, 0.9966442113162737, 0.9962259428200251, 0.9958831246772303, 0.9956498663959392, 0.9954488651883446, 0.9952642672238886, 0.995136076456167, 0.9950025735225615, 0.9948826997673784, 0.9947946308877489, 0.9946951528336337, 0.9946164202199287, 0.9945538981222499, 0.9944792794745126, 0.9944255005864221, 0.9943805318920383, 0.9943241903554362, 0.9942849168196329, 0.9942409467495795, 0.9942122966108045, 0.9942040040818072, 0.9941856704042247, 0.9941648319405865, 0.9941508641757049, 0.9941383249102984, 0.9941199140015367, 0.9941056555953116]
step_times_seconds [0.023852825164794922, 0.18873977661132812, 0.20015788078308105, 0.17204570770263672, 0.15268802642822266, 0.15599989891052246, 0.1358489990234375, 0.16441702842712402, 0.12631487846374512, 0.12261676788330078, 0.11556792259216309, 0.11184287071228027, 0.11190605163574219, 0.11447691917419434, 0.12354373931884766, 0.11932206153869629, 0.1245729923248291, 0.12592005729675293, 0.11696505546569824, 0.1327836513519287, 0.11524724960327148, 0.11994481086730957, 0.07958078384399414, 0.09895133972167969, 0.08372282981872559, 0.07584381103515625, 0.08808708190917969, 0.08332180976867676, 0.0672299861907959, 0.09040307998657227, 0.07150888442993164]
