date 2025-01-26T23:42:30.059438
sample_ratio 0.1
rank 16
seed 0
l2_regularization_strength 0
input_shape (100, 100, 100)
input_size 1000000
num_train_samples 100000
num_test_samples 1000000
num_iterations 10
max_num_richardson_iterations 1024
num_richardson_iterations [2, 2, 2, 2, 2, 2, 2, 2, 2, 2, 2, 2, 2, 2, 2, 2, 2, 2, 2, 2, 2, 2, 2, 2, 2, 2, 2, 2, 2, 2]
train_mses [1.0086074595701853, 1.0055278843842448, 1.0002593916512645, 0.9934266325042993, 0.9880281820415855, 0.983108303573526, 0.978351809369064, 0.9746193416597361, 0.9712881766459426, 0.96815049445247, 0.9656784829872306, 0.9634457685229789, 0.9613298988672085, 0.9596498500955997, 0.9580983953331074, 0.9566062899897939, 0.9554082222785154, 0.9542730579874551, 0.9531640823357216, 0.9522611537803773, 0.9513840635060082, 0.9505160898532793, 0.9497982963251871, 0.9490860598652794, 0.9483750130260671, 0.9477775585713955, 0.9471749366208113, 0.9465703810899012, 0.9460546079066436, 0.9455283210031343, 0.9449993238778109]
train_rres [1.000017773066394, 0.9969644247194096, 0.991740800483578, 0.9849662317242323, 0.9796137565283489, 0.9747357776251562, 0.9700197915427449, 0.9663191109545655, 0.9630163154148318, 0.9599053549217935, 0.9574543960507211, 0.9552406962359433, 0.9531428461346126, 0.9514771053002714, 0.9499388633193306, 0.9484594653152383, 0.947271600806358, 0.9461461040081344, 0.9450465728167787, 0.9441513339460111, 0.9432817133075453, 0.9424211316500863, 0.9417094511259406, 0.9410032803438634, 0.9402982890512172, 0.9397059227469625, 0.939108432955165, 0.9385090260501502, 0.9379976453883927, 0.9374758405452422, 0.9369513485615623]
test_mses [1.001584962930498, 1.0014236108352645, 1.001402946102043, 1.0017154045375625, 1.0026043654274583, 1.0038593451714277, 1.00537364145207, 1.0071503450631087, 1.0090713784215568, 1.0110582963121943, 1.013112352039474, 1.0151787785844737, 1.0172069639987142, 1.0192071906069373, 1.0211606672607034, 1.023032975718564, 1.0248389222403205, 1.0265791286828694, 1.0282276144477418, 1.0297998997128108, 1.0313066686231636, 1.0327261777473686, 1.0340726785208874, 1.0353617543059146, 1.0365738368822792, 1.0377211516954936, 1.0388213538449307, 1.0398561272680324, 1.040835569418768, 1.0417778651780403, 1.042665589921027]
test_rres [1.0000141833828788, 0.9998530843351456, 0.9998324520102982, 1.0001444204191718, 1.0010319871571622, 1.002284998724105, 1.003796920143188, 1.0055708373608625, 1.0074888579744898, 1.0094726597939991, 1.0115234941582936, 1.0135866799392306, 1.015611684562739, 1.017608774227854, 1.0195591872561782, 1.0214285593841803, 1.0232316736510954, 1.0249691509385652, 1.0266150513933343, 1.028184870853076, 1.029689276706998, 1.0311065596237596, 1.0324509486883826, 1.0337380028237713, 1.0349481844984736, 1.036093699984911, 1.0371921766940724, 1.0382253272883681, 1.0392032333859926, 1.0401440513486113, 1.0410303838783344]
step_times_seconds [0.014468193054199219, 0.07693815231323242, 0.06661319732666016, 0.07062816619873047, 0.07555890083312988, 0.08136868476867676, 0.06174898147583008, 0.062419891357421875, 0.05900287628173828, 0.08585810661315918, 0.0666959285736084, 0.06490707397460938, 0.0718388557434082, 0.06114315986633301, 0.0660409927368164, 0.07126307487487793, 0.062496185302734375, 0.05801701545715332, 0.0652780532836914, 0.06920099258422852, 0.07509207725524902, 0.06729388236999512, 0.07229065895080566, 0.07136988639831543, 0.07005691528320312, 0.06590485572814941, 0.06781983375549316, 0.060611724853515625, 0.06648492813110352, 0.06214284896850586, 0.06346535682678223]
