date 2025-01-26T23:42:30.059438
sample_ratio 0.1
rank 16
seed 0
l2_regularization_strength 0
input_shape (100, 100, 100)
input_size 1000000
num_train_samples 100000
num_test_samples 1000000
num_iterations 10
max_num_richardson_iterations 1024
num_richardson_iterations [4, 4, 4, 4, 4, 4, 4, 4, 4, 4, 4, 4, 4, 4, 4, 4, 4, 4, 4, 4, 4, 4, 4, 4, 4, 2, 2, 2, 2, 2]
train_mses [1.0086074595701853, 0.9925407908185129, 0.977248055851869, 0.9615490689575722, 0.9519855818924235, 0.9443495791063812, 0.9388657656404168, 0.9345707695145544, 0.9310050928651799, 0.9280039502156473, 0.9254955907721999, 0.923220812868198, 0.9212570494926283, 0.91954061323334, 0.917978166851219, 0.9166554497065181, 0.9154623748375725, 0.9144081855808024, 0.9134900937093932, 0.9126498322876249, 0.9119009189528384, 0.911205337000912, 0.9105691439396925, 0.9099880740188642, 0.9094205965019787, 0.9089079905564976, 0.9088207817906272, 0.9087870939341819, 0.9087853438240207, 0.9087105849847545, 0.9086795648358288]
train_rres [1.000017773066394, 0.9840879342047126, 0.9689254380122346, 0.9533601496887442, 0.9438781089335482, 0.9363071372648665, 0.9308700260496846, 0.926611607751902, 0.9230762977672804, 0.9201007139952556, 0.9176137166992459, 0.9153583116730426, 0.9134112724567122, 0.9117094540244398, 0.910160314032703, 0.9088488616526025, 0.907665947465102, 0.9066207360868368, 0.9057104630365975, 0.9048773576021519, 0.9041348222994763, 0.9034451641892268, 0.9028143891911992, 0.9022382678838372, 0.9016756232223128, 0.9011673828249246, 0.9010809167622259, 0.9010475158044378, 0.9010457805988834, 0.900971658434457, 0.9009409024649719]
test_mses [1.001584962930498, 1.0141286094308188, 1.0261641976758458, 1.0385310156586398, 1.045823033162926, 1.0528164771058397, 1.05788509895732, 1.061716853187942, 1.0651287754930456, 1.0679904531070268, 1.0704057495414419, 1.072680361871015, 1.0746652499082296, 1.0764914724723982, 1.0781691889427278, 1.0796477034197984, 1.0810103729847647, 1.0822489264705997, 1.0833901170320028, 1.0843955368432898, 1.0853221359232401, 1.0862473478619612, 1.0870150117817385, 1.0877097645169491, 1.088488950421658, 1.0891029429208023, 1.089106364979809, 1.0891225552355988, 1.0891393298102006, 1.0891530443543826, 1.0891769144027066]
test_rres [1.0000141833828788, 1.0125381577594113, 1.0245548706652923, 1.0369022938433763, 1.0441828753213835, 1.0511653514891015, 1.0562260242520534, 1.0600517691660425, 1.0634583405743443, 1.0663155302368943, 1.0687270387767414, 1.070998083845764, 1.072979858995257, 1.0748032175057913, 1.0764783028236817, 1.0779544985555762, 1.0793150310542303, 1.0805516421242383, 1.081691042963491, 1.0826948859810612, 1.0836200318813638, 1.084543792815882, 1.0853102528130476, 1.0860039159718093, 1.0867818798840478, 1.087394909462526, 1.0873983261547384, 1.0874144910194494, 1.0874312392865888, 1.0874449323223356, 1.0874687649354091]
step_times_seconds [0.018046855926513672, 0.15270495414733887, 0.1529219150543213, 0.13490581512451172, 0.1221470832824707, 0.13096189498901367, 0.1164710521697998, 0.1375560760498047, 0.13019490242004395, 0.1325678825378418, 0.12755990028381348, 0.12484622001647949, 0.1261582374572754, 0.12372398376464844, 0.13321709632873535, 0.12152767181396484, 0.12410688400268555, 0.14049625396728516, 0.13976311683654785, 0.14011502265930176, 0.13742899894714355, 0.13964295387268066, 0.13228988647460938, 0.12145209312438965, 0.12704896926879883, 0.13035106658935547, 0.07347297668457031, 0.07390904426574707, 0.06696701049804688, 0.07543683052062988, 0.06707096099853516]
