date 2025-01-26T23:42:30.059438
sample_ratio 0.6
rank 16
seed 0
l2_regularization_strength 0
input_shape (100, 100, 100)
input_size 1000000
num_train_samples 600000
num_test_samples 1000000
num_iterations 10
max_num_richardson_iterations 1024
num_richardson_iterations [4, 4, 4, 4, 4, 4, 4, 3, 3, 3, 3, 3, 3, 3, 3, 3, 3, 3, 3, 3, 3, 2, 2, 2, 2, 2, 2, 2, 2, 2]
train_mses [1.0036977488243108, 1.0010764037217317, 0.9985423866430061, 0.9957262481429173, 0.9939537581997999, 0.9925903452021592, 0.9916495453639641, 0.9909040342171362, 0.9903019279234009, 0.9898325166417697, 0.9894229354744148, 0.9890693778410793, 0.9887773440869226, 0.9885114626951998, 0.9882720459696634, 0.9880659097919421, 0.987873940416923, 0.9876982325869847, 0.9875430543312737, 0.9873978708342, 0.9872631393846046, 0.9871427450286061, 0.9870481378730173, 0.9869892249847037, 0.986963305538244, 0.9869086528691289, 0.9868643874217977, 0.9868286937215616, 0.9867854147695886, 0.9867457053180807, 0.9867094935622616]
train_rres [1.0000049644963076, 0.9973932637932743, 0.9948685698186069, 0.9920627923979675, 0.9902968237637712, 0.9889384270074801, 0.9880010885409005, 0.9872583202635097, 0.9866584292269949, 0.9861907449937967, 0.985782670749136, 0.9854304139178486, 0.9851394546083361, 0.984874551442018, 0.9846360155736251, 0.984430637807933, 0.984239374722731, 0.9840643133534643, 0.9839097060264332, 0.9837650566855269, 0.9836308209371385, 0.983510869533604, 0.9834166104547364, 0.9833579143175223, 0.9833320902333624, 0.9832776386412352, 0.9832335360544369, 0.9831979736777361, 0.9831548539568022, 0.9831152906035001, 0.9830792120772359]
test_mses [1.001584962930498, 1.0009612708258353, 1.000444541394392, 0.9999827287869606, 0.9995723871337696, 0.9993450880907275, 0.9991496299801954, 0.9990068937478446, 0.9989388018938716, 0.9988771722663389, 0.9988030358963548, 0.998769338903336, 0.998763347116535, 0.9987061515939749, 0.9986859101977319, 0.9986999255096565, 0.9986552866034517, 0.9986416359060022, 0.9986593154894462, 0.9986230143307782, 0.9986107010265501, 0.9986251157735304, 0.9985778263385716, 0.9985678309125477, 0.9985809661417049, 0.9985617690080469, 0.998556200300261, 0.9985624824286893, 0.9985483893003099, 0.9985422263826906, 0.9985456193264337]
test_rres [1.0000141833828788, 0.9993914694107144, 0.9988755503628657, 0.998414462013311, 0.9980047638964151, 0.9977778213250668, 0.9975826697502892, 0.9974401573702952, 0.9973721723043587, 0.9973106393301924, 0.9972366192278221, 0.9972029750815906, 0.9971969926916722, 0.9971398868684989, 0.9971196772167132, 0.9971336705485102, 0.9970891016492279, 0.9970754723600834, 0.9970931242167452, 0.9970568799889615, 0.9970445859956129, 0.9970589781360341, 0.9970117628648056, 0.9970017831145471, 0.997014897743805, 0.9969957307168938, 0.9969901707424782, 0.996996443018683, 0.9969823719924702, 0.9969762187401169, 0.9969796063627272]
step_times_seconds [0.0350801944732666, 0.18341398239135742, 0.1860370635986328, 0.18443012237548828, 0.16203904151916504, 0.16318893432617188, 0.1648731231689453, 0.1638939380645752, 0.12607479095458984, 0.1069648265838623, 0.1190338134765625, 0.11327004432678223, 0.12148714065551758, 0.12903404235839844, 0.11289596557617188, 0.12934494018554688, 0.11345815658569336, 0.1270449161529541, 0.1197199821472168, 0.1296548843383789, 0.14029908180236816, 0.12871885299682617, 0.07440996170043945, 0.08042502403259277, 0.08570289611816406, 0.07734322547912598, 0.08281278610229492, 0.06906390190124512, 0.07783126831054688, 0.07696199417114258, 0.07949090003967285]
