date 2025-01-26T23:42:30.059438
sample_ratio 0.7
rank 16
seed 0
l2_regularization_strength 0
input_shape (100, 100, 100)
input_size 1000000
num_train_samples 700000
num_test_samples 1000000
num_iterations 10
max_num_richardson_iterations 1024
num_richardson_iterations [4, 4, 4, 4, 3, 3, 3, 3, 3, 3, 3, 3, 3, 3, 3, 3, 3, 3, 3, 3, 3, 2, 2, 2, 2, 2, 2, 2, 2, 2]
train_mses [1.0020238777929333, 0.9997820107908326, 0.9976043076393193, 0.9952921104586955, 0.9937836022958451, 0.9927207746652903, 0.9919444261454656, 0.9914101913851938, 0.9909254692042426, 0.9905260118665734, 0.9901877167064597, 0.9898846462106864, 0.9896156180963396, 0.9893837370587852, 0.989167430784253, 0.9889696713172799, 0.9887974709185193, 0.988632267498367, 0.9884816618747043, 0.9883486763411484, 0.988220696372762, 0.9881044407214586, 0.9880089507585501, 0.9879341610994762, 0.987884064193878, 0.9878215482085865, 0.9877649590832266, 0.9877141165759571, 0.9876632005376008, 0.987614768021956, 0.9875694470261659]
train_rres [1.0000088876015452, 0.9977715288153859, 0.9955982048514223, 0.993290657315126, 0.9917851826420149, 0.9907244922731543, 0.9899497049283548, 0.9894165444716257, 0.9889327970283647, 0.9885341429675785, 0.9881965280920812, 0.9878940670469307, 0.9876255799266895, 0.9873941651834287, 0.9871782938835824, 0.9869809320951428, 0.9868090779776656, 0.9866442067684302, 0.9864939040006786, 0.9863611858904364, 0.9862334632795707, 0.9861174414091206, 0.9860221434689203, 0.9859475042058925, 0.9858975080411805, 0.9858351177705551, 0.985778642441418, 0.9857279021743802, 0.9856770885241208, 0.9856287534024066, 0.9855835235435285]
test_mses [1.001584962930498, 1.0005286032167848, 0.9996621459673536, 0.9988212355643662, 0.998198933049206, 0.9977613000974282, 0.9974528045750894, 0.9972594164010697, 0.9970762978584755, 0.9969081680053443, 0.9967879704806595, 0.9966653369404714, 0.9965494784011524, 0.9964642803412945, 0.9963697020101555, 0.9962886452276359, 0.9962250029306298, 0.9961506625426676, 0.996093222557117, 0.9960452943240365, 0.9959869202533744, 0.9959448167945328, 0.9959010237624965, 0.9958666946790927, 0.9958527167877432, 0.995829915517174, 0.9958036323535884, 0.995786341392503, 0.9957693973458278, 0.995746497574506, 0.9957300446272291]
test_rres [1.0000141833828788, 0.9989594803516186, 0.9980943819617716, 0.997254790353406, 0.9966334637914593, 0.9961965171767528, 0.9958885054660476, 0.9956954205815137, 0.9955125892226054, 0.9953447230464907, 0.9952247140268458, 0.9951022728120859, 0.9949865959730027, 0.9949015315287388, 0.9948071015242159, 0.9947261718625507, 0.9946626293753681, 0.99458840557498, 0.994531055672206, 0.9944832026046793, 0.9944249200817137, 0.9943828826534681, 0.9943391583017749, 0.9943048830564619, 0.9942909270865536, 0.9942681615750771, 0.9942419196312154, 0.9942246557874382, 0.9942077383140073, 0.9941848744562564, 0.9941684473120357]
step_times_seconds [0.01512908935546875, 0.18575215339660645, 0.17012500762939453, 0.20473170280456543, 0.16393208503723145, 0.11699318885803223, 0.134080171585083, 0.11719417572021484, 0.11181092262268066, 0.11650991439819336, 0.12393498420715332, 0.1120920181274414, 0.09758901596069336, 0.08133792877197266, 0.11315393447875977, 0.0968022346496582, 0.11527514457702637, 0.13199996948242188, 0.12598896026611328, 0.10855698585510254, 0.10316205024719238, 0.11028695106506348, 0.07163715362548828, 0.0649421215057373, 0.06223797798156738, 0.06705403327941895, 0.07927417755126953, 0.07775425910949707, 0.05596208572387695, 0.0641791820526123, 0.06614136695861816]
