date 2025-01-26T23:42:30.059438
sample_ratio 0.9
rank 16
seed 0
l2_regularization_strength 0
input_shape (100, 100, 100)
input_size 1000000
num_train_samples 900000
num_test_samples 1000000
num_iterations 10
max_num_richardson_iterations 1024
num_richardson_iterations [3, 3, 3, 3, 2, 2, 2, 2, 2, 2, 2, 2, 2, 2, 2, 2, 2, 2, 2, 2, 2, 2, 2, 2, 2, 2, 2, 2, 2, 2]
train_mses [1.0019947720367766, 1.0001771857343014, 0.9984879794842717, 0.9967622454819094, 0.9956389808398974, 0.9948126396315158, 0.9942276614713669, 0.9938058539952768, 0.9934128269283159, 0.9930856526134525, 0.9927928610560262, 0.992533111089116, 0.9923063175604483, 0.9920988767741263, 0.99191403085553, 0.9917502694839136, 0.9916000429567672, 0.9914646102592368, 0.9913437322360199, 0.9912325626758756, 0.9911304346547664, 0.9910381097864404, 0.99095293226606, 0.9908732036503347, 0.9908004978864993, 0.9907330454331996, 0.9906690080632861, 0.9906104577282754, 0.9905557713261697, 0.990503395819275, 0.9904555836622718]
train_rres [1.0000117939198525, 0.9981978046759288, 0.996511941416424, 0.9947896226941187, 0.9936685810269833, 0.9928438751729759, 0.9922600547023906, 0.9918390819961196, 0.9914468327416733, 0.991120305914726, 0.9908280938006933, 0.9905688578868647, 0.9903425131894853, 0.9901354829347861, 0.9899510028318824, 0.9897875655489994, 0.9896376363247172, 0.9895024716526128, 0.9893818328506789, 0.9892708832984738, 0.9891689573918234, 0.9890768152372187, 0.9889918062857407, 0.98891223545537, 0.9888396735784516, 0.9887723546156076, 0.988708443977596, 0.9886500095154785, 0.9885954313394252, 0.988543159485251, 0.9884954419499601]
test_mses [1.001584962930498, 1.0000621278853445, 0.9987029653046673, 0.9973384313250299, 0.9964341681673308, 0.9957540796053547, 0.995302580553293, 0.9949758760177103, 0.9946566551383854, 0.9943924501145239, 0.994166151964024, 0.9939572986394839, 0.9937697147192968, 0.9936130159653983, 0.9934674971662508, 0.993331990941299, 0.9932204518618993, 0.9931164358456538, 0.9930175171094495, 0.9929349741578403, 0.9928586663811408, 0.9927841127401972, 0.9927204632958094, 0.9926623736156129, 0.992604089950779, 0.9925537254263119, 0.9925078151409764, 0.9924608672824377, 0.9924204270257669, 0.9923830956457775, 0.9923446347227799]
test_rres [1.0000141833828788, 0.9984937365905763, 0.9971367055762291, 0.9957743115868537, 0.9948714665795128, 0.9941924445962526, 0.9937416536273821, 0.9934154614605165, 0.9930967412133366, 0.9928329505405918, 0.992607007292092, 0.9923984815109383, 0.9922111917774614, 0.9920547387732566, 0.9919094481903483, 0.9917741544789771, 0.9916627903256308, 0.9915589374370648, 0.9914601738345072, 0.9913777603345022, 0.9913015722308204, 0.9912271355118941, 0.9911635858885391, 0.9911055873100315, 0.9910473950511112, 0.9909971095130187, 0.9909512712285018, 0.9909043969980011, 0.9908640201635367, 0.9908267473301213, 0.990788346725153]
step_times_seconds [0.0165860652923584, 0.13402485847473145, 0.14719080924987793, 0.12675786018371582, 0.10746312141418457, 0.07681894302368164, 0.06386375427246094, 0.0668649673461914, 0.08188605308532715, 0.07253122329711914, 0.0795738697052002, 0.0649559497833252, 0.06879496574401855, 0.058142900466918945, 0.07445907592773438, 0.06958699226379395, 0.06544995307922363, 0.07694506645202637, 0.06561684608459473, 0.06347894668579102, 0.0690622329711914, 0.06955790519714355, 0.12293696403503418, 0.1841421127319336, 0.07012820243835449, 0.07035422325134277, 0.0654289722442627, 0.07666683197021484, 0.09319782257080078, 0.07918477058410645, 0.06820392608642578]
