date 2025-01-26T23:42:30.059438
sample_ratio 0.5
rank 16
seed 0
l2_regularization_strength 0
input_shape (100, 100, 100)
input_size 1000000
num_train_samples 500000
num_test_samples 1000000
num_iterations 10
max_num_richardson_iterations 1024
num_richardson_iterations [2, 2, 2, 2, 2, 2, 2, 2, 2, 2, 2, 2, 2, 2, 2, 2, 2, 2, 2, 2, 2, 2, 2, 2, 2, 2, 2, 2, 2, 2]
train_mses [1.003481270231157, 1.0010900522346007, 0.9982142216487264, 0.9952640795718575, 0.9938642253896314, 0.992831007001121, 0.9918946905492947, 0.9912364187549558, 0.9906243838007261, 0.9900689505691067, 0.9896109011407901, 0.9891758329093808, 0.9887832897744341, 0.9884380892387232, 0.9881147690357138, 0.9878196190897658, 0.9875515348667775, 0.9873038853371767, 0.9870734368798708, 0.986860001383715, 0.9866640173233456, 0.986477962965328, 0.9863033401893938, 0.9861427069100013, 0.9859875230840361, 0.9858405041971107, 0.985704309338021, 0.9855709581259221, 0.9854438169127321, 0.9853249436442204, 0.985207516077582]
train_rres [1.000007075154489, 0.9976241358952018, 0.9947582618444011, 0.9918183335795713, 0.990423325891896, 0.989393684652601, 0.9884606098616842, 0.9878046170980507, 0.9871947010960005, 0.9866411908533356, 0.9861847272573767, 0.9857511652941484, 0.9853599811994421, 0.9850159757971506, 0.9846937749747323, 0.9843996468799334, 0.9841324908027065, 0.9838856986710482, 0.9836560480591228, 0.9834433515070529, 0.9832480459714132, 0.9830626357600815, 0.982888617553068, 0.9827285404089665, 0.9825738938515088, 0.9824273839649087, 0.9822916606318185, 0.9821587711006083, 0.9820320700684062, 0.9819136083560803, 0.9817965873404021]
test_mses [1.001584962930498, 1.0007054544526177, 1.0001152077855593, 0.9997941336819233, 1.0000886947215872, 1.0003872464825665, 1.0005504039413442, 1.000700119820922, 1.000823464708485, 1.000882139136776, 1.0009324501504655, 1.0009994048802093, 1.0010272767271917, 1.001050405588509, 1.001101604208537, 1.0011213025426613, 1.0011351414185758, 1.001178018171155, 1.001194420142495, 1.0012037769911168, 1.0012399870030906, 1.001254222570696, 1.0012611030540846, 1.0012917427668064, 1.0013042443448084, 1.0013097947899006, 1.0013358572238593, 1.001346928395369, 1.0013517843200348, 1.0013740194124103, 1.0013839085102723]
test_rres [1.0000141833828788, 0.9991360542327441, 0.9985467332459095, 0.9982261626808189, 0.998520261762213, 0.9988183453062985, 0.9989812468862355, 0.9991307279673185, 0.9992538794138518, 0.9993124618233972, 0.9993626939346328, 0.999429543659685, 0.9994573717954208, 0.999480464383887, 0.9995315827094335, 0.9995512501507815, 0.9995650673232719, 0.9996078768325031, 0.9996242530807322, 0.999633595255066, 0.9996697484791003, 0.9996839617211523, 0.9996908314139209, 0.9997214230745697, 0.9997339050464233, 0.9997394467867868, 0.9997654683471904, 0.9997765221558499, 0.9997813704649987, 0.9998035706862154, 0.9998134442750657]
step_times_seconds [0.03154110908508301, 0.08698201179504395, 0.06994009017944336, 0.06223011016845703, 0.07452797889709473, 0.06701183319091797, 0.05931901931762695, 0.060769081115722656, 0.07284808158874512, 0.06557178497314453, 0.07616782188415527, 0.06658077239990234, 0.056079864501953125, 0.0546109676361084, 0.07070493698120117, 0.07571005821228027, 0.08372688293457031, 0.06087803840637207, 0.0883932113647461, 0.062355756759643555, 0.06605792045593262, 0.06688094139099121, 0.0650339126586914, 0.06414914131164551, 0.0735769271850586, 0.06595993041992188, 0.06636595726013184, 0.05574607849121094, 0.04704475402832031, 0.061019182205200195, 0.06736588478088379]
