date 2025-01-26T23:42:30.059438
sample_ratio 0.9
rank 16
seed 0
l2_regularization_strength 0
input_shape (100, 100, 100)
input_size 1000000
num_train_samples 900000
num_test_samples 1000000
num_iterations 10
max_num_richardson_iterations 1024
num_richardson_iterations [3, 3, 3, 3, 3, 3, 3, 3, 3, 3, 3, 3, 3, 3, 3, 3, 3, 3, 3, 2, 2, 2, 2, 2, 2, 2, 2, 2, 2, 2]
train_mses [1.0019947720367766, 1.0001771857343014, 0.9984879794842717, 0.9967622454819094, 0.9956389808398974, 0.9948041012009544, 0.9941738722490382, 0.9936704678146183, 0.9932434963381864, 0.9928874469162998, 0.9925718384767535, 0.9922991488649368, 0.9920632215559698, 0.9918509498888147, 0.9916647082986174, 0.9915018334868401, 0.9913547804179855, 0.9912231323311037, 0.9911062736121701, 0.9910000011382765, 0.9909034364764562, 0.9908237922882634, 0.9907590877869592, 0.9906926094889729, 0.9906331431668636, 0.990577624156556, 0.9905240325219165, 0.9904752156450909, 0.9904293929653565, 0.990385207724329, 0.9903449873160721]
train_rres [1.0000117939198525, 0.9981978046759288, 0.996511941416424, 0.9947896226941187, 0.9936685810269833, 0.9928353536402281, 0.9922063719305683, 0.9917039637488287, 0.9912778372619299, 0.9909224924726738, 0.9906075086318246, 0.9903353586810401, 0.9900998982793904, 0.9898880467043181, 0.9897021736918901, 0.9895396212143169, 0.9893928591679564, 0.989261471616641, 0.989144844164665, 0.9890387820072281, 0.9889424084498094, 0.9888629218798864, 0.9887983454307574, 0.9887319986953439, 0.988672650058894, 0.9886172409223958, 0.9885637553472305, 0.9885150350804882, 0.9884693030852302, 0.9884252052881382, 0.9883850644772919]
test_mses [1.001584962930498, 1.0000621278853445, 0.9987029653046673, 0.9973384313250299, 0.9964341681673308, 0.9957605620009464, 0.9952722576151413, 0.9948781973156844, 0.9945303073797657, 0.9942387275148579, 0.9939952250519881, 0.9937764987036721, 0.9935801089816216, 0.9934208478796827, 0.9932754157238287, 0.9931414439554033, 0.9930318594166417, 0.9929324213605552, 0.9928381890292685, 0.9927582050271742, 0.9926855282091633, 0.9926221547330921, 0.992573896532554, 0.9925262578973973, 0.9924788060885043, 0.9924376185117032, 0.9923994816654512, 0.9923603514842892, 0.9923268356117644, 0.9922953695510409, 0.9922630670208354]
test_rres [1.0000141833828788, 0.9984937365905763, 0.9971367055762291, 0.9957743115868537, 0.9948714665795128, 0.9941989168255431, 0.993711378244508, 0.9933179359473993, 0.992970591605131, 0.9926794690231351, 0.9924363484436827, 0.9922179651225558, 0.9920218833973006, 0.9918628720635698, 0.991717667988073, 0.9915839063267494, 0.9914744936487472, 0.9913752115407534, 0.9912811269934533, 0.9912012684297784, 0.9911287055903749, 0.9910654315025372, 0.9910172489850387, 0.990969685061261, 0.9909223076707484, 0.9908811846881712, 0.990843107651701, 0.9908040388381619, 0.9907705755283741, 0.9907391588156805, 0.9907069069453348]
step_times_seconds [0.024532079696655273, 0.1406540870666504, 0.12887001037597656, 0.11006689071655273, 0.11236691474914551, 0.11203312873840332, 0.12723302841186523, 0.11635303497314453, 0.13565897941589355, 0.10687637329101562, 0.1195070743560791, 0.1274709701538086, 0.11865711212158203, 0.12138795852661133, 0.13945698738098145, 0.11603617668151855, 0.12238383293151855, 0.11428403854370117, 0.09791302680969238, 0.11268186569213867, 0.06809091567993164, 0.0650949478149414, 0.06391716003417969, 0.07173681259155273, 0.07642197608947754, 0.07358098030090332, 0.08670520782470703, 0.07883000373840332, 0.07078790664672852, 0.08150076866149902, 0.06885194778442383]
