date 2025-01-26T23:42:30.059438
sample_ratio 0.8
rank 16
seed 0
l2_regularization_strength 0
input_shape (100, 100, 100)
input_size 1000000
num_train_samples 800000
num_test_samples 1000000
num_iterations 10
max_num_richardson_iterations 1024
num_richardson_iterations [3, 3, 3, 3, 2, 2, 2, 2, 2, 2, 2, 2, 2, 2, 2, 2, 2, 2, 2, 2, 2, 2, 2, 2, 2, 2, 2, 2, 2, 2]
train_mses [1.001666328348003, 0.9996363406604677, 0.9977635319364766, 0.9958250925631739, 0.9945907017415855, 0.9937060277953711, 0.9931112153080729, 0.9927310362643088, 0.992332894743942, 0.9920106214266095, 0.9917292551108983, 0.9914654121494513, 0.9912364260744361, 0.9910267915309884, 0.990827616775818, 0.9906484868457698, 0.9904818993484336, 0.9903214268673841, 0.9901748723100532, 0.9900378937172868, 0.9899059359200989, 0.9897851770947833, 0.9896722165314908, 0.9895637925566458, 0.9894645812602741, 0.9893715454527483, 0.9892821023614289, 0.9892000078966222, 0.9891225888934281, 0.9890475926207265, 0.9889784284683014]
train_rres [1.0000092451312033, 0.9979826157062274, 0.9961129052194606, 0.9941776726579087, 0.9929453239218488, 0.9920621135152454, 0.9914682850420465, 0.9910887349385742, 0.9906912520743014, 0.9903695119022791, 0.9900886110583386, 0.9898252045793119, 0.9895965973220436, 0.9893873095825904, 0.9891884643275086, 0.9890096307368623, 0.9888433188296484, 0.9886831118224875, 0.988536799714254, 0.9884000477288125, 0.988268308232914, 0.9881477491821312, 0.9880349754924994, 0.9879267308863163, 0.9878276837178278, 0.9877348018219099, 0.9876455066986726, 0.98756354804492, 0.9874862571180395, 0.9874113849136642, 0.9873423351813339]
test_mses [1.001584962930498, 1.000260392253455, 0.9991385112222769, 0.9979990474403484, 0.9972526765173626, 0.9966959004557405, 0.9963667689951348, 0.9961498477379469, 0.9959122763836172, 0.9957217706677514, 0.9955472154933266, 0.995379167281197, 0.995231460357324, 0.9950943806407117, 0.9949620646986046, 0.9948416995574002, 0.9947303641374676, 0.9946249357303475, 0.9945264697363277, 0.9944360018309681, 0.9943538976673384, 0.9942742103032827, 0.9942018890488306, 0.994139582159476, 0.9940754711283303, 0.9940181118696739, 0.9939709986346021, 0.9939190386787538, 0.9938731394148389, 0.9938365965814348, 0.9937937863934813]
test_rres [1.0000141833828788, 0.9986916900218957, 0.9975715684298505, 0.9964338916619748, 0.9956886912679248, 0.9951327883947816, 0.9948041731090246, 0.9945875920481125, 0.9943503932754791, 0.9941601863285577, 0.9939859049079411, 0.993818120244791, 0.9936706449687797, 0.9935337802334452, 0.9934016718016179, 0.9932814954283253, 0.9931703346150481, 0.9930650715506516, 0.9929667599802458, 0.9928764339551467, 0.9927944585549725, 0.9927148961641207, 0.9926426883306478, 0.9925804791568053, 0.9925164686705961, 0.9924591993681129, 0.9924121600204384, 0.9923602815530697, 0.9923144542726886, 0.9922779687491857, 0.9922352257001872]
step_times_seconds [0.015793800354003906, 0.13677406311035156, 0.11651206016540527, 0.12565302848815918, 0.10063791275024414, 0.08440017700195312, 0.06612396240234375, 0.07586908340454102, 0.0483250617980957, 0.07583832740783691, 0.07511401176452637, 0.07894301414489746, 0.0601499080657959, 0.06889700889587402, 0.07084894180297852, 0.07207584381103516, 0.07715487480163574, 0.07282209396362305, 0.070098876953125, 0.07005906105041504, 0.07197999954223633, 0.06843900680541992, 0.07003998756408691, 0.07599592208862305, 0.07515597343444824, 0.07076621055603027, 0.07757902145385742, 0.07905983924865723, 0.06876420974731445, 0.0736238956451416, 0.07951593399047852]
