date 2025-01-26T23:42:30.059438
sample_ratio 0.4
rank 16
seed 0
l2_regularization_strength 0
input_shape (100, 100, 100)
input_size 1000000
num_train_samples 400000
num_test_samples 1000000
num_iterations 10
max_num_richardson_iterations 1024
num_richardson_iterations [6, 6, 6, 5, 5, 5, 4, 4, 4, 4, 4, 4, 3, 3, 3, 3, 3, 3, 3, 3, 3, 3, 3, 3, 3, 3, 3, 3, 3, 2]
train_mses [1.0035799098069444, 0.9996628919711235, 0.99587462771722, 0.9919753704742562, 0.989603666457999, 0.9878156822304308, 0.9865218063557621, 0.98550923080185, 0.9846845055095518, 0.9840843131554676, 0.9835119947656535, 0.982998105221166, 0.9825603760244869, 0.982199895942396, 0.9819004408037671, 0.9816787869867688, 0.9814264885179649, 0.9811915434509909, 0.9809826431526968, 0.980775912362936, 0.9805758153987663, 0.980390602961702, 0.9802120345061401, 0.980037966643063, 0.9798749653498801, 0.9797179221176818, 0.9795654790874025, 0.9794222086889943, 0.9792833316644132, 0.9791494438788689, 0.9790572761731194]
train_rres [1.0000066221255135, 0.9961035509933321, 0.9923287750106268, 0.9884434012339788, 0.9860801417677395, 0.9842985237317945, 0.983009254755569, 0.9820002845187005, 0.9811784956948376, 0.980580440350397, 0.9800101597238264, 0.9794980999042677, 0.9790619292604561, 0.9787027326825727, 0.9784043437663219, 0.9781834791568855, 0.9779320790071908, 0.9776979704718227, 0.977489813971661, 0.9772838192554079, 0.9770844347447359, 0.9768998817641966, 0.9767219491089895, 0.9765485010217216, 0.9763860801013693, 0.9762295960280797, 0.9760776957775001, 0.9759349354992575, 0.9757965529520531, 0.9756631418794942, 0.9755713023406644]
test_mses [1.001584962930498, 1.0018293833829122, 1.0025348789245234, 1.0032378899254448, 1.0037279990165342, 1.004190530417144, 1.004532376847325, 1.0046514191327154, 1.0048856374004735, 1.0051068208715335, 1.0052130224838964, 1.0053536370009164, 1.005518093928483, 1.0055464679398909, 1.0056169068803154, 1.0057255740926399, 1.005774353219554, 1.0058279675777115, 1.005913930743382, 1.005961081008269, 1.0060052194322537, 1.0060770020025631, 1.0061199471258166, 1.006159169575872, 1.0062196507310694, 1.0062585650097382, 1.006295065048782, 1.0063460208777284, 1.0063814541866092, 1.006415998807305, 1.0064282133626226]
test_rres [1.0000141833828788, 1.0002582205121981, 1.0009626096294832, 1.0016645181025683, 1.0021538585585794, 1.0026156645740336, 1.0029569748885574, 1.0030758304806624, 1.0033096814253493, 1.0035305180157297, 1.003636553072756, 1.003776947064892, 1.0039411460756689, 1.003969475588289, 1.0040398040597558, 1.0041483008499585, 1.0041970034768675, 1.004250533751956, 1.0043363621021217, 1.0043834384215378, 1.0044275076235032, 1.0044991776176484, 1.0045420553903288, 1.0045812163280565, 1.0046416026310296, 1.0046804558806741, 1.0047168986769308, 1.0047677745921635, 1.0048031523312035, 1.0048376427757828, 1.0048498381750883]
step_times_seconds [0.02223992347717285, 0.25911998748779297, 0.2479710578918457, 0.2105550765991211, 0.17722797393798828, 0.17325496673583984, 0.20015978813171387, 0.13958191871643066, 0.14760684967041016, 0.13598990440368652, 0.14794516563415527, 0.11935091018676758, 0.14247989654541016, 0.09683394432067871, 0.09634041786193848, 0.09890890121459961, 0.09617400169372559, 0.10982680320739746, 0.13101792335510254, 0.0944368839263916, 0.08597278594970703, 0.11077094078063965, 0.10079503059387207, 0.11386871337890625, 0.09994006156921387, 0.09591174125671387, 0.09568095207214355, 0.10949492454528809, 0.11491990089416504, 0.10265588760375977, 0.05866074562072754]
