date 2025-01-26T23:42:30.059438
sample_ratio 0.6
rank 16
seed 0
l2_regularization_strength 0
input_shape (100, 100, 100)
input_size 1000000
num_train_samples 600000
num_test_samples 1000000
num_iterations 10
max_num_richardson_iterations 1024
num_richardson_iterations [4, 4, 4, 4, 4, 4, 3, 3, 3, 3, 3, 3, 3, 3, 3, 3, 3, 3, 3, 3, 3, 3, 2, 2, 2, 2, 2, 2, 2, 2]
train_mses [1.0036977488243108, 1.001087432340205, 0.9985506318379838, 0.9957374427200514, 0.9940579698457348, 0.9927772124594695, 0.9918785244052537, 0.991174236738192, 0.990639500492722, 0.9902649997344695, 0.9898898479226724, 0.9895680738134379, 0.9892999635805345, 0.9890468865647619, 0.988817493626236, 0.9886198988981176, 0.9884317930162654, 0.9882570952429776, 0.9881029808553299, 0.987955265098162, 0.9878167505834682, 0.9876925046657841, 0.987573381927434, 0.9874765940597892, 0.9874076803867162, 0.9873607879923876, 0.9872944856613444, 0.9872385676239216, 0.9871879094677721, 0.9871327839242291, 0.9870831491985498]
train_rres [1.0000049644963076, 0.9974042518354791, 0.9948767846780311, 0.9920739457882412, 0.9904006519963394, 0.9891246067465809, 0.988229225127162, 0.9875275286609498, 0.9869947598061899, 0.9866216369035046, 0.9862478653426175, 0.9859272750981364, 0.9856601512909446, 0.9854080053909773, 0.9851794564302818, 0.9849825886886651, 0.9847951748821446, 0.9846211198533484, 0.9844675724802189, 0.9843204001958581, 0.9841823953009475, 0.9840586065063148, 0.983939922041919, 0.9838434902742268, 0.9837748301469371, 0.9837281102781512, 0.9836620518852949, 0.9836063395803771, 0.9835558678046847, 0.9835009450779194, 0.9834514929673126]
test_mses [1.001584962930498, 1.000844293592514, 1.0003168050111875, 0.9998304480917027, 0.9995035409659464, 0.9993085985741873, 0.9991433826417874, 0.9989659150029907, 0.9989120685674562, 0.998876049238743, 0.9988148642487025, 0.9987887298462244, 0.9987753070190851, 0.9987315748925134, 0.9987142320426478, 0.9987181398732057, 0.9986812927863059, 0.9986691244481457, 0.9986810465702232, 0.9986496473583534, 0.9986405062894043, 0.9986546418356088, 0.9986273830374677, 0.9986049192511826, 0.998613691220129, 0.9986073002715432, 0.9985985624772625, 0.9986064159627219, 0.9985945421848692, 0.9985884698696327, 0.9985948628201837]
test_rres [1.0000141833828788, 0.9992746756320697, 0.9987480143078467, 0.9982624201389325, 0.9979360256996143, 0.9977413890348111, 0.9975764322095436, 0.9973992428921552, 0.9973454809036549, 0.9973095180638337, 0.9972484290298375, 0.9972223356137823, 0.9972089338375805, 0.9971652702958343, 0.9971479546446537, 0.9971518563465849, 0.9971150670467452, 0.9971029177921151, 0.9971148212168017, 0.997083471248123, 0.9970743445150563, 0.9970884578925706, 0.9970612418442352, 0.9970388132877681, 0.9970475714996896, 0.9970411905739891, 0.9970324664831376, 0.997040307652024, 0.9970284524957441, 0.9970223897036823, 0.9970287726282083]
step_times_seconds [0.022040843963623047, 0.17904424667358398, 0.1790909767150879, 0.17183375358581543, 0.16684699058532715, 0.16276192665100098, 0.15865707397460938, 0.12166810035705566, 0.13188505172729492, 0.10525894165039062, 0.1087179183959961, 0.11412310600280762, 0.11448311805725098, 0.10593986511230469, 0.1075127124786377, 0.1022791862487793, 0.1604018211364746, 0.10504722595214844, 0.10793113708496094, 0.11510777473449707, 0.10140490531921387, 0.11446309089660645, 0.10550522804260254, 0.07392692565917969, 0.07248497009277344, 0.07007789611816406, 0.07875299453735352, 0.08556699752807617, 0.07850003242492676, 0.08448576927185059, 0.07985997200012207]
