date 2025-01-26T23:42:30.059438
sample_ratio 0.7
rank 16
seed 0
l2_regularization_strength 0
input_shape (100, 100, 100)
input_size 1000000
num_train_samples 700000
num_test_samples 1000000
num_iterations 10
max_num_richardson_iterations 1024
num_richardson_iterations [3, 3, 3, 3, 2, 2, 2, 2, 2, 2, 2, 2, 2, 2, 2, 2, 2, 2, 2, 2, 2, 2, 2, 2, 2, 2, 2, 2, 2, 2]
train_mses [1.0020238777929333, 0.999799059212146, 0.9976199613389166, 0.9953134261447754, 0.9938916156083193, 0.992967083184603, 0.9923478722442343, 0.9919882655024153, 0.991558143365124, 0.9912098344920115, 0.9909206261101136, 0.990638260593079, 0.9903918506560002, 0.9901740338182403, 0.9899667764762674, 0.9897781365062639, 0.989609390247228, 0.9894468296163504, 0.9892956020307437, 0.9891597000242376, 0.9890265217795293, 0.9889019839330287, 0.9887895153492791, 0.9886781732407944, 0.9885743422092468, 0.9884799100275355, 0.9883862421652091, 0.9882991485727283, 0.9882192598575157, 0.9881403023499105, 0.9880668726805439]
train_rres [1.0000088876015452, 0.9977885429536821, 0.9956138270726768, 0.9933119301370593, 0.9918929787483226, 0.990970305485657, 0.9903523397291595, 0.9899934561278501, 0.9895641989319109, 0.989216590480194, 0.9889279636733121, 0.9886461659708375, 0.9884002515445117, 0.98818287271906, 0.9879760321550906, 0.9877877715250386, 0.9876193646012864, 0.987457130866887, 0.9873062073879074, 0.9871705786695095, 0.9870376682356417, 0.9869133808248289, 0.9868011384064413, 0.9866900201980667, 0.9865863979624517, 0.9864921556763351, 0.9863986761726176, 0.9863117577184128, 0.9862320296530422, 0.9861532309226945, 0.9860799489145433]
test_mses [1.001584962930498, 1.0004672875245921, 0.9995843505460853, 0.9987321609764254, 0.9981825717147377, 0.9977544297862544, 0.9975204102256479, 0.9974208667512029, 0.9972599024407982, 0.9971245370648605, 0.997027090829205, 0.9969231574841415, 0.9968221083527371, 0.9967462223144032, 0.9966661702569487, 0.9965869817086063, 0.9965261967902005, 0.9964594178448997, 0.9963966603688771, 0.9963465616116571, 0.9962894410993021, 0.9962396429375265, 0.9961980435584862, 0.9961490860633019, 0.996109411582592, 0.9960747793661079, 0.9960328688656761, 0.996000882093845, 0.9959719485620259, 0.9959360255278794, 0.9959097161272308]
test_rres [1.0000141833828788, 0.9988982608204494, 0.9980167085465848, 0.9971658554605946, 0.9966171281163714, 0.9961896576402458, 0.9959560050910793, 0.9958566177300541, 0.995695905858989, 0.9955607527757393, 0.9954634593644168, 0.9953596890173803, 0.9952587983607083, 0.9951830313339823, 0.995103104821678, 0.9950240404642496, 0.9949633508744583, 0.9948966766581673, 0.994834017604309, 0.9947839974166625, 0.9947269664860561, 0.994677246422432, 0.9946357122834423, 0.9945868315679971, 0.9945472193085318, 0.9945126414055401, 0.9944707966330888, 0.9944388600259155, 0.9944099718703768, 0.9943741051741042, 0.994347837034327]
step_times_seconds [0.027029991149902344, 0.11298203468322754, 0.11414599418640137, 0.11001777648925781, 0.1020040512084961, 0.060133934020996094, 0.08024907112121582, 0.06395697593688965, 0.07088589668273926, 0.07030987739562988, 0.0656430721282959, 0.07769608497619629, 0.07570600509643555, 0.06905508041381836, 0.06852030754089355, 0.06555795669555664, 0.07666611671447754, 0.06592416763305664, 0.060089111328125, 0.07680892944335938, 0.06514883041381836, 0.07016897201538086, 0.058817148208618164, 0.07146692276000977, 0.0751030445098877, 0.06381583213806152, 0.06982874870300293, 0.06774497032165527, 0.07302021980285645, 0.06412887573242188, 0.05455589294433594]
