date 2025-01-26T23:42:30.059438
sample_ratio 0.4
rank 16
seed 0
l2_regularization_strength 0
input_shape (100, 100, 100)
input_size 1000000
num_train_samples 400000
num_test_samples 1000000
num_iterations 10
max_num_richardson_iterations 1024
num_richardson_iterations [4, 4, 4, 3, 3, 2, 2, 2, 2, 2, 2, 2, 2, 2, 2, 2, 2, 2, 2, 2, 2, 2, 2, 2, 2, 2, 2, 2, 2, 2]
train_mses [1.0035799098069444, 0.9996395898339665, 0.9958537594688046, 0.9919463906146989, 0.9893790218444553, 0.9873760499242558, 0.9864222569147655, 0.9859511154282915, 0.9858359717245592, 0.9853230285832054, 0.9850050863865724, 0.9848173078046563, 0.9844751037759729, 0.9842232491040304, 0.9840216423024873, 0.9837626141158846, 0.9835506893149573, 0.9833589908031817, 0.9831482381901063, 0.9829648589157335, 0.982789685427099, 0.9826106477756706, 0.9824491541773289, 0.9822907194302092, 0.9821343281016525, 0.981990137019544, 0.9818466985821805, 0.981707432115482, 0.9815771767930686, 0.9814466792121063, 0.9813209271942984]
train_rres [1.0000066221255135, 0.996080331824396, 0.992307981064471, 0.9884145245584073, 0.9858562970106122, 0.9838604567545869, 0.982910059764465, 0.9824405957966952, 0.9823258620668714, 0.981814745280739, 0.9814979351304168, 0.9813108251418903, 0.9809698395447721, 0.9807188816117818, 0.9805179926395748, 0.9802598867335193, 0.9800487164995907, 0.9798577005382767, 0.9796476983185769, 0.9794649719736775, 0.9792904221974779, 0.9791120220169953, 0.9789511034232745, 0.9787932327896096, 0.9786373982988318, 0.978493720615021, 0.9783507928961329, 0.9782120222934357, 0.9780822307504727, 0.9779521978115325, 0.9778268935389732]
test_mses [1.001584962930498, 1.0021452859457436, 1.002875674327625, 1.0035928766637685, 1.0041346539975833, 1.0045813721438195, 1.0043430567177678, 1.0043773753900727, 1.00454454268142, 1.0045609488215492, 1.0046383309771576, 1.0047614503903366, 1.0048237578150703, 1.004888406598642, 1.004975938686491, 1.0050459715837257, 1.0050989028091697, 1.0051651233020171, 1.0052336446000472, 1.0052788553077596, 1.005331450093759, 1.005395713682392, 1.0054356783914418, 1.005478799644527, 1.0055380500449629, 1.0055741489653525, 1.0056103825157827, 1.0056645986934458, 1.0056976226979666, 1.0057287815053912, 1.0057782214957012]
test_rres [1.0000141833828788, 1.00057362764698, 1.0013028705652467, 1.00201894811737, 1.0025598757851186, 1.003005893346029, 1.0027679516685968, 1.0028022165191386, 1.0029691216430492, 1.0029855020535297, 1.0030627628511786, 1.0031856891769377, 1.00324789888532, 1.0033124462806013, 1.003399841092414, 1.0034697641574863, 1.0035226123712142, 1.0035887290108694, 1.0036571428473686, 1.0037022826514057, 1.003754794953325, 1.0038189577577665, 1.0038588597904086, 1.0039019134166973, 1.003961070895094, 1.0039971132017687, 1.004033289927344, 1.0040874210781088, 1.0041203932912859, 1.004151503232544, 1.004200865686421]
step_times_seconds [0.029913902282714844, 0.208571195602417, 0.20104312896728516, 0.1528329849243164, 0.12273001670837402, 0.13690185546875, 0.08397698402404785, 0.08155488967895508, 0.08706521987915039, 0.07912015914916992, 0.07358884811401367, 0.08627915382385254, 0.09494400024414062, 0.06995105743408203, 0.07984304428100586, 0.16428637504577637, 0.08273887634277344, 0.08564591407775879, 0.0672457218170166, 0.08712482452392578, 0.07910895347595215, 0.0858302116394043, 0.1389322280883789, 0.0899040699005127, 0.07134294509887695, 0.07141494750976562, 0.07638788223266602, 0.07859206199645996, 0.0883181095123291, 0.08406305313110352, 0.07849979400634766]
