date 2025-01-26T23:42:30.059438
sample_ratio 0.8
rank 16
seed 0
l2_regularization_strength 0
input_shape (100, 100, 100)
input_size 1000000
num_train_samples 800000
num_test_samples 1000000
num_iterations 10
max_num_richardson_iterations 1024
num_richardson_iterations [3, 3, 3, 3, 3, 3, 3, 3, 3, 3, 3, 3, 3, 3, 3, 3, 3, 3, 3, 3, 3, 3, 2, 2, 2, 2, 2, 2, 2, 2]
train_mses [1.001666328348003, 0.9996329265739018, 0.9977601604153108, 0.9958202379629196, 0.9945399072363094, 0.9935828449570078, 0.9928696758530868, 0.9923240079541218, 0.9918640380522677, 0.991488970775041, 0.9911620766052905, 0.9908672349346315, 0.9906105821662201, 0.9903784022576536, 0.9901613831724874, 0.9899679871083203, 0.9897916702895314, 0.9896269960640701, 0.9894806690150768, 0.9893471060903057, 0.989222026568729, 0.9891102699683835, 0.9890070952793953, 0.9889126935537276, 0.9888432869969603, 0.988794948592009, 0.9887344781147298, 0.9886817939248221, 0.9886324510638966, 0.9885815578825365, 0.9885350158480539]
train_rres [1.0000092451312033, 0.9979792072676755, 0.9961095392758917, 0.9941728260887487, 0.9928946134472721, 0.991939134461524, 0.9912271451721975, 0.9906823799861336, 0.9902231710247076, 0.9898487242312414, 0.9895223708512001, 0.9892280169449494, 0.988971788764031, 0.9887399929568552, 0.9885233328921268, 0.9883302567682064, 0.9881542316350148, 0.9879898298344992, 0.9878437448582305, 0.987710402890154, 0.9875855302909526, 0.9874739585725198, 0.9873709545681606, 0.9872767090137754, 0.9872074172781189, 0.9871591588406751, 0.9870987884013128, 0.9870461913682601, 0.9869969301365402, 0.9869461211491221, 0.9868996561103635]
test_mses [1.001584962930498, 1.0002867487166585, 0.9991672207796943, 0.9980299376278937, 0.9972440329144432, 0.9966910293630434, 0.9962867478816384, 0.995951457997525, 0.9956638319776541, 0.995422953675305, 0.9952101487625403, 0.9950102371644723, 0.9948322979814225, 0.9946756807079091, 0.9945329092068472, 0.9944012217686694, 0.9942859419524995, 0.9941888503963181, 0.9940927287372194, 0.9940101854757012, 0.9939455401701677, 0.9938744564471482, 0.9938144142090947, 0.9937614762249043, 0.993719930978699, 0.9936945315496328, 0.9936662027375094, 0.993635357036288, 0.9936094629806336, 0.9935863008244166, 0.9935596239327357]
test_rres [1.0000141833828788, 0.9987180051504199, 0.9976002329622453, 0.9964647334046287, 0.9956800612207147, 0.9951279249413894, 0.9947242774921492, 0.9943895134411024, 0.9941023385033523, 0.9938618379689659, 0.9936493667968392, 0.9934497687189031, 0.9932721085967815, 0.9931157369451765, 0.9929731893517831, 0.9928417084382061, 0.9927266094146641, 0.992629670126574, 0.9925336992144832, 0.9924512854050551, 0.9923867414823574, 0.9923157692395043, 0.992255821165324, 0.9922029662034492, 0.9921614861123984, 0.9921361265171008, 0.9921078421328795, 0.992077044806782, 0.992051191360616, 0.9920280655294664, 0.9920014304749909]
step_times_seconds [0.0197451114654541, 0.1782519817352295, 0.14309191703796387, 0.1247870922088623, 0.10847616195678711, 0.1457529067993164, 0.13297295570373535, 0.13165497779846191, 0.14663410186767578, 0.14854788780212402, 0.12465786933898926, 0.1344010829925537, 0.11761999130249023, 0.1109156608581543, 0.11331892013549805, 0.10951018333435059, 0.11685299873352051, 0.11034011840820312, 0.1120309829711914, 0.11829185485839844, 0.12694096565246582, 0.11207699775695801, 0.11716723442077637, 0.07284879684448242, 0.07668185234069824, 0.06952118873596191, 0.06529402732849121, 0.07405900955200195, 0.08115315437316895, 0.07758808135986328, 0.07886075973510742]
