date 2025-01-26T23:42:30.059438
sample_ratio 0.1
rank 16
seed 0
l2_regularization_strength 0
input_shape (100, 100, 100)
input_size 1000000
num_train_samples 100000
num_test_samples 1000000
num_iterations 10
max_num_richardson_iterations 1024
num_richardson_iterations [19, 19, 19, 16, 15, 13, 12, 11, 10, 9, 9, 8, 8, 8, 7, 7, 6, 6, 6, 6, 6, 5, 5, 4, 4, 4, 4, 4, 4, 4]
train_mses [1.0086074595701853, 0.9927458318571378, 0.9772854075350821, 0.9616598555238141, 0.9533988524393601, 0.9472454362377855, 0.9431026336689196, 0.9399418918509505, 0.9373293907590337, 0.9352383136741411, 0.933567016191736, 0.9320443607371891, 0.9307672619078226, 0.9296075767203992, 0.928542555252969, 0.9275787033492405, 0.9267313570844785, 0.9260249591130698, 0.9253388892202257, 0.9247485661806634, 0.9241178000419041, 0.9235198848559532, 0.9230464708713488, 0.9225795223353911, 0.9222445633147394, 0.92191644747594, 0.9216112951744927, 0.9213011501030333, 0.9209980131712601, 0.9207049454893343, 0.9204162442232895]
train_rres [1.000017773066394, 0.9842912290355086, 0.9689624715942418, 0.9534699927542576, 0.9452793435285114, 0.9391783321704638, 0.9350708112911948, 0.9319369875582331, 0.9293467355238237, 0.9272734668503642, 0.9256164027759041, 0.9241067148369985, 0.9228404922692285, 0.9216906834039645, 0.9206347320662842, 0.9196790886936453, 0.918838958753436, 0.9181385767370589, 0.9174583496775622, 0.9168730540545609, 0.9162476597612483, 0.9156548366494779, 0.9151854544392528, 0.9147224826154433, 0.9143903762337957, 0.9140650547548492, 0.9137625012469963, 0.9134549974894686, 0.9131544421876318, 0.9128638703820633, 0.9125776278063098]
test_mses [1.001584962930498, 1.010582371163718, 1.0224650224738316, 1.0349741004359727, 1.0425242534556611, 1.048563761244678, 1.052649646577322, 1.0557199625179532, 1.0583049308448091, 1.060351470644419, 1.0619711013074142, 1.063536307880228, 1.0647755419672804, 1.0659452659056796, 1.0670710195590338, 1.067965632202421, 1.0688448704751194, 1.069553298340656, 1.0702338500243942, 1.0708982000407152, 1.0715411991986676, 1.0721567954341282, 1.0726412859051817, 1.0731226980434134, 1.0734679476152866, 1.073816348972984, 1.0741593715686815, 1.074486240214798, 1.0748157876505955, 1.0751393031983945, 1.0754490908390644]
test_rres [1.0000141833828788, 1.008997481036011, 1.0208614968570344, 1.0333509569090134, 1.040889269070079, 1.0469193051361132, 1.0509987825998774, 1.0540642833828706, 1.0566451977197713, 1.0586885279435791, 1.0603056185497501, 1.0618683704187062, 1.0631056610225489, 1.0642735504900775, 1.0653975386308894, 1.0662907482587607, 1.0671686076274747, 1.0678759244699394, 1.0685554088486506, 1.0692187169689202, 1.0698607077152413, 1.0704753385149055, 1.070959069162528, 1.0714397263050592, 1.0717844344241487, 1.0721322893861358, 1.0724747740216027, 1.0728011300416287, 1.073130160650206, 1.0734531688305575, 1.073762470633173]
step_times_seconds [0.013864994049072266, 0.7288467884063721, 0.7780332565307617, 0.6150999069213867, 0.5675311088562012, 0.5305781364440918, 0.4595448970794678, 0.37776803970336914, 0.34842705726623535, 0.34439682960510254, 0.29778265953063965, 0.30042195320129395, 0.2831227779388428, 0.26021909713745117, 0.27323222160339355, 0.2465348243713379, 0.23163700103759766, 0.1941509246826172, 0.21195411682128906, 0.19260001182556152, 0.21519184112548828, 0.21959280967712402, 0.1555318832397461, 0.19761204719543457, 0.1472938060760498, 0.12214875221252441, 0.13550591468811035, 0.13332676887512207, 0.11616206169128418, 0.1448662281036377, 0.12333488464355469]
