date 2025-01-26T23:42:30.059438
sample_ratio 0.4
rank 16
seed 0
l2_regularization_strength 0
input_shape (100, 100, 100)
input_size 1000000
num_train_samples 400000
num_test_samples 1000000
num_iterations 10
max_num_richardson_iterations 1024
num_richardson_iterations [2, 2, 2, 2, 2, 2, 2, 2, 2, 2, 2, 2, 2, 2, 2, 2, 2, 2, 2, 2, 2, 2, 2, 2, 2, 2, 2, 2, 2, 2]
train_mses [1.0035799098069444, 1.0010544830938217, 0.997727966268258, 0.9942684272822749, 0.992536759063373, 0.991299084052967, 0.9901560085886117, 0.9893987715046748, 0.9887181422427348, 0.9880610822926703, 0.9875419314509428, 0.9870412195315744, 0.9865701280980557, 0.9861659898236631, 0.985769324386362, 0.9854044717406645, 0.9850779158942404, 0.9847553757940776, 0.984461582758274, 0.9841924469168554, 0.9839252700162046, 0.9836818940753965, 0.9834560573601455, 0.9832305065681743, 0.9830238253743686, 0.9828306578550474, 0.9826364347303415, 0.9824569125358331, 0.9822883903040296, 0.9821178806163999, 0.9819588294476317]
train_rres [1.0000066221255135, 0.9974901872984143, 0.9941755146732761, 0.9907282935186099, 0.9890027909758585, 0.9877695227583994, 0.9866305172614038, 0.9858759763513516, 0.9851977704979847, 0.984543050036986, 0.984025747653253, 0.9835268185393354, 0.9830574044463053, 0.9826547051229153, 0.982259452029272, 0.9818958984564751, 0.9815705053256175, 0.9812491136427909, 0.9809563666692146, 0.9806881890970652, 0.9804219634907942, 0.9801794541000662, 0.979954421485759, 0.97972967377669, 0.9795237284798034, 0.9793312487414059, 0.97913771715615, 0.9789588341578231, 0.97879091195638, 0.9786210093755292, 0.9784625245150106]
test_mses [1.001584962930498, 1.0008658397069128, 1.0004379375711576, 1.0003859906701762, 1.0010490885693286, 1.00171101981091, 1.0022188646123538, 1.0027081721926943, 1.0030968359897732, 1.0033867897579227, 1.003638780189602, 1.0038596767850212, 1.0040423800261173, 1.0041906838827743, 1.004340157420933, 1.0044774306021513, 1.0045788221212852, 1.0046919370285707, 1.0048047679438985, 1.0048811578939827, 1.0049708750214867, 1.0050668696101055, 1.0051279638052883, 1.00520057874011, 1.00528347769268, 1.0053343646503956, 1.0053940271637343, 1.0054663431361741, 1.0055100173060534, 1.0055599096972734, 1.0056235793803616]
test_rres [1.0000141833828788, 0.9992961879558298, 0.9988689568963668, 0.998817091463391, 0.9994791494301797, 1.0001400425690592, 1.000647090920619, 1.0011356311228856, 1.001523685380918, 1.0018131844163534, 1.002064779652986, 1.0022853298176306, 1.0024677465263558, 1.0026158177989848, 1.0027650569187112, 1.0029021148152426, 1.0030033473226794, 1.0031162848325503, 1.0032289387958464, 1.0033052089440408, 1.0033947853687246, 1.0034906294096195, 1.0035516277911511, 1.0036241288444165, 1.0037068977870682, 1.0037577049390805, 1.0038172738840656, 1.00388947644381, 1.003933082119757, 1.0039828962650459, 1.0040464660953612]
step_times_seconds [0.02249598503112793, 0.09171462059020996, 0.08869218826293945, 0.07397913932800293, 0.08338594436645508, 0.08309769630432129, 0.07209181785583496, 0.07648420333862305, 0.071807861328125, 0.07863211631774902, 0.0697469711303711, 0.07743167877197266, 0.0832979679107666, 0.06987524032592773, 0.0697929859161377, 0.07603621482849121, 0.06823396682739258, 0.058779239654541016, 0.07778716087341309, 0.09232902526855469, 0.07633781433105469, 0.08496904373168945, 0.07420802116394043, 0.07497501373291016, 0.07783794403076172, 0.07319021224975586, 0.09020709991455078, 0.07520318031311035, 0.06718778610229492, 0.08257293701171875, 0.07318925857543945]
