date 2025-01-26T23:42:30.059438
sample_ratio 0.1
rank 16
seed 0
l2_regularization_strength 0
input_shape (100, 100, 100)
input_size 1000000
num_train_samples 100000
num_test_samples 1000000
num_iterations 10
max_num_richardson_iterations 1024
num_richardson_iterations [8, 9, 9, 5, 3, 2, 2, 2, 2, 2, 2, 2, 2, 2, 2, 2, 2, 2, 2, 2, 2, 2, 2, 2, 2, 2, 2, 2, 2, 2]
train_mses [1.0086074595701853, 0.9961553433365931, 0.9806579367396521, 0.9656090236823907, 0.9607279324469664, 0.9586840709305954, 0.9579027698154877, 0.9571337227050394, 0.9563355536697965, 0.9556458143521883, 0.9549721653578827, 0.9542637841025383, 0.953644231318292, 0.9530432839501184, 0.9524051613904808, 0.9518410559094872, 0.9512970704350002, 0.9507154283262553, 0.9501964264404545, 0.9496982883466906, 0.949163203626583, 0.9486818742092754, 0.9482215657714289, 0.9477257219811067, 0.9472765789261576, 0.9468481794384485, 0.9463860453314664, 0.9459649183884405, 0.9455639473259261, 0.9451312336405558, 0.9447348580189862]
train_rres [1.000017773066394, 0.987671703812467, 0.9723062790514985, 0.9573855282878609, 0.9525460062904102, 0.95051955107965, 0.9497449038233655, 0.9489824062119544, 0.9481910346891874, 0.94750716945515, 0.9468392575130739, 0.946136909103165, 0.9455226326671538, 0.944926803196383, 0.9442941151322831, 0.9437348137891043, 0.9431954611027691, 0.9426187724804616, 0.9421041906130252, 0.9416102948536009, 0.94107976711942, 0.940602536887341, 0.94014614861203, 0.939654527616883, 0.9392092096358023, 0.9387844585618175, 0.938326260165467, 0.937908719700396, 0.9375111634606568, 0.9370821349303663, 0.9366891349950408]
test_mses [1.001584962930498, 1.004296418972677, 1.0122908808339584, 1.022604837996258, 1.0273769181425387, 1.029650330554285, 1.0307492445609983, 1.0317856352249895, 1.0328010076442218, 1.0337837822477434, 1.034710457618352, 1.0356195640820833, 1.0364981274354006, 1.0373272374802216, 1.0381425279377954, 1.0389299853653038, 1.0396742593310497, 1.0404082072777825, 1.0411171276073645, 1.041788504038977, 1.0424525577988575, 1.0430942142906476, 1.043703269405464, 1.044307453742947, 1.0448915858004402, 1.045447389601288, 1.0460002486432478, 1.0465350890746332, 1.0470452741111167, 1.0475539782328245, 1.0480464014229307]
test_rres [1.0000141833828788, 1.0027213870651952, 1.0107033112610257, 1.0210010931076354, 1.0257656892299234, 1.0280355362629432, 1.029132726849567, 1.0301674921484434, 1.031181272165345, 1.03216250548949, 1.0330877275608048, 1.033995408278451, 1.0348725937862557, 1.035700403542884, 1.036514415385439, 1.037300637848299, 1.0380437445737543, 1.0387765414744288, 1.0394843500086106, 1.0401546735246876, 1.040817685853134, 1.0414583360389877, 1.042066435976407, 1.0426696727753035, 1.0432528887420773, 1.0438078208792367, 1.0443598128757556, 1.0448938145201765, 1.0454031994365998, 1.045911105760757, 1.0464027566865977]
step_times_seconds [0.013267755508422852, 0.30700016021728516, 0.3417799472808838, 0.3009071350097656, 0.1481790542602539, 0.11167120933532715, 0.06383895874023438, 0.0689549446105957, 0.05777287483215332, 0.06236004829406738, 0.057398080825805664, 0.05615496635437012, 0.06666016578674316, 0.06874513626098633, 0.06253504753112793, 0.06020998954772949, 0.06059718132019043, 0.07451486587524414, 0.06266593933105469, 0.06803727149963379, 0.42948007583618164, 0.09537005424499512, 0.08240389823913574, 0.09664511680603027, 0.07636499404907227, 0.10296916961669922, 0.08980488777160645, 0.06953668594360352, 0.06939888000488281, 0.06543493270874023, 0.06783723831176758]
