date 2025-01-26T23:42:30.059438
sample_ratio 0.9
rank 16
seed 0
l2_regularization_strength 0
input_shape (100, 100, 100)
input_size 1000000
num_train_samples 900000
num_test_samples 1000000
num_iterations 10
max_num_richardson_iterations 1024
num_richardson_iterations [3, 3, 3, 3, 3, 3, 3, 3, 3, 3, 3, 3, 3, 3, 3, 3, 3, 3, 3, 2, 2, 2, 2, 2, 2, 2, 2, 2, 2, 2]
train_mses [1.0019947720367766, 1.000176977669091, 0.9984877049075678, 0.9967618730881209, 0.9956286132399531, 0.9947857488373563, 0.9941504715169182, 0.9936431018258587, 0.9932137983841964, 0.9928561582791569, 0.9925394368899617, 0.9922664202143722, 0.9920303715792828, 0.9918184671006782, 0.9916328432713781, 0.991470637471455, 0.9913244870464369, 0.9911937047699965, 0.9910775801284996, 0.9909721293848047, 0.990876277716158, 0.9907980508749966, 0.990735510816798, 0.9906704958450686, 0.9906125168835458, 0.990558390732703, 0.9905060217023849, 0.9904583754563152, 0.9904136750694351, 0.9903705079756213, 0.9903312485467964]
train_rres [1.0000117939198525, 0.9981975970224858, 0.9965116673831157, 0.994789251037309, 0.9936582339448345, 0.9928170375965155, 0.9921830175092085, 0.991676651918193, 0.9912481980810935, 0.9908912657566951, 0.9905751711687583, 0.99030269480147, 0.9900671133138059, 0.9898556282006069, 0.9896703717265084, 0.9895084869367948, 0.9893626257479111, 0.9892321022935718, 0.9891162074662709, 0.9890109654128038, 0.9889153034375235, 0.9888372314096591, 0.988774815120137, 0.9887099288150132, 0.988652064595618, 0.9885980455620733, 0.9885457801716584, 0.9884982282189582, 0.9884536162955028, 0.98841053463068, 0.9883713528974584]
test_mses [1.001584962930498, 1.0000650281858516, 0.998706110150109, 0.9973422842474977, 0.9964287690805245, 0.9957482438930778, 0.9952554642176683, 0.9948581315371853, 0.994508125852494, 0.9942144895462321, 0.9939702723737739, 0.9937513476814587, 0.9935545777527188, 0.9933957056946813, 0.9932508588749419, 0.9931173701814588, 0.9930082559175749, 0.9929096081423644, 0.992815905444093, 0.9927362914171726, 0.9926640053484308, 0.9926016466293276, 0.9925549524896033, 0.9925083814469149, 0.9924619794474274, 0.9924217879184635, 0.9923845193493587, 0.9923462261291771, 0.9923135153827127, 0.992282778914188, 0.9922512007803976]
test_rres [1.0000141833828788, 0.99849663234256, 0.9971398454896291, 0.995778158466807, 0.994866075960061, 0.9941866180360874, 0.9936946111840173, 0.9932979016379374, 0.9929484448650124, 0.9926552690667667, 0.9924114348986005, 0.992192853544536, 0.9919963922088673, 0.9918377693089029, 0.9916931496515415, 0.9915598703075569, 0.991450927166903, 0.9913524341003926, 0.9912588783554876, 0.9911793891867567, 0.9911072164838127, 0.9910449555615058, 0.9909983346519142, 0.990951836646306, 0.9909055074187895, 0.9908653789219536, 0.9908281688009168, 0.9907899356357575, 0.9907572761893558, 0.9907265879246461, 0.990695059314649]
step_times_seconds [0.027281999588012695, 0.14024090766906738, 0.16239595413208008, 0.1386098861694336, 0.12182497978210449, 0.13115215301513672, 0.11869525909423828, 0.12241315841674805, 0.1129159927368164, 0.14055800437927246, 0.10993504524230957, 0.13645696640014648, 0.11996006965637207, 0.14714694023132324, 0.1426711082458496, 0.1217496395111084, 0.11112713813781738, 0.1497189998626709, 0.12820672988891602, 0.14048409461975098, 0.10027694702148438, 0.07914090156555176, 0.06883597373962402, 0.07468414306640625, 0.09861493110656738, 0.07625007629394531, 0.08739709854125977, 0.07723808288574219, 0.08141803741455078, 0.08243298530578613, 0.08449769020080566]
