date 2025-01-26T23:42:30.059438
sample_ratio 0.2
rank 16
seed 0
l2_regularization_strength 0
input_shape (100, 100, 100)
input_size 1000000
num_train_samples 200000
num_test_samples 1000000
num_iterations 10
max_num_richardson_iterations 1024
num_richardson_iterations [5, 5, 5, 4, 3, 2, 2, 2, 2, 2, 2, 2, 2, 2, 2, 2, 2, 2, 2, 2, 2, 2, 2, 2, 2, 2, 2, 2, 2, 2]
train_mses [1.0058693838796928, 0.9992752486716053, 0.9914357475818661, 0.983280064203479, 0.9799675632924312, 0.9780873883653546, 0.9772246532501023, 0.9766160594674178, 0.9760054904806577, 0.9753242929003622, 0.974813821089972, 0.9742873421726919, 0.9737242350950287, 0.9732808023420835, 0.9728165602104091, 0.9723363445466132, 0.971942896080725, 0.9715278028485347, 0.9711092824825908, 0.970755386767592, 0.9703807066659497, 0.9700101746810019, 0.9696888279927136, 0.9693482432815136, 0.9690163102580708, 0.9687224717143044, 0.96841116947175, 0.9681111006058589, 0.9678409583955191, 0.9675551461661667, 0.9672819234454574]
train_rres [1.0000102312058812, 0.9934545065961826, 0.9856606703159181, 0.9775524934973677, 0.9742592877839679, 0.9723900648076392, 0.9715323550931382, 0.9709273063471614, 0.9703202939026011, 0.9696430642735009, 0.9691355659428892, 0.9686121537462045, 0.9680523267468424, 0.9676114769735978, 0.9671499390355003, 0.9666725206105266, 0.96628136396768, 0.9658686886385099, 0.9654526061385161, 0.9651007718532199, 0.9647282742495783, 0.9643599006000021, 0.9640404257445164, 0.9637018249269046, 0.9633718254012826, 0.963079698456375, 0.9627702095380911, 0.962471888562459, 0.9622033199206952, 0.961919172537211, 0.9616475413289389]
test_mses [1.001584962930498, 1.002383301868124, 1.0052980073386109, 1.0092116356493404, 1.0121785140707846, 1.0138366725809378, 1.0145826193162573, 1.015301952269682, 1.0159637514973192, 1.0165584353404828, 1.0171241965734175, 1.0176517914183272, 1.0181330277811549, 1.0185870766178213, 1.0190179785942304, 1.0194165583745864, 1.019790071728481, 1.020151236606494, 1.0204893035522908, 1.0208039537834526, 1.0211138605104075, 1.0214067491725598, 1.0216773345102144, 1.0219485480149233, 1.022206854000154, 1.022443542541607, 1.0226846999502754, 1.022915849933845, 1.023125758841485, 1.0233429177913214, 1.0235522291419363]
test_rres [1.0000141833828788, 1.0008112702904508, 1.0037214046462446, 1.0076288952377241, 1.0105911207219567, 1.0122466787522995, 1.0129914556239341, 1.0137096604519047, 1.0143704217838765, 1.0149641729880203, 1.0155290469410871, 1.016055814362241, 1.0165362960050357, 1.0169896327596994, 1.0174198589551846, 1.0178178136453184, 1.0181907412205136, 1.0185513396858659, 1.0188888764433475, 1.0192030332104836, 1.0195124539126215, 1.0198048832392832, 1.020075044219614, 1.0203458323818488, 1.0206037332673892, 1.0208400506116555, 1.0210808298146408, 1.0213116172871104, 1.0215211969958993, 1.0217380153766882, 1.021946998465597]
step_times_seconds [0.025903940200805664, 0.20173096656799316, 0.18060803413391113, 0.17677903175354004, 0.13030505180358887, 0.12181496620178223, 0.0607149600982666, 0.0800628662109375, 0.06389212608337402, 0.07464003562927246, 0.07345199584960938, 0.05680584907531738, 0.05619502067565918, 0.049813032150268555, 0.06703925132751465, 0.06802701950073242, 0.0628511905670166, 0.06954193115234375, 0.07931184768676758, 0.06528592109680176, 0.07977008819580078, 0.06263494491577148, 0.06613826751708984, 0.07061505317687988, 0.06148195266723633, 0.06091499328613281, 0.0838310718536377, 0.07210302352905273, 0.07720375061035156, 0.07456779479980469, 0.06969594955444336]
