date 2025-01-26T23:42:30.059438
sample_ratio 0.4
rank 16
seed 0
l2_regularization_strength 0
input_shape (100, 100, 100)
input_size 1000000
num_train_samples 400000
num_test_samples 1000000
num_iterations 10
max_num_richardson_iterations 1024
num_richardson_iterations [3, 3, 3, 3, 3, 2, 2, 2, 2, 2, 2, 2, 2, 2, 2, 2, 2, 2, 2, 2, 2, 2, 2, 2, 2, 2, 2, 2, 2, 2]
train_mses [1.0035799098069444, 1.0001500871707159, 0.9964102748458261, 0.992674273762069, 0.9908350001160301, 0.9894714153405161, 0.988577323508191, 0.9880062473727657, 0.9876070169169661, 0.9870321232838112, 0.9866002820428231, 0.9862305569211497, 0.9858129639536326, 0.9854673970085706, 0.9851463531447576, 0.9848218238869225, 0.9845379344386853, 0.9842644466239271, 0.9840013393393335, 0.9837637263088467, 0.9835304575236967, 0.9833104105094368, 0.983107978829914, 0.9829068488935406, 0.9827180790035241, 0.9825424993959985, 0.9823665167546741, 0.9822010711564118, 0.9820460858655686, 0.9818897559440203, 0.9817421520467888]
train_rres [1.0000066221255135, 0.9965890115143123, 0.9928625149455281, 0.9891398160477951, 0.9873070912114704, 0.9859483615358177, 0.9850574531543562, 0.9844884103590763, 0.9840906013797889, 0.9835177546791377, 0.983087451026708, 0.9827190423265869, 0.9823029362160626, 0.9819585996763682, 0.9816386989024802, 0.9813153251444593, 0.9810324464963172, 0.9807599324462088, 0.9804977619659591, 0.9802609949664723, 0.9800285567444578, 0.9798092932166723, 0.9796075823034976, 0.9794071684985625, 0.9792190707315289, 0.9790441162824411, 0.978868760234573, 0.9787039037121904, 0.9785494702528708, 0.9783936969504591, 0.9782466186029946]
test_mses [1.001584962930498, 1.00104112402148, 1.001233752187545, 1.0017313023968186, 1.0026069524214543, 1.0032234606310901, 1.0033382985144759, 1.0035565506264748, 1.0037941740630523, 1.003922412251797, 1.0040691748282722, 1.0042302611074108, 1.0043485561521257, 1.0044531439021926, 1.0045732168946293, 1.0046794025209578, 1.0047588188770356, 1.0048529717083161, 1.0049473542986336, 1.0050108005800795, 1.0050863754099344, 1.0051699304241617, 1.0052227116210621, 1.005284258673246, 1.0053582530257803, 1.0054035784771431, 1.0054544522460451, 1.0055201909160019, 1.0055600443790433, 1.0056028781759345, 1.005661548264313]
test_rres [1.0000141833828788, 0.9994711973730828, 0.9996635234415776, 1.0001602933459128, 1.0010345700939913, 1.0016501114375875, 1.0017647692214258, 1.0019826790499775, 1.0022199298231784, 1.002347966896759, 1.0024944993063867, 1.0026553329549028, 1.0027734424782255, 1.0028778662039661, 1.002997750886666, 1.0031037699827288, 1.003183061790623, 1.0032770669625963, 1.0033713015332768, 1.003434648312309, 1.0035101046186223, 1.0035935285940338, 1.0036462270145072, 1.003707677542827, 1.0037815558504726, 1.0038268102182084, 1.003877604202091, 1.0039432397744954, 1.0039830307355955, 1.0040257973565059, 1.004084375432945]
step_times_seconds [0.013576030731201172, 0.12287735939025879, 0.13553929328918457, 0.11036920547485352, 0.1105659008026123, 0.10574793815612793, 0.061660051345825195, 0.07105207443237305, 0.06297898292541504, 0.07734394073486328, 0.07495999336242676, 0.07816600799560547, 0.0805661678314209, 0.0598139762878418, 0.05689120292663574, 0.06157732009887695, 0.06496310234069824, 0.0915980339050293, 0.07141613960266113, 0.07482409477233887, 0.07431507110595703, 0.07185888290405273, 0.05938315391540527, 0.07232522964477539, 0.06960821151733398, 0.06271195411682129, 0.0701301097869873, 0.07623505592346191, 0.07166671752929688, 0.0792698860168457, 0.06822896003723145]
