date 2025-01-26T23:42:30.059438
sample_ratio 0.7
rank 16
seed 0
l2_regularization_strength 0
input_shape (100, 100, 100)
input_size 1000000
num_train_samples 700000
num_test_samples 1000000
num_iterations 10
max_num_richardson_iterations 1024
num_richardson_iterations [2, 2, 2, 2, 2, 2, 2, 2, 2, 2, 2, 2, 2, 2, 2, 2, 2, 2, 2, 2, 2, 2, 2, 2, 2, 2, 2, 2, 2, 2]
train_mses [1.0020238777929333, 0.999983507193492, 0.9978178491173388, 0.995573310315336, 0.9944171356970128, 0.9935982293411519, 0.9928954767219231, 0.9923634492046048, 0.9919042637221703, 0.9915079146314592, 0.9911703630442293, 0.990865360832777, 0.9905958773920189, 0.9903568164630882, 0.9901361056140314, 0.9899354350754582, 0.9897553751556504, 0.9895849118563995, 0.9894264947416427, 0.9892835185421074, 0.9891446084723182, 0.989014636398726, 0.9888967681719737, 0.9887802559796732, 0.9886717619840903, 0.9885728245258206, 0.9884743786342416, 0.9883833436234875, 0.9882997507266725, 0.9882166375849136, 0.9881399984556553]
train_rres [1.0000088876015452, 0.997972620024832, 0.9958113169145414, 0.9935712917012569, 0.9924174420579838, 0.9916001824575658, 0.990898843017869, 0.9903678853655038, 0.9899096232684931, 0.989514071204228, 0.9891771984063489, 0.9888728095300455, 0.9886038679990182, 0.9883652878025706, 0.9881450207854483, 0.9879447537793415, 0.9877650559456879, 0.9875949354345518, 0.9874368368839923, 0.9872941481982039, 0.9871555174654989, 0.9870258067553923, 0.986908175552254, 0.9867918976566902, 0.9866836218338892, 0.9865848833309662, 0.9864866354062323, 0.9863957834596324, 0.9863123586614735, 0.9862294126536214, 0.9861529276395465]
test_mses [1.001584962930498, 1.000394795217809, 0.9994052320062267, 0.9985136368194739, 0.9981777242019879, 0.9979472812728433, 0.9977145795285514, 0.9975383993846086, 0.9973862682762624, 0.9972367200384008, 0.9971195302047337, 0.9970132843868815, 0.9969036876433929, 0.9968197792178389, 0.996738063895058, 0.9966533195715567, 0.9965882474068565, 0.9965205148060275, 0.9964535893645146, 0.9964003454196538, 0.9963423432448186, 0.9962891136270396, 0.9962448644605968, 0.9961950287839053, 0.9961525648404079, 0.9961158076596656, 0.996073162590739, 0.9960389602532218, 0.9960083887395271, 0.9959719051188287, 0.9959437777612856]
test_rres [1.0000141833828788, 0.998825882202906, 0.9978378709172324, 0.9969476740137366, 0.9966122882059462, 0.9963822066790323, 0.9961498698794572, 0.9959739660377525, 0.9958220735156894, 0.9956727598134111, 0.9955557537678404, 0.995449674574652, 0.9953402497110633, 0.995256472878578, 0.995174885709436, 0.9950902742899369, 0.9950253041775131, 0.9949576778013062, 0.9948908573185522, 0.9948376968758432, 0.9947797856654627, 0.9947266395273664, 0.9946824597566197, 0.9946327022369139, 0.9945903048893584, 0.994553605354677, 0.9945110271657501, 0.9944768784675488, 0.9944463548989714, 0.9944099284953113, 0.9943818452497304]
step_times_seconds [0.03106212615966797, 0.09176278114318848, 0.09388113021850586, 0.09606075286865234, 0.08493685722351074, 0.07971501350402832, 0.07856106758117676, 0.08806395530700684, 0.08603644371032715, 0.08499288558959961, 0.0746150016784668, 0.07888412475585938, 0.07897591590881348, 0.0753328800201416, 0.0831301212310791, 0.06536984443664551, 0.06602191925048828, 0.07965612411499023, 0.07233786582946777, 0.07976484298706055, 0.07077813148498535, 0.08559727668762207, 0.09070110321044922, 0.08319711685180664, 0.0705869197845459, 0.07162237167358398, 0.06735610961914062, 0.07973670959472656, 0.07966423034667969, 0.06826591491699219, 0.08301091194152832]
