date 2025-01-26T23:42:30.059438
sample_ratio 0.3
rank 16
seed 0
l2_regularization_strength 0
input_shape (100, 100, 100)
input_size 1000000
num_train_samples 300000
num_test_samples 1000000
num_iterations 10
max_num_richardson_iterations 1024
num_richardson_iterations [4, 4, 4, 4, 4, 4, 4, 4, 4, 4, 4, 4, 4, 4, 4, 4, 4, 4, 4, 4, 4, 4, 4, 2, 2, 2, 2, 2, 2, 2]
train_mses [1.003944295870518, 0.9985643120878828, 0.9935454626483381, 0.9879943420391752, 0.9845726703180153, 0.981908396306355, 0.9798765241040811, 0.9783772144606024, 0.977105818258348, 0.9760227650395698, 0.9751592933710669, 0.9743856182922939, 0.9737301761145828, 0.9731661641517106, 0.9726589886300906, 0.9722162804009905, 0.9718169330707842, 0.971457586550801, 0.971138878347288, 0.9708467048441388, 0.9705835127481021, 0.9703455905125207, 0.9701262699787307, 0.9699276909941369, 0.9698342114970853, 0.969793707495979, 0.9697877649601665, 0.9697259937986382, 0.9696923068049897, 0.9696788092345727, 0.9696324185279024]
train_rres [1.0000060431263478, 0.9946471638372415, 0.9896480022405972, 0.9841186574571074, 0.9807104082018163, 0.9780565855513328, 0.9760326839369784, 0.9745392557555909, 0.9732728469611069, 0.9721940423219845, 0.971333957862993, 0.9705633177414529, 0.9699104467192986, 0.9693486472513524, 0.9688434612677953, 0.9684024896857436, 0.9680047089073127, 0.9676467720247209, 0.9673293140434186, 0.9670382866726847, 0.9667761270213749, 0.9665391381024139, 0.9663206779148579, 0.9661228779119607, 0.9660297651144235, 0.9659894200016084, 0.9659835007770573, 0.9659219719302146, 0.9658884170832357, 0.9658749724608199, 0.9658287637346922]
test_mses [1.001584962930498, 1.003520767208248, 1.005568630663036, 1.007735621662462, 1.0091325730041887, 1.0102373801020101, 1.0110898257970629, 1.0117714063213112, 1.0123671910163228, 1.0127965921065183, 1.0132183366534613, 1.013581534573844, 1.0138654857603022, 1.0141281315027943, 1.0143414052444217, 1.0145702008995434, 1.0147410950589582, 1.0148800051536662, 1.0150800503396578, 1.015200325762417, 1.015303903851271, 1.0154739683728573, 1.015567715650062, 1.0156524492884127, 1.0156516460635372, 1.0156639069779756, 1.015684328318793, 1.0156997016793343, 1.0157165825936025, 1.0157364911372238, 1.0157553869128044]
test_rres [1.0000141833828788, 1.0019469517506658, 1.0039916035537717, 1.0061551960745185, 1.0075499565860333, 1.0086530310216668, 1.00950413983137, 1.010184651437067, 1.0107795017665995, 1.011208229429702, 1.0116293125572613, 1.0119919408765756, 1.0122754467441315, 1.0125376805809185, 1.0127506198466463, 1.0129790566829469, 1.0131496828301005, 1.0132883750729602, 1.0134881065293146, 1.0136081933248668, 1.0137116089728402, 1.0138814067832813, 1.0139750070372069, 1.0140596077883128, 1.01405880582313, 1.0140710475088515, 1.0140914368230056, 1.0141067860736002, 1.014123640513634, 1.0141435178348086, 1.0141623839762604]
step_times_seconds [0.022670745849609375, 0.16686081886291504, 0.1654059886932373, 0.15279912948608398, 0.15978503227233887, 0.1681678295135498, 0.15238308906555176, 0.15297389030456543, 0.15094232559204102, 0.14167308807373047, 0.14959311485290527, 0.17556405067443848, 0.15416479110717773, 0.14033198356628418, 0.15950393676757812, 0.17100787162780762, 0.17049312591552734, 0.15176796913146973, 0.12936997413635254, 0.17226505279541016, 0.15007805824279785, 0.15833187103271484, 0.13897180557250977, 0.14771699905395508, 0.06783580780029297, 0.07333493232727051, 0.08999204635620117, 0.07955527305603027, 0.07840585708618164, 0.0851600170135498, 0.07587885856628418]
