date 2025-01-26T23:42:30.059438
sample_ratio 0.2
rank 16
seed 0
l2_regularization_strength 0
input_shape (100, 100, 100)
input_size 1000000
num_train_samples 200000
num_test_samples 1000000
num_iterations 10
max_num_richardson_iterations 1024
num_richardson_iterations [4, 4, 4, 4, 4, 4, 4, 4, 4, 4, 4, 4, 4, 4, 4, 4, 4, 4, 4, 4, 4, 4, 4, 2, 2, 2, 2, 2, 2, 2]
train_mses [1.0058693838796928, 0.9979688072467601, 0.9898371625289635, 0.9811817346624241, 0.9759889998521568, 0.9719763997149738, 0.9691786486276346, 0.9670115629111712, 0.9651094406623727, 0.963606523901342, 0.9623380240720254, 0.9612188714727681, 0.9602687688298651, 0.9594430741663201, 0.9587043799516468, 0.958044256715618, 0.9574611788820396, 0.9569290653331851, 0.9564473900624597, 0.9560200176700498, 0.9556288482345244, 0.9552733236702309, 0.9549567455248403, 0.9546649162762593, 0.954570575452648, 0.9545332206034424, 0.9545302974792476, 0.9544604754204071, 0.9544283855034387, 0.9544210260344493, 0.9543661431021739]
train_rres [1.0000102312058812, 0.9921556751452467, 0.984071396962961, 0.9754663866497739, 0.9703038993314131, 0.9663146724444747, 0.9635332181557325, 0.9613787556349578, 0.9594877131792602, 0.9579935508538452, 0.9567324399900203, 0.9556198064140571, 0.9546752380845848, 0.9538543530625033, 0.9531199617148348, 0.9524636836727102, 0.9518840022463617, 0.9513549882396272, 0.9508761187098813, 0.9504512357461545, 0.9500623448584017, 0.9497088912117987, 0.9493941571226213, 0.9491040277688274, 0.9490102364770915, 0.9489730992185273, 0.9489701931214249, 0.9489007777735445, 0.9488688747791784, 0.9488615581788289, 0.9488069949376432]
test_mses [1.001584962930498, 1.0060557476355527, 1.0111246636821305, 1.01622514311071, 1.0193376638289955, 1.0218071345290358, 1.0235434074438643, 1.024749978820644, 1.0260486448303932, 1.0270386918366068, 1.0277339863771153, 1.0285528645380153, 1.0292651345029193, 1.0297260236377674, 1.030259902510903, 1.030792303149589, 1.03112326899496, 1.0314881595972873, 1.031899396446971, 1.0321519974593418, 1.0324084042364088, 1.0327357183804502, 1.032940325708226, 1.033121953787145, 1.033129628369841, 1.0331432653538137, 1.033163014815208, 1.033183193829192, 1.0332035348990605, 1.0332255649882591, 1.0332501446191091]
test_rres [1.0000141833828788, 1.0044779565837312, 1.0095389230803964, 1.0146314034584052, 1.017739042829559, 1.020204640673863, 1.02193819060254, 1.0231428697208378, 1.0244394990406578, 1.0254279933622303, 1.02612219747658, 1.0269397913958882, 1.0276509443121797, 1.0281111106374277, 1.0286441522316043, 1.0291757179096375, 1.0295061647033055, 1.0298704830499417, 1.030281074959399, 1.0305332798191529, 1.030789284475046, 1.0311160852943249, 1.0313203717376849, 1.0315017149704029, 1.031509377517098, 1.0315229931142724, 1.0315427116027076, 1.031562858970068, 1.0315831681391614, 1.0316051636787065, 1.0316297047614722]
step_times_seconds [0.017514944076538086, 0.15711212158203125, 0.16945981979370117, 0.15441012382507324, 0.15421271324157715, 0.15102410316467285, 0.16532588005065918, 0.4622039794921875, 0.22312593460083008, 0.21828603744506836, 0.15552401542663574, 0.16046690940856934, 0.16409993171691895, 0.13282108306884766, 0.15539121627807617, 0.14478111267089844, 0.1472949981689453, 0.15671491622924805, 0.1383817195892334, 0.1379249095916748, 0.15506196022033691, 0.1383800506591797, 0.15307188034057617, 0.14400792121887207, 0.07062602043151855, 0.058799028396606445, 0.07579994201660156, 0.07251906394958496, 0.06877422332763672, 0.07929706573486328, 0.06493902206420898]
