date 2025-01-26T23:42:30.059438
sample_ratio 0.5
rank 16
seed 0
l2_regularization_strength 0
input_shape (100, 100, 100)
input_size 1000000
num_train_samples 500000
num_test_samples 1000000
num_iterations 10
max_num_richardson_iterations 1024
num_richardson_iterations [4, 4, 4, 4, 4, 4, 4, 4, 4, 4, 4, 3, 3, 3, 3, 3, 3, 3, 3, 3, 3, 3, 3, 2, 2, 2, 2, 2, 2, 2]
train_mses [1.003481270231157, 1.0002962265463688, 0.9972488596816409, 0.9940331943019903, 0.9919580764689454, 0.9902896146591179, 0.989094789909279, 0.9881539721291611, 0.9873995455884808, 0.9867873620252804, 0.9862680091762086, 0.9858470710778698, 0.9854699280464274, 0.9851391975387288, 0.9848485539269408, 0.9845775010824832, 0.9843319049428709, 0.9841067328737417, 0.9838967766632647, 0.9837055337491584, 0.9835297312787716, 0.9833678674255636, 0.9832202339114615, 0.9830832273922504, 0.9829896321677795, 0.9829375217916242, 0.9829195856433219, 0.9828655834530995, 0.9828261282455291, 0.98279718961099, 0.9827560323662983]
train_rres [1.000007075154489, 0.9968330585445618, 0.9937962420979357, 0.9905917098098153, 0.9885237763302535, 0.9868610909728395, 0.9856704028764554, 0.9847328423414866, 0.983981027732938, 0.9833709636364226, 0.9828534088608823, 0.9824339281101915, 0.9820580908016379, 0.9817285053300606, 0.981438867967851, 0.9811687535469452, 0.9809240076961468, 0.9806996152047908, 0.9804903858926171, 0.9802998050887168, 0.980124611271521, 0.9799633078140259, 0.9798161854281761, 0.9796796532450475, 0.9795863820605737, 0.9795344520979624, 0.9795165780471602, 0.9794627628202114, 0.9794234442121889, 0.9793946057673242, 0.9793535910148753]
test_mses [1.001584962930498, 1.0014173451277106, 1.0014185715228532, 1.0014455358280527, 1.001354913430701, 1.001368753017431, 1.001334403106283, 1.001301580793393, 1.0013667018746069, 1.0013931070340139, 1.0013909187609364, 1.0014534320263446, 1.0014825546958226, 1.0014901990929452, 1.0015351314654009, 1.0015633485603788, 1.0015755726769056, 1.0016013238984707, 1.0016243692125721, 1.0016348171108949, 1.001644077561702, 1.0016620664489915, 1.0016671271391209, 1.0016655189208594, 1.001640166808896, 1.001637455325133, 1.0016468151839562, 1.001644064069195, 1.001645230672087, 1.0016475622223797, 1.001649126529635]
test_rres [1.0000141833828788, 0.9998468284540624, 0.999848052925857, 0.9998749749431023, 0.9997844946682997, 0.9997983125504908, 0.9997640165100977, 0.9997312456722393, 0.9997962646244614, 0.9998226283728192, 0.9998204435315968, 0.9998828587578348, 0.999911935754409, 0.9999195681628706, 0.9999644300681624, 0.9999926029104433, 1.0000048078559634, 1.0000305186920457, 1.0000535278643228, 1.0000639593772707, 1.0000732053049695, 1.0000911659803975, 1.0000962187338778, 1.000094613037775, 1.0000693006853731, 1.0000665934540136, 1.0000759386338276, 1.0000731918336228, 1.0000743566069388, 1.0000766845006752, 1.0000782463546372]
step_times_seconds [0.020497798919677734, 0.1663820743560791, 0.1670520305633545, 0.14233899116516113, 0.1848139762878418, 0.13825702667236328, 0.1870589256286621, 0.18961119651794434, 0.16131591796875, 0.18169212341308594, 0.18848609924316406, 0.20903778076171875, 0.12453079223632812, 0.10365509986877441, 0.11159014701843262, 0.11487174034118652, 0.10470795631408691, 0.09720802307128906, 0.10811972618103027, 0.09496593475341797, 0.10333108901977539, 0.10152602195739746, 0.12455296516418457, 0.12259888648986816, 0.07711291313171387, 0.08577275276184082, 0.07611608505249023, 0.0699770450592041, 0.0796670913696289, 0.06947517395019531, 0.0663142204284668]
