date 2025-01-26T23:42:30.059438
sample_ratio 1.0
rank 16
seed 0
l2_regularization_strength 0
input_shape (100, 100, 100)
input_size 1000000
num_train_samples 1000000
num_test_samples 1000000
num_iterations 10
max_num_richardson_iterations 1024
num_richardson_iterations [2, 2, 2, 2, 2, 2, 2, 2, 2, 2, 2, 2, 2, 2, 2, 2, 2, 2, 2, 2, 2, 2, 2, 2, 2, 2, 2, 2, 2, 2]
train_mses [1.0015849629304976, 0.9998979540000982, 0.9983574647148385, 0.9967923177798441, 0.9957745664660769, 0.9950469791014988, 0.994489810878619, 0.9940565290227724, 0.9936870619488872, 0.9933744103944462, 0.9931103197295736, 0.9928817268204233, 0.9926851567714859, 0.9925107563204915, 0.9923593173676828, 0.9922273767247725, 0.9921058057715126, 0.9919988010564745, 0.991903628723921, 0.9918131918673335, 0.9917319062971772, 0.9916581006458176, 0.9915865994872775, 0.9915214863591196, 0.9914615441390136, 0.9914030026305668, 0.9913489387752698, 0.9912988593978562, 0.9912496214407729, 0.9912035275707328, 0.9911607559713216]
train_rres [1.0000141833828777, 0.9983298201782257, 0.9967917468328535, 0.9952290545081872, 0.9942128993275563, 0.9934864530337747, 0.9929301586143978, 0.9924975562718255, 0.9921286686308837, 0.9918165074059558, 0.9915528309128515, 0.991324596504557, 0.9911283347352204, 0.9909542077953823, 0.9908030063433536, 0.9906712726221435, 0.9905498923278632, 0.9904430554276626, 0.9903480323532939, 0.9902577373282733, 0.9901765792377776, 0.9901028893353678, 0.9900315003116555, 0.9899664893000168, 0.9899066410869265, 0.989848191388768, 0.9897942123214833, 0.9897442114832499, 0.9896950507457524, 0.9896490291644456, 0.9896063246434711]
test_mses [1.001584962930498, 0.9998979540000981, 0.9983574647148388, 0.9967923177798446, 0.9957745664660768, 0.9950469791014984, 0.9944898108786192, 0.9940565290227726, 0.9936870619488878, 0.9933744103944464, 0.9931103197295741, 0.9928817268204234, 0.9926851567714855, 0.9925107563204918, 0.9923593173676829, 0.992227376724773, 0.9921058057715127, 0.9919988010564742, 0.991903628723921, 0.9918131918673335, 0.991731906297177, 0.9916581006458179, 0.991586599487277, 0.9915214863591194, 0.991461544139014, 0.9914030026305665, 0.99134893877527, 0.9912988593978563, 0.9912496214407728, 0.9912035275707336, 0.9911607559713217]
test_rres [1.0000141833828788, 0.9983298201782261, 0.9967917468328543, 0.9952290545081882, 0.9942128993275567, 0.9934864530337749, 0.9929301586143986, 0.9924975562718262, 0.9921286686308848, 0.9918165074059566, 0.9915528309128525, 0.9913245965045576, 0.9911283347352206, 0.9909542077953833, 0.9908030063433543, 0.9906712726221445, 0.9905498923278638, 0.9904430554276629, 0.9903480323532945, 0.9902577373282738, 0.9901765792377779, 0.9901028893353687, 0.9900315003116557, 0.9899664893000172, 0.9899066410869275, 0.9898481913887682, 0.9897942123214841, 0.9897442114832505, 0.9896950507457528, 0.989649029164447, 0.9896063246434719]
step_times_seconds [0.03093719482421875, 0.09985017776489258, 0.08729720115661621, 0.08380699157714844, 0.07473993301391602, 0.09237003326416016, 0.06722593307495117, 0.07580304145812988, 0.09908580780029297, 0.09093499183654785, 0.06917905807495117, 0.09231686592102051, 0.0833897590637207, 0.07805085182189941, 0.09933209419250488, 0.0756840705871582, 0.07736396789550781, 0.09292316436767578, 0.08461332321166992, 0.08646798133850098, 0.07934403419494629, 0.0814809799194336, 0.07372379302978516, 0.08741474151611328, 0.0820150375366211, 0.07166624069213867, 0.11178278923034668, 0.073760986328125, 0.08733892440795898, 0.09223794937133789, 0.08458495140075684]
