date 2025-01-26T23:42:30.059438
sample_ratio 0.3
rank 16
seed 0
l2_regularization_strength 0
input_shape (100, 100, 100)
input_size 1000000
num_train_samples 300000
num_test_samples 1000000
num_iterations 10
max_num_richardson_iterations 1024
num_richardson_iterations [4, 4, 6, 6, 6, 6, 6, 6, 6, 6, 6, 4, 4, 4, 4, 4, 4, 4, 4, 4, 4, 4, 4, 4, 4, 4, 4, 4, 4, 4]
train_mses [4.3187702566143145, 4.2955587436525855, 4.00546842863815, 0.613369421023727, 0.09790366177200399, 0.05805148394237728, 0.03966762536897431, 0.03286119072794889, 0.02863389011291416, 0.025863743588434556, 0.023422732060020487, 0.021559836240239657, 0.020105017702534776, 0.01870270962662586, 0.01747066929567063, 0.016563872637685384, 0.015759413718128633, 0.015087347460240411, 0.01449714947308938, 0.013965232496602155, 0.013469995630357294, 0.01299668416561072, 0.012565014333493744, 0.012159062075771375, 0.01176368418528985, 0.011400021405290945, 0.011062258064575729, 0.010734193519873845, 0.01043275898331951, 0.010155611233219102, 0.009889049372621962]
train_rres [0.9999939602574168, 0.9946194273716684, 0.927450176472219, 0.142023233463491, 0.022669200870119848, 0.013441588664609053, 0.00918487982220784, 0.00760887713452421, 0.006630062603523631, 0.0059886462676430295, 0.005423439822221595, 0.004992093754317991, 0.004655236347108769, 0.0043305375270727975, 0.004045263521616758, 0.003835298386338241, 0.0036490291446252985, 0.0034934148936121207, 0.003356756912881792, 0.003233593666809378, 0.0031189235533938277, 0.0030093301789043464, 0.002909378757714206, 0.0028153821379001487, 0.002723833970480195, 0.0026396293099029463, 0.0025614215607886485, 0.002485459529056572, 0.0024156635690826245, 0.0023514911172660725, 0.002289769785777352]
test_mses [4.313541718804291, 4.320566964917494, 4.057765153498152, 0.6183092099636706, 0.09878466072502068, 0.05880016190393122, 0.0403318348081462, 0.033585557199950995, 0.02923405358209205, 0.02647083974867104, 0.02399108257601073, 0.022061372575839587, 0.02059166286606254, 0.019171005332829828, 0.017916850637639266, 0.016991865213262108, 0.016168472864892747, 0.015483128291845361, 0.014879047040162503, 0.014329560629432518, 0.013821261349272687, 0.013336214758044222, 0.012890815239083798, 0.012471340068783247, 0.012066759781523998, 0.01169255912206602, 0.011342439819743219, 0.011007381689454115, 0.010698371780085494, 0.010411026764934463, 0.010139004233309882]
test_rres [1.0000079051672364, 1.0016365672057472, 0.9407112519906528, 0.14334255655994332, 0.02290123709796119, 0.013631635106880124, 0.009350124854993948, 0.0077861360545058884, 0.0067773274464303385, 0.006136731885468791, 0.00556185005118741, 0.005114485592779825, 0.0047737629514127446, 0.004444412070772159, 0.004153661524874849, 0.003939222255049487, 0.0037483352969301113, 0.0035894519394739487, 0.003449407848927021, 0.0033220204743905643, 0.0032041815078321166, 0.0030917332096069305, 0.0029884762878119157, 0.0028912294049329894, 0.0027974356011614032, 0.0027106847031822595, 0.0026295165835954868, 0.002551840093874985, 0.0024802023603632084, 0.002413587196909757, 0.0023505242431373775]
step_times_seconds [0.02946305274963379, 0.18304896354675293, 0.16521334648132324, 0.2447490692138672, 0.23021411895751953, 0.21595001220703125, 0.2539680004119873, 0.22559809684753418, 0.22096729278564453, 0.18555402755737305, 0.20831513404846191, 0.23470783233642578, 0.15976285934448242, 0.148712158203125, 0.13584423065185547, 0.11945009231567383, 0.12358593940734863, 0.13361716270446777, 0.13914704322814941, 0.13802599906921387, 0.15186810493469238, 0.15296101570129395, 0.14145779609680176, 0.13460397720336914, 0.14036107063293457, 0.1408998966217041, 0.14481782913208008, 0.16946101188659668, 0.1315009593963623, 0.14397215843200684, 0.14193987846374512]
