date 2025-01-26T23:42:30.059438
sample_ratio 0.8
rank 16
seed 0
l2_regularization_strength 0
input_shape (100, 100, 100)
input_size 1000000
num_train_samples 800000
num_test_samples 1000000
num_iterations 10
max_num_richardson_iterations 1024
num_richardson_iterations [2, 3, 5, 4, 4, 3, 3, 3, 3, 3, 3, 3, 3, 3, 3, 3, 3, 3, 3, 3, 3, 3, 3, 3, 3, 3, 3, 3, 3, 3]
train_mses [4.313941005736653, 4.304343002927999, 3.671459868152269, 0.13886848322247933, 0.0656208396719762, 0.03735446998657325, 0.03057661581490845, 0.027360911825049367, 0.02501556166320247, 0.023008764012076414, 0.021340007436225234, 0.019839672297492516, 0.01846443487612375, 0.01733541224192591, 0.01634624101597524, 0.015452014703571444, 0.014675103119540555, 0.01395017214773336, 0.01330633661069254, 0.012677607198084022, 0.012119695484416798, 0.01161942667006771, 0.011090132911668889, 0.010640946893221606, 0.010232642739508288, 0.009787418456139903, 0.009412720373549125, 0.009061992706098702, 0.00867695284351188, 0.008345890427133443, 0.008027470134705112]
train_rres [1.000006144108762, 0.997781250034628, 0.8510738605647826, 0.03219082881775069, 0.01521143723715495, 0.008659065909066798, 0.007087904920419806, 0.006342478929842305, 0.00579880794110729, 0.005333616141210062, 0.004946784975310027, 0.004598995250100563, 0.004280204179673716, 0.004018487672764067, 0.0037891898445807726, 0.0035819010092818264, 0.003401806669459603, 0.003233761852690455, 0.003084515608483543, 0.0029387710851452946, 0.0028094426727271462, 0.0026934763469498965, 0.0025707818062194175, 0.0024666568824669353, 0.002372008703032983, 0.0022688021412643486, 0.0021819441188022253, 0.002100642630930008, 0.00201138730087297, 0.001934644376011067, 0.0018608319969326784]
test_mses [4.313541718804291, 4.306735764834899, 3.676549694621575, 0.13897131668325186, 0.06571845512340704, 0.037419100443670084, 0.03064163563668098, 0.027413698857254355, 0.025075421975365216, 0.02306827439921357, 0.021390267200871314, 0.019892534387246037, 0.018517018700059885, 0.017380370344693034, 0.016393362066752754, 0.015497006892978312, 0.014713847464943171, 0.013990823112172503, 0.013345411793075928, 0.012711805491109741, 0.012155848659334471, 0.011654706774011077, 0.011120916979991142, 0.010673942934682332, 0.010265011624455471, 0.009815642332814433, 0.009443257221740447, 0.00909177510152762, 0.008703177755841908, 0.008374210092898154, 0.00805474633456022]
test_rres [1.0000079051672364, 0.9984300816024554, 0.8523341138290667, 0.0322177051560485, 0.015235502267728743, 0.008674865965661634, 0.007103647040286185, 0.006355314809549936, 0.005813232335613157, 0.005347915532430531, 0.004958903307057889, 0.004611684072588814, 0.004292798421182853, 0.004029289357202531, 0.0038004713360152032, 0.003592669414057563, 0.003411109649461503, 0.003243490992790781, 0.0030938653572330243, 0.0029469764775062273, 0.002818089065966108, 0.0027019093974702335, 0.0025781609678699065, 0.0024745390238036535, 0.002379736522853086, 0.002275559289091451, 0.0021892292894957147, 0.0021077452279864638, 0.0020176567478128126, 0.0019413922104712488, 0.001867330962295602]
step_times_seconds [0.026872873306274414, 0.09272098541259766, 0.13597965240478516, 0.20467805862426758, 0.15747785568237305, 0.15652894973754883, 0.1259467601776123, 0.11586904525756836, 0.12586498260498047, 0.12277507781982422, 0.11486291885375977, 0.11634683609008789, 0.1384429931640625, 0.13118195533752441, 0.11672592163085938, 0.12389993667602539, 0.12710928916931152, 0.1171729564666748, 0.12947511672973633, 0.12756609916687012, 0.1062159538269043, 0.13304781913757324, 0.11312413215637207, 0.1280670166015625, 0.13601422309875488, 0.12218594551086426, 0.12225604057312012, 0.11432695388793945, 0.1335899829864502, 0.11902093887329102, 0.11227011680603027]
