date 2025-01-26T23:42:30.059438
sample_ratio 0.7
rank 16
seed 0
l2_regularization_strength 0
input_shape (100, 100, 100)
input_size 1000000
num_train_samples 700000
num_test_samples 1000000
num_iterations 10
max_num_richardson_iterations 1024
num_richardson_iterations [2, 4, 6, 5, 4, 4, 4, 3, 3, 3, 3, 3, 3, 3, 3, 3, 3, 3, 3, 3, 3, 3, 3, 3, 3, 3, 3, 3, 3, 3]
train_mses [4.315757786526374, 4.305504660826029, 3.7455602116051576, 0.1803327322138011, 0.06961521119735586, 0.0409766638073807, 0.03284211937066654, 0.02898816920864043, 0.02664148421720943, 0.024833412316792303, 0.02304597299776989, 0.021503806354420334, 0.02016473260725066, 0.01867340520052069, 0.01763256565147911, 0.016777000748941995, 0.015882087329384325, 0.01524096134136025, 0.014670410421857695, 0.013987060651166911, 0.013450045829007697, 0.012973467596418256, 0.012388975646569239, 0.01192176117535547, 0.011509636641005917, 0.011001542167198106, 0.01060082543420519, 0.010238207662788932, 0.009800644373148332, 0.009465723218200033, 0.00915574921746454]
train_rres [1.000004789926255, 0.9976290368559434, 0.8678842367511685, 0.04178492049699457, 0.01613054951008157, 0.009494708023352623, 0.007609851689204774, 0.006716852403147731, 0.006173101722976256, 0.005754153151165079, 0.005339985357433633, 0.0049826497268223285, 0.004672372777218083, 0.0043268171126406695, 0.004085644047313477, 0.003887400994077042, 0.0036800404909179325, 0.00353148510605091, 0.003399282679357588, 0.003240943616396457, 0.0031165118431173452, 0.0030060838397544375, 0.0028706511351325233, 0.002762392810118255, 0.0026668993814364314, 0.0025491687457809436, 0.0024563186202137617, 0.0023722964099171773, 0.002270908563986029, 0.0021933039402414925, 0.002121479824797427]
test_mses [4.313541718804291, 4.307433369972651, 3.753462556490637, 0.18028468599446193, 0.06975642577407695, 0.041123633512135035, 0.03295780122938392, 0.029116305218821047, 0.02676440078032582, 0.02495152354061403, 0.023163822818077055, 0.021617911183850046, 0.02027198866719682, 0.018774934826156248, 0.017731126371462805, 0.016869833048683336, 0.015968181591476074, 0.015324325846802296, 0.014750217290517096, 0.014060180354596863, 0.01352076915922711, 0.013041546053983612, 0.012451020445294485, 0.011981344381845846, 0.011567058084132708, 0.011054278187178341, 0.010651269854457062, 0.010286211679733155, 0.009845400909148169, 0.009508583786308792, 0.009195782990678705]
test_rres [1.0000079051672364, 0.9985918073252867, 0.8701648141890062, 0.0417953790475985, 0.016171624562292417, 0.009533687461990013, 0.007640603456467862, 0.0067500298562440195, 0.006204788107348847, 0.005784508975027837, 0.005370066511931477, 0.005011677986748617, 0.004699652916832543, 0.004352591088503564, 0.004110605088548245, 0.003910931551674241, 0.0037019017929072946, 0.003552636785997939, 0.003419541262148805, 0.0032595700747207424, 0.0031345184362599494, 0.0030234201961541066, 0.0028865187088406804, 0.0027776337583905746, 0.002681589811276405, 0.002562712103816246, 0.0024692827260933705, 0.002384651329350783, 0.002282458216590061, 0.0022043739398188997, 0.0021318573655595007]
step_times_seconds [0.01810908317565918, 0.07889389991760254, 0.1629941463470459, 0.21835589408874512, 0.2078089714050293, 0.15924715995788574, 0.16043496131896973, 0.15375709533691406, 0.1283869743347168, 0.11605095863342285, 0.1221323013305664, 0.12731409072875977, 0.11616277694702148, 0.12333512306213379, 0.12998175621032715, 0.1343400478363037, 0.11818432807922363, 0.11340904235839844, 0.10500693321228027, 0.11133384704589844, 0.10946989059448242, 0.13359880447387695, 0.13777518272399902, 0.1224520206451416, 0.12421607971191406, 0.1186521053314209, 0.11376523971557617, 0.12203621864318848, 0.11223387718200684, 0.11999106407165527, 0.11505413055419922]
