date 2025-01-26T23:42:30.059438
sample_ratio 0.4
rank 16
seed 0
l2_regularization_strength 0
input_shape (100, 100, 100)
input_size 1000000
num_train_samples 400000
num_test_samples 1000000
num_iterations 10
max_num_richardson_iterations 1024
num_richardson_iterations [2, 4, 4, 4, 4, 4, 4, 4, 4, 4, 4, 4, 4, 4, 4, 4, 4, 4, 4, 4, 4, 4, 4, 4, 4, 4, 4, 4, 4, 4]
train_mses [4.315993885738515, 4.304624253579956, 3.9364357386005726, 0.4475882504272883, 0.08823766347227403, 0.05396850799162977, 0.03507613166592875, 0.02778210735620225, 0.023962501520720915, 0.022149229410498874, 0.020218247963023076, 0.01887234070976875, 0.017760291299628615, 0.016457173502336362, 0.015270213106731986, 0.014075612332480066, 0.0128631555661503, 0.011951477006878961, 0.011158363228139765, 0.010368464355469564, 0.009788664568249767, 0.009231849196135337, 0.008679815626041086, 0.008247095584282417, 0.007834009513597872, 0.007437639746422989, 0.007105426686041113, 0.006792884507781415, 0.00649906783148363, 0.00624315304061842, 0.006006094261964867]
train_rres [0.9999999404158451, 0.9973656383797188, 0.9120577109848726, 0.10370455464200298, 0.02044434272862946, 0.012504305197069854, 0.008127010951486826, 0.006437012293421039, 0.005552023642136198, 0.005131895150255936, 0.004684493837014852, 0.004372652066917144, 0.004114994300636662, 0.0038130666904162168, 0.003538052323782738, 0.0032612677094624996, 0.0029803459273226043, 0.002769113351678271, 0.0025853518004622473, 0.002402335131181312, 0.0022679976487792247, 0.0021389855709871403, 0.002011081419170359, 0.0019108217738994838, 0.0018151112476551964, 0.0017232738275728223, 0.0016463012809515253, 0.0015738864055111592, 0.0015058101601388395, 0.001446515642493119, 0.0013915899936612413]
test_mses [4.313541718804291, 4.309865258256334, 3.966387620297645, 0.4492193372058523, 0.08852968740668117, 0.054404293272148595, 0.03550564818708241, 0.02813643623494686, 0.024317596126582793, 0.022500309631669223, 0.02052459357247515, 0.019171337610765712, 0.018055588589342392, 0.0167248361702596, 0.015531854432724406, 0.014321851447581547, 0.013083600629389439, 0.012166472505845922, 0.011358458925820644, 0.010554479088754414, 0.009966848762144513, 0.009397039945719216, 0.008836035221623689, 0.008394566607011872, 0.00797234400136129, 0.007568827658013521, 0.0072285494977003565, 0.006909915192414198, 0.006610006838906748, 0.006347493237593451, 0.006106415891859212]
test_rres [1.0000079051672364, 0.9991555917202689, 0.9195272084570437, 0.10414246984131705, 0.020523827754517707, 0.012612541362476082, 0.008231270538171909, 0.006522866936819655, 0.0056375456519261, 0.0052162443224536255, 0.004758214284411567, 0.004444489102729715, 0.004185825129053063, 0.0038773169411985362, 0.003600748115387797, 0.003320233255604726, 0.003033169703773552, 0.00282055199114159, 0.002633230291206405, 0.002446843733460498, 0.002310613459075022, 0.0021785147434476154, 0.0020484570795826643, 0.0019461114589131088, 0.0018482276383973005, 0.0017546804886264156, 0.001675793839916025, 0.0016019248837507059, 0.0015323971629393547, 0.0014715386634416414, 0.001415649728731674]
step_times_seconds [0.015833139419555664, 0.07769989967346191, 0.18914198875427246, 0.16414117813110352, 0.1444690227508545, 0.125870943069458, 0.13506484031677246, 0.13940906524658203, 0.14478373527526855, 0.24731993675231934, 0.15972113609313965, 0.18896007537841797, 0.1581568717956543, 0.18049907684326172, 0.1390068531036377, 0.15326523780822754, 0.14806580543518066, 0.1448380947113037, 0.15216898918151855, 0.14326977729797363, 0.14101362228393555, 0.18985605239868164, 0.14990687370300293, 0.14094209671020508, 0.14109277725219727, 0.13811993598937988, 0.14891815185546875, 0.14331507682800293, 0.2030940055847168, 0.14991307258605957, 0.1736772060394287]
