date 2025-01-26T23:42:30.059438
sample_ratio 0.9
rank 16
seed 0
l2_regularization_strength 0
input_shape (100, 100, 100)
input_size 1000000
num_train_samples 900000
num_test_samples 1000000
num_iterations 10
max_num_richardson_iterations 1024
num_richardson_iterations [2, 3, 4, 3, 3, 3, 3, 3, 3, 3, 3, 3, 3, 3, 3, 3, 3, 3, 3, 3, 3, 3, 3, 3, 3, 3, 3, 3, 3, 3]
train_mses [4.31329169148168, 4.304197214285221, 3.5390405034164503, 0.10584013140998311, 0.061319277576720704, 0.03630240967881635, 0.03225798389795426, 0.027951566008432488, 0.025312951701814943, 0.022902315328696715, 0.02119640072480111, 0.019982386452450714, 0.01878828766801617, 0.017804236369728995, 0.017057159975609477, 0.01638459637246602, 0.015689532124706803, 0.01516871493103301, 0.014714154171103649, 0.0141658002073851, 0.013771580219956437, 0.013412844705091813, 0.012960563524235925, 0.012623967257205236, 0.012238715578782039, 0.01175324868453996, 0.011349320492761064, 0.010809287260270703, 0.010299899471475518, 0.009897271909222186, 0.009459772614114001]
train_rres [1.0000081612099474, 0.9978996668003627, 0.8205031422424593, 0.02453833470213521, 0.014216469091881557, 0.008416473669540491, 0.007478800292092497, 0.006480385776420602, 0.0058686404947106, 0.005309750389599327, 0.004914245367392766, 0.004632784184840858, 0.0043559402764903835, 0.004127794489067789, 0.003954589766409632, 0.003798660341695676, 0.003637514291291257, 0.0035167662683368095, 0.003411379361489569, 0.0032842471204604434, 0.003192849822772625, 0.003109679365442102, 0.0030048209639315392, 0.0029267833448369993, 0.002837465290297848, 0.0027249130005470574, 0.0026312649198667274, 0.0025060617853600886, 0.0023879635943608864, 0.0022946170560369065, 0.0021931857370060585]
test_mses [4.313541718804291, 4.305975954025202, 3.541114858903049, 0.1058957891429853, 0.06132426724649499, 0.036315106094387636, 0.032278409261072706, 0.027971498969681777, 0.025327982479342957, 0.02291360483637475, 0.021203598060275736, 0.019990772527046702, 0.018793815067343764, 0.017808346229251627, 0.017064176214018994, 0.01638933759067548, 0.015693622708025826, 0.015175882116942234, 0.014719546867315992, 0.014170738838527376, 0.013779094298673645, 0.013419362421971335, 0.01296699060735621, 0.012632470377505329, 0.012246928460974738, 0.01176194045308331, 0.011359923809161256, 0.010819850902303231, 0.010311127488041047, 0.009909802002955116, 0.009471874184203994]
test_rres [1.0000079051672364, 0.9982539347454965, 0.820936270668506, 0.024549809221797104, 0.014216798172542629, 0.008418927076342526, 0.007483100090717021, 0.006484629548642158, 0.005871783409643518, 0.0053120585045841745, 0.004915627820597984, 0.004634458609800621, 0.0043569680927543104, 0.004128506959738706, 0.003955986106450809, 0.003799538342166115, 0.0036382508369684134, 0.003518223092330518, 0.0034124309412906055, 0.003285200835965464, 0.003194405925100922, 0.0031110093234464763, 0.0030061360151119577, 0.002928584226791252, 0.002839204086424651, 0.002726769369568087, 0.0026335698949511367, 0.0025083648519883474, 0.002390427558467313, 0.002297388315127792, 0.002195863556775586]
step_times_seconds [0.0162200927734375, 0.07961821556091309, 0.13887810707092285, 0.18103504180908203, 0.13964295387268066, 0.12199711799621582, 0.11662411689758301, 0.10366630554199219, 0.12808799743652344, 0.1407299041748047, 0.12616705894470215, 0.12431192398071289, 0.12103009223937988, 0.11512923240661621, 0.10604619979858398, 0.13036799430847168, 0.10782599449157715, 0.12452411651611328, 0.1174159049987793, 0.12131094932556152, 0.1058189868927002, 0.12439918518066406, 0.11504507064819336, 0.11257004737854004, 0.12788677215576172, 0.12830090522766113, 0.13697266578674316, 0.12222790718078613, 0.11276507377624512, 0.1204068660736084, 0.11274003982543945]
