date 2025-01-26T23:42:30.059438
sample_ratio 0.9
rank 16
seed 0
l2_regularization_strength 0
input_shape (100, 100, 100)
input_size 1000000
num_train_samples 900000
num_test_samples 1000000
num_iterations 10
max_num_richardson_iterations 1024
num_richardson_iterations [2, 3, 4, 3, 3, 3, 3, 3, 3, 3, 3, 3, 3, 3, 3, 3, 3, 3, 3, 3, 3, 3, 3, 3, 3, 3, 3, 3, 3, 3]
train_mses [4.31329169148168, 4.304197214285221, 3.5389542835596006, 0.10582177462558941, 0.061289043800085506, 0.03638726062438861, 0.032364353433789746, 0.027975615208824283, 0.025309957446531722, 0.02288739684764831, 0.021164018897197292, 0.019950836810300365, 0.018752583055839753, 0.017759482878386277, 0.017008071046496234, 0.016321620403522617, 0.015599196020228044, 0.015055002757486011, 0.014539931194046458, 0.013897341183267513, 0.013408102776399658, 0.01284707803096961, 0.012161149898567388, 0.011672131509592598, 0.011106948429412953, 0.010618873829973369, 0.010203956491421372, 0.009821414391893438, 0.00949588189204766, 0.009177129976570182, 0.00889028317362173]
train_rres [1.0000081612099474, 0.9978996668003627, 0.8204831527386939, 0.024534078803039976, 0.014209459590660226, 0.008436145800276795, 0.007503461365710511, 0.006485961424529415, 0.005867946296419796, 0.005306291638402249, 0.0049067378547562645, 0.004625469608899724, 0.004347662398219417, 0.0041174186879890575, 0.003943208822747684, 0.003784059779663694, 0.0036165704627277766, 0.003490402852711455, 0.0033709869161394064, 0.0032220066706438386, 0.0031085799806262328, 0.0029785101026305574, 0.002819482200167951, 0.0027061065198441974, 0.0025750725594297858, 0.002461915690469876, 0.0023657198487652834, 0.002277029992178535, 0.0022015574343573815, 0.002127656910191976, 0.002061153375424798]
test_mses [4.313541718804291, 4.305975954025202, 3.5410323028317476, 0.10587478678819712, 0.061292454976870255, 0.036399575841247415, 0.032385082058669225, 0.027995309188480113, 0.025325006884728305, 0.022898593256795077, 0.021171295110427736, 0.019959712355099246, 0.018758303677871648, 0.01776388323765261, 0.017015713321656144, 0.01632687895931884, 0.015603789757555145, 0.015063030416630577, 0.014546308582542277, 0.013903329260380024, 0.013417271916478816, 0.012855606824035, 0.01216990091020491, 0.01168360676261006, 0.011118168252685733, 0.010630044858663807, 0.010216580972893541, 0.009833510798152962, 0.009507479126331648, 0.009189408127997484, 0.008902291435946546]
test_rres [1.0000079051672364, 0.9982539347454965, 0.8209171317035203, 0.024544940248182278, 0.01420942313755285, 0.008438509688523839, 0.007507830033723667, 0.006490149469063537, 0.005871093577869258, 0.0053085783717310995, 0.004908139031265682, 0.004627257933533157, 0.004348735491214657, 0.0041181991092564514, 0.003944750959411695, 0.003785058564485912, 0.0036174248738802253, 0.003492060694982822, 0.003372269128667787, 0.003223207302693479, 0.003110524681786654, 0.002980313924799702, 0.0028213467977493837, 0.0027086092786681457, 0.002577523730719151, 0.0024643621376386747, 0.0023685088501953252, 0.002279701733457722, 0.0022041178466171464, 0.0021303794818409347, 0.0020638172505068205]
step_times_seconds [0.01941990852355957, 0.08392000198364258, 0.13530921936035156, 0.16214990615844727, 0.10284781455993652, 0.12914299964904785, 0.12178611755371094, 0.12039995193481445, 0.11508989334106445, 0.11551117897033691, 0.10171914100646973, 0.13128089904785156, 0.11671018600463867, 0.12013602256774902, 0.11283302307128906, 0.12240719795227051, 0.11573505401611328, 0.11058592796325684, 0.11732912063598633, 0.11180806159973145, 0.12011981010437012, 0.1181643009185791, 0.11596298217773438, 0.14430713653564453, 0.1111609935760498, 0.12623882293701172, 0.13676810264587402, 0.12093400955200195, 0.11701488494873047, 0.12899303436279297, 0.12310791015625]
