date 2025-01-26T23:42:30.059438
sample_ratio 0.3
rank 16
seed 0
l2_regularization_strength 0
input_shape (100, 100, 100)
input_size 1000000
num_train_samples 300000
num_test_samples 1000000
num_iterations 10
max_num_richardson_iterations 1024
num_richardson_iterations [4, 8, 14, 14, 11, 10, 9, 9, 8, 8, 8, 8, 7, 8, 7, 7, 7, 7, 6, 6, 6, 6, 6, 6, 6, 6, 6, 6, 6, 6]
train_mses [4.3187702566143145, 4.298299488047037, 4.007309607734029, 0.6181676680982134, 0.09967105788592928, 0.05822661498884772, 0.03959194744613109, 0.032401725626407134, 0.027923719657705442, 0.025509625023447814, 0.023434675270814647, 0.021723393847357917, 0.020338602242106048, 0.01908283196822279, 0.017893658954246928, 0.016883869204613766, 0.016078073795826882, 0.015377220378131782, 0.01483003470110117, 0.014363021332668586, 0.01396158320855347, 0.013613803414487096, 0.013263152553505318, 0.012948579673514411, 0.012632473106933086, 0.012322555187290174, 0.012037031516326163, 0.011740636272010895, 0.011446270138113447, 0.01117359726077406, 0.010885778298774695]
train_rres [0.9999939602574168, 0.9952540357620692, 0.9278764941196583, 0.14313424836106758, 0.023078434363520178, 0.013482139557182183, 0.00916735690219325, 0.007502489829992987, 0.006465625478192794, 0.005906651531836135, 0.0054262052248595215, 0.005029964863349995, 0.004709321911957476, 0.004418553333232821, 0.004143205083379582, 0.003909392310121616, 0.0037228136096788345, 0.0035605338070781984, 0.0034338351545319203, 0.0033257000790259204, 0.0032327486887737127, 0.0031522216699925425, 0.0030710298671630647, 0.002998191776373235, 0.002924998566594384, 0.0028532383132343427, 0.002787126450479603, 0.0027184973184459288, 0.0026503380188047988, 0.0025872017058583543, 0.0025205583776548857]
test_mses [4.313541718804291, 4.31298378014267, 4.056430019227166, 0.6235211805108327, 0.10060784220426212, 0.058986226225474364, 0.04026519564369378, 0.033107463399901255, 0.028534292930256312, 0.026107455236513845, 0.024001915327007226, 0.022236036699867786, 0.02083803587031081, 0.019547695290118888, 0.018319812183331854, 0.01729535179895832, 0.01646744954104879, 0.01574407163853279, 0.015185237533604833, 0.014709019446991678, 0.014292692932125433, 0.013938303902750814, 0.013579811850153705, 0.013252978170956338, 0.012931998638227636, 0.012613696388101343, 0.012317720388440537, 0.012017716656422432, 0.011713952381658324, 0.011432312425407978, 0.011141523618165011]
test_rres [1.0000079051672364, 0.9998785583082997, 0.9404017279585507, 0.1445508471221836, 0.02332390506100603, 0.013674770378205215, 0.009334675904783115, 0.007675299621099673, 0.006615102011004461, 0.0060524884937361, 0.0055643614066668255, 0.005154977957561154, 0.0048308795780571635, 0.004531740062395383, 0.004247080055965977, 0.0040095795170380305, 0.003817647027082925, 0.0036499464070133885, 0.0035203919575527895, 0.003409990370587548, 0.0033134734401537845, 0.003231315470211303, 0.003148206296843643, 0.003072436480720743, 0.0029980238307337707, 0.002924231854879867, 0.002855615771230947, 0.0027860659388298965, 0.002715644300215096, 0.0026503517399429836, 0.002582938202545291]
step_times_seconds [0.022919893264770508, 0.15729403495788574, 0.32173895835876465, 0.5310289859771729, 0.5107219219207764, 0.4239461421966553, 0.33281421661376953, 0.35147690773010254, 0.33098292350769043, 0.3163411617279053, 0.2663459777832031, 0.3020670413970947, 0.2822380065917969, 0.27608704566955566, 0.31633591651916504, 0.26140904426574707, 0.2232191562652588, 0.24028897285461426, 0.26236915588378906, 0.19337701797485352, 0.2150111198425293, 0.2217557430267334, 0.23900079727172852, 0.21709012985229492, 0.19269394874572754, 0.2007160186767578, 0.21475005149841309, 0.2294173240661621, 0.21277213096618652, 0.20492196083068848, 0.2171938419342041]
