date 2025-01-26T23:42:30.059438
sample_ratio 0.5
rank 16
seed 0
l2_regularization_strength 0
input_shape (100, 100, 100)
input_size 1000000
num_train_samples 500000
num_test_samples 1000000
num_iterations 10
max_num_richardson_iterations 1024
num_richardson_iterations [4, 4, 6, 6, 5, 5, 4, 4, 4, 4, 4, 4, 4, 4, 4, 4, 4, 4, 4, 4, 4, 4, 4, 4, 4, 4, 4, 4, 4, 4]
train_mses [4.315148045733087, 4.300303138320224, 3.878492042137453, 0.32387663600573646, 0.07810682431387758, 0.044652381008244584, 0.029492255400282535, 0.02432461147588629, 0.021808727414874017, 0.020251274327345994, 0.018595474751320396, 0.017433116055522013, 0.016523003311597312, 0.015463202381268215, 0.014677845314142688, 0.01400699360098787, 0.013239923619753352, 0.012625975081386123, 0.012081264763854823, 0.011487125301899867, 0.010974633294055892, 0.010502057756114248, 0.010004917152901265, 0.009535518860147384, 0.009082861184885705, 0.008631688251021714, 0.0082016891128497, 0.00781064440226092, 0.007435214836156265, 0.007103335502086297, 0.006796235494703158]
train_rres [1.0000006866070115, 0.9965604992836218, 0.8988091866216326, 0.07505579297608621, 0.018100625312219495, 0.010347828439173888, 0.006834591846514857, 0.005637032129497343, 0.005053996330546325, 0.004693069164113118, 0.004309350993760542, 0.004039983759644118, 0.003829072486341588, 0.003583472185549173, 0.0034014720321283013, 0.003246007569111868, 0.003068245300058633, 0.002925967687934598, 0.002799735473938639, 0.002662048455185534, 0.0025432825740864264, 0.002433767012301098, 0.0023185586951624104, 0.0022097794342723484, 0.002104879676196328, 0.002000323994940242, 0.0019006751697191397, 0.001810053718279138, 0.001723050950379098, 0.0016461405968006579, 0.0015749726519270575]
test_mses [4.313541718804291, 4.31200113252822, 3.9003933440005145, 0.3239624381091771, 0.07815730865399154, 0.044886607325069196, 0.0297498508519717, 0.024583651401886557, 0.022045913781265008, 0.020492994396488256, 0.018820931072792833, 0.017655432880843237, 0.016748243116339163, 0.015669265218389346, 0.014880994233145426, 0.01420977828928449, 0.013425329623402735, 0.012805712887356876, 0.012259881194122193, 0.011652648465867168, 0.011132634150352086, 0.01065871119619142, 0.01015188976472409, 0.009674147069961229, 0.00921923354915651, 0.008759401807065711, 0.008320942238404745, 0.007926980164442451, 0.007544567455388528, 0.007205119960869237, 0.006894817134379324]
test_rres [1.0000079051672364, 0.999650751219253, 0.9042277625967602, 0.07510417661527367, 0.018119200322062143, 0.01040605726972067, 0.006896904671125944, 0.005699225217317891, 0.0051109017821233645, 0.004750888650896558, 0.004363254393333581, 0.00409305707489179, 0.0038827433709496023, 0.0036326040428084484, 0.003449859266463409, 0.003294251347567174, 0.003112392699102057, 0.0029687470189134024, 0.002842206917134392, 0.00270143222011822, 0.0025808773581939078, 0.002471007851534251, 0.002353511494476646, 0.002242756457770709, 0.0021372939059680846, 0.0020306911634623078, 0.0019290431295866262, 0.001837710945043021, 0.0017490562485036895, 0.0016703621729534943, 0.0015984247026068145]
step_times_seconds [0.020406007766723633, 0.17191004753112793, 0.16911101341247559, 0.25451016426086426, 0.2296619415283203, 0.18617701530456543, 0.2162160873413086, 0.14642596244812012, 0.1454770565032959, 0.15099382400512695, 0.1508629322052002, 0.17326998710632324, 0.16328787803649902, 0.16580486297607422, 0.154313325881958, 0.17210793495178223, 0.13945508003234863, 0.19405126571655273, 0.15540003776550293, 0.15745925903320312, 0.14554309844970703, 0.16671395301818848, 0.1598970890045166, 0.17025303840637207, 0.1498548984527588, 0.14641571044921875, 0.15678811073303223, 0.1643071174621582, 0.14429521560668945, 0.15490293502807617, 0.15745782852172852]
