date 2025-01-26T23:42:30.059438
sample_ratio 0.2
rank 16
seed 0
l2_regularization_strength 0
input_shape (100, 100, 100)
input_size 1000000
num_train_samples 200000
num_test_samples 1000000
num_iterations 10
max_num_richardson_iterations 1024
num_richardson_iterations [10, 15, 26, 27, 21, 19, 18, 17, 17, 16, 16, 15, 15, 16, 15, 16, 16, 15, 15, 15, 15, 15, 15, 15, 15, 15, 14, 14, 14, 14]
train_mses [4.322701599531434, 4.288497305009146, 4.055045944955325, 0.8274101905107598, 0.11241497027573849, 0.06390709609828438, 0.04435716351390554, 0.035460941199401866, 0.02985038262728348, 0.026315925500829222, 0.02373430196580058, 0.021402496106511217, 0.02003409630909892, 0.018493233729190286, 0.01700493841292874, 0.01576310394357712, 0.01450916336424965, 0.013339283766572988, 0.01239461921691383, 0.011601497523737679, 0.010839778341472638, 0.010223029580848805, 0.009648428272688173, 0.009095299897299795, 0.008613521079053324, 0.008154762713722808, 0.007727347532001033, 0.007331703510720143, 0.006962694567136408, 0.006628656033917507, 0.006306640194017235]
train_rres [1.0000030669854074, 0.9920903303232084, 0.938084271688247, 0.19141102135188534, 0.02600580041495285, 0.01478410911068737, 0.010261476193842975, 0.00820344618778102, 0.006905513482866154, 0.006087860937299323, 0.0054906345515802184, 0.0049512003673754445, 0.004634638152111075, 0.0042781788244816345, 0.003933880277248374, 0.003646597371073581, 0.0033565138674422294, 0.003085876822820151, 0.002867340468834036, 0.0026838616634141145, 0.002507647436984693, 0.0023649703083459413, 0.00223204346682703, 0.002104084120319052, 0.001992630603400998, 0.0018865025809658026, 0.0017876254128901179, 0.0016960981062728354, 0.001610732492470398, 0.001533456846669074, 0.0014589625009217154]
test_mses [4.313541718804291, 4.325323646903192, 4.149133121003107, 0.8426460485823997, 0.11379600022789785, 0.06541503294456721, 0.04571545857399444, 0.03667621926000438, 0.030831902926902834, 0.027232470860105155, 0.024603580263462155, 0.02214340998509915, 0.020755556354154908, 0.019213989519858622, 0.017652204092062095, 0.016365576656050342, 0.015098755435297035, 0.013872703708725077, 0.012887828776535184, 0.012074629506533468, 0.0112779067700726, 0.010631477159315922, 0.01003860274146048, 0.009468805840116223, 0.008960548749923898, 0.008484167495632331, 0.008050309975437726, 0.007631418123768863, 0.007246327173770807, 0.0069101433544474945, 0.006568576799779645]
test_rres [1.0000079051672364, 1.0027393082705498, 0.9618930779101075, 0.19535054133518784, 0.026381314294058773, 0.015165159937174674, 0.010598209764159216, 0.008502643902055022, 0.007147756685380645, 0.006313300742780446, 0.005703845323118584, 0.0051335043164011515, 0.004811758360842384, 0.004454377090152543, 0.004092308545141589, 0.003794029847289222, 0.0035003428221552484, 0.00321610738440092, 0.0029877839365257137, 0.002799260038650127, 0.0026145558937443044, 0.0024646941877422934, 0.0023272481762565828, 0.0021951522229011113, 0.002077323037238219, 0.0019668836231279264, 0.0018663024816451626, 0.001769190829460859, 0.0016799152366162014, 0.0016019777785299452, 0.0015227924414971392]
step_times_seconds [0.026808977127075195, 0.3802030086517334, 0.6245629787445068, 0.9123547077178955, 0.9572429656982422, 0.7451341152191162, 0.654609203338623, 0.6020817756652832, 0.5805420875549316, 0.5931611061096191, 0.5310919284820557, 0.580662727355957, 0.4759058952331543, 0.5062940120697021, 0.5828549861907959, 0.5474698543548584, 0.5636589527130127, 0.5556306838989258, 0.5352492332458496, 0.5271430015563965, 0.5304508209228516, 0.536902904510498, 0.5304920673370361, 0.5397272109985352, 0.5127029418945312, 0.4928708076477051, 0.5534789562225342, 0.45615291595458984, 0.5323572158813477, 0.5175409317016602, 0.4934980869293213]
