date 2025-01-26T23:42:30.059438
sample_ratio 0.5
rank 16
seed 0
l2_regularization_strength 0
input_shape (100, 100, 100)
input_size 1000000
num_train_samples 500000
num_test_samples 1000000
num_iterations 10
max_num_richardson_iterations 1024
num_richardson_iterations [5, 7, 11, 10, 9, 9, 8, 7, 7, 7, 7, 7, 7, 7, 7, 7, 7, 7, 7, 7, 7, 7, 7, 7, 7, 7, 7, 7, 7, 7]
train_mses [4.315148045733087, 4.300361222097519, 3.8785907021204244, 0.3243126954782872, 0.07825591966175616, 0.04475169686717774, 0.02939701943788809, 0.024255949169082604, 0.02176103370765389, 0.02022046510037542, 0.018619815308914028, 0.01748288647659201, 0.016597520335814454, 0.015563657907769963, 0.01479292516606283, 0.014140457159977542, 0.013387232395692332, 0.012782894527497108, 0.012255767339278046, 0.011678435811983964, 0.01118344918173925, 0.010749552045697715, 0.010302736538524223, 0.009896321319550358, 0.009535005289287165, 0.009182238083237128, 0.00884255645495866, 0.008537218912688592, 0.008248310631328106, 0.00796042390437161, 0.007700080959576474]
train_rres [1.0000006866070115, 0.9965739597296042, 0.8988320502753626, 0.07515684623482283, 0.01813517695417206, 0.010370844086857709, 0.006812521681882082, 0.005621120194791973, 0.005042943699336112, 0.0046859293747483315, 0.004314991721273959, 0.004051517652506016, 0.0038463412044924604, 0.003606751941981759, 0.003428140857789699, 0.0032769366703181775, 0.0031023829184024304, 0.002962332501421853, 0.0028401750355454454, 0.002706383119816196, 0.002591673968505511, 0.002491121813779928, 0.0023875759309446975, 0.0022933924884036526, 0.00220966041837593, 0.0021279094692720404, 0.0020491909970652435, 0.001978431489238185, 0.0019114793298533833, 0.001844763907445985, 0.0017844315339586236]
test_mses [4.313541718804291, 4.311244926050865, 3.9002039918901414, 0.3244023635690995, 0.07830992526160266, 0.044982983189169046, 0.02964813264855166, 0.02451120084508221, 0.021994584960667075, 0.020458657875203803, 0.018841356105031574, 0.017701580415632398, 0.016819447824442654, 0.01576528636108578, 0.014992687179669938, 0.014340162836342261, 0.013568254617945516, 0.01295943404987991, 0.012431091954599491, 0.011839407258900996, 0.011337548702112541, 0.010902339532117122, 0.010445496556590989, 0.010030696421447525, 0.009668132824207249, 0.00930867278432603, 0.008959857675387825, 0.008653274605359305, 0.008359901447539236, 0.008062741994456057, 0.00780109341179128]
test_rres [1.0000079051672364, 0.9994754399542668, 0.9041838651177099, 0.07520616448656028, 0.018154581413522466, 0.010428400075760317, 0.006873323351145655, 0.00568242901265334, 0.005099002227254778, 0.004742928418920428, 0.004367989526324876, 0.004103755452837681, 0.0038992507506460145, 0.003654864613823916, 0.0034757530300472917, 0.003324478382859547, 0.003145526984964113, 0.003004384179218217, 0.0028818986890211964, 0.0027447284906930852, 0.0026283826763298036, 0.0025274881820214626, 0.002421578324941677, 0.002325415254952201, 0.002241362175834967, 0.002158028594081041, 0.002077162825504061, 0.002006087705891228, 0.0019380750387817352, 0.0018691845952552672, 0.001808526632936287]
step_times_seconds [0.01702404022216797, 0.20923805236816406, 0.3175818920135498, 0.4360990524291992, 0.39454078674316406, 0.34914469718933105, 0.3816802501678467, 0.30974483489990234, 0.24834680557250977, 0.2852749824523926, 0.2933320999145508, 0.26874423027038574, 0.2820138931274414, 0.26398587226867676, 0.28746795654296875, 0.2839539051055908, 0.2739896774291992, 0.28379392623901367, 0.301851749420166, 0.2711906433105469, 0.26086878776550293, 0.27245402336120605, 0.24618887901306152, 0.2529768943786621, 0.28301072120666504, 0.2525918483734131, 0.26499509811401367, 0.27803611755371094, 0.28165197372436523, 0.2712900638580322, 0.2751352787017822]
