date 2025-01-26T23:42:30.059438
sample_ratio 0.5
rank 16
seed 0
l2_regularization_strength 0
input_shape (100, 100, 100)
input_size 1000000
num_train_samples 500000
num_test_samples 1000000
num_iterations 10
max_num_richardson_iterations 1024
num_richardson_iterations [2, 4, 4, 4, 4, 4, 4, 4, 4, 4, 4, 4, 4, 4, 4, 4, 4, 4, 4, 4, 4, 4, 4, 4, 4, 4, 4, 4, 4, 4]
train_mses [4.315148045733087, 4.3039980035243905, 3.877737494378567, 0.328587096263421, 0.07929590231085795, 0.046865311577380574, 0.030335118314886302, 0.02450981009683276, 0.021719238013502184, 0.0199493352677838, 0.018388552587083464, 0.017227341127272786, 0.016307358890019743, 0.01529539347890995, 0.014507005474483936, 0.013800856628050423, 0.012986077970646295, 0.012284795651990319, 0.011587205992679303, 0.010848321099236616, 0.01015780314161142, 0.009509324563633894, 0.008862978591880068, 0.008249924744033592, 0.007661070346482172, 0.007074286016139171, 0.006509602728256291, 0.005965267382493708, 0.005443033105619534, 0.0049333645812292565, 0.0044586055152922265]
train_rres [1.0000006866070115, 0.9974167544345293, 0.8986343262764098, 0.0761474040730861, 0.01837618452845205, 0.010860657214709834, 0.007029918515353669, 0.005679950413213766, 0.005033257884989545, 0.004623097227188676, 0.004261398454445987, 0.003992297082998294, 0.003779098634377511, 0.0035445838285800614, 0.003361881279934408, 0.0031982369915354225, 0.0030094186223389038, 0.00284690211242338, 0.0026852413464687197, 0.0025140107437326537, 0.002353988787493524, 0.002203709117745299, 0.0020539236622546995, 0.0019118533874283822, 0.001775391139639398, 0.0016394086131966581, 0.0015085478247338483, 0.0013824025074149447, 0.0012613789342005128, 0.0011432673725737382, 0.0010332457958217225]
test_mses [4.313541718804291, 4.309061474008049, 3.899390349252163, 0.32874279429076325, 0.07938062332260855, 0.04713813770754347, 0.03059550187228229, 0.024761933490784344, 0.021961344549374817, 0.020198357579695327, 0.018611463314070438, 0.017449243191682666, 0.016533290727090706, 0.015501147236659489, 0.014706885360314885, 0.01399874662562636, 0.013169857068739707, 0.012459009317634776, 0.011756042704160133, 0.011004662246198093, 0.010303486595729282, 0.009648234302591078, 0.008989718436776628, 0.008366906234679578, 0.007770760781626029, 0.007174200473139816, 0.006600912505117681, 0.0060485548403303065, 0.005518386483848163, 0.0050017563347356684, 0.00451910544851524]
test_rres [1.0000079051672364, 0.9989692505058488, 0.9039952384338847, 0.07621240606632125, 0.01840280122796996, 0.010928029312180157, 0.007092951854728411, 0.005740556334499466, 0.0050912961063383265, 0.004682583029865514, 0.0043146935057254, 0.004045256141791807, 0.0038329109820460757, 0.003593629269480599, 0.0034094956255065387, 0.0032453279000486876, 0.0030531665246796348, 0.002888370768242085, 0.0027254020950798954, 0.0025512096456421977, 0.0023886561712378844, 0.002236749103743751, 0.002084085442552817, 0.001939698957818804, 0.0018014946226006657, 0.0016631941114929195, 0.0015302888245311158, 0.001402235807480384, 0.0012793269353485925, 0.0011595566243514767, 0.0010476637221564352]
step_times_seconds [0.020016908645629883, 0.0915062427520752, 0.1766960620880127, 0.15182113647460938, 0.1605989933013916, 0.14303112030029297, 0.15371108055114746, 0.16495990753173828, 0.1524810791015625, 0.14959311485290527, 0.13577795028686523, 0.1629021167755127, 0.15101885795593262, 0.17345690727233887, 0.15542888641357422, 0.13358306884765625, 0.1432950496673584, 0.16092491149902344, 0.15302014350891113, 0.16588711738586426, 0.14963483810424805, 0.15376901626586914, 0.1523756980895996, 0.15926384925842285, 0.1577589511871338, 0.13038206100463867, 0.1481931209564209, 0.1515340805053711, 0.16004300117492676, 0.17890596389770508, 0.15810012817382812]
