date 2025-01-26T23:42:30.059438
sample_ratio 0.6
rank 16
seed 0
l2_regularization_strength 0
input_shape (100, 100, 100)
input_size 1000000
num_train_samples 600000
num_test_samples 1000000
num_iterations 10
max_num_richardson_iterations 1024
num_richardson_iterations [2, 2, 5, 4, 3, 3, 3, 2, 2, 2, 2, 2, 2, 2, 2, 2, 2, 2, 2, 2, 2, 2, 2, 2, 2, 2, 2, 2, 2, 2]
train_mses [4.315712483223459, 4.3050159556279235, 3.897842119286459, 0.2594544919456615, 0.08055972190942871, 0.04520653268557314, 0.030195203598579065, 0.025996749324006325, 0.02383789762362585, 0.022915092660675995, 0.02228668678391108, 0.02142020239195782, 0.020806462787618413, 0.02018974472440323, 0.01957033303152388, 0.019031272637935737, 0.018494787819571108, 0.01799795700681417, 0.0175559016880456, 0.017121947770666286, 0.016729029821917034, 0.016378592334007912, 0.01601649886256041, 0.015690550567788893, 0.015394406234474661, 0.015074802481911904, 0.014782318156270818, 0.014508076771162701, 0.014209512660263187, 0.013923070306894575, 0.013643303599334319]
train_rres [1.0000037523399115, 0.9975252351138164, 0.9031780408141681, 0.06011880228715245, 0.018666680069641062, 0.010474910571911997, 0.006996600681492435, 0.006023767100728873, 0.005523534564498054, 0.005309709285540061, 0.0051640999018750956, 0.004963324793091659, 0.0048211137654375165, 0.004678212592166968, 0.004534687271717465, 0.004409780337249176, 0.004285470195291499, 0.004170348374974142, 0.0040679187114530425, 0.003967366242443849, 0.0038763223129331704, 0.0037951216295623565, 0.003711220111202905, 0.0036356938755912, 0.00356707358503671, 0.0034930174580201216, 0.003425245236335133, 0.0033617001287263477, 0.003292519145893464, 0.0032261469236216644, 0.003161321530728235]
test_mses [4.313541718804291, 4.308199171581859, 3.908422568978742, 0.25990538421292486, 0.08073566428084958, 0.04536251723355696, 0.03036129605387719, 0.026129926004996855, 0.023968705056681867, 0.023047406598903634, 0.022412065676960344, 0.021544556718434717, 0.020935003414368037, 0.020311132649593045, 0.019690752721813476, 0.01915656352329324, 0.018611699356302178, 0.018114084109627233, 0.01767634299186955, 0.01723357032125174, 0.016839914013084836, 0.016493213410173842, 0.01612285068674752, 0.015795822089760807, 0.015503167053122333, 0.015176209082349203, 0.014882126534414097, 0.014611301414376776, 0.014306242385384593, 0.014017617304001275, 0.013741180037414267]
test_rres [1.0000079051672364, 0.9987693430286414, 0.9060891769458068, 0.060253836812432356, 0.01871694022520262, 0.010516387411784787, 0.0070386559454480475, 0.006057697889537288, 0.005556662273327436, 0.0053430777525656885, 0.005195786736079206, 0.004994672229049586, 0.004853359553196655, 0.004708727661992723, 0.004564905051147866, 0.004441064027645892, 0.004314748227370183, 0.00419938613912669, 0.004097904663645385, 0.003995256723814503, 0.0039039954249218203, 0.003823619862045997, 0.003737758712357557, 0.0036619437084648584, 0.003594097523310399, 0.003518298892685076, 0.003450121767742756, 0.0033873364097677648, 0.003316614608421796, 0.0032497026873536347, 0.00318561626605748]
step_times_seconds [0.027950286865234375, 0.08856797218322754, 0.08884191513061523, 0.21637868881225586, 0.1526169776916504, 0.1130821704864502, 0.1139230728149414, 0.12480473518371582, 0.07602405548095703, 0.07158398628234863, 0.06599712371826172, 0.07608723640441895, 0.07594919204711914, 0.07242393493652344, 0.07838797569274902, 0.09001708030700684, 0.07440710067749023, 0.06682801246643066, 0.07045507431030273, 0.08501887321472168, 0.07360577583312988, 0.10430312156677246, 0.07806205749511719, 0.08034491539001465, 0.07979202270507812, 0.05772590637207031, 0.07152414321899414, 0.0793311595916748, 0.0744009017944336, 0.07895183563232422, 0.07815980911254883]
