date 2025-01-26T23:42:30.059438
sample_ratio 0.6
rank 16
seed 0
l2_regularization_strength 0
input_shape (100, 100, 100)
input_size 1000000
num_train_samples 600000
num_test_samples 1000000
num_iterations 10
max_num_richardson_iterations 1024
num_richardson_iterations [4, 6, 9, 8, 7, 7, 6, 6, 6, 6, 6, 6, 6, 6, 6, 6, 6, 6, 6, 6, 6, 6, 6, 6, 6, 6, 6, 6, 6, 6]
train_mses [4.315712483223459, 4.30303451160668, 3.821283650621009, 0.23901248807163653, 0.07254308796833885, 0.04261991726872864, 0.03021787339704231, 0.0267253624296784, 0.02433501176489811, 0.022544694687407205, 0.02075337345053108, 0.019394305972517387, 0.018074051373367706, 0.01675974562150954, 0.01578373442608538, 0.015030870498557308, 0.014235020441506277, 0.01363150356418999, 0.013088941864446094, 0.012509402661447289, 0.012036612919566233, 0.011589488972044279, 0.011129911485937808, 0.010723321874208321, 0.010323971738058482, 0.00992265806612647, 0.009532924268844637, 0.009128882378885038, 0.008719134722771901, 0.008266887193913355, 0.007790724046613709]
train_rres [1.0000037523399115, 0.9970661101225206, 0.8854385004169669, 0.05538213814216205, 0.016809127219818774, 0.009875559912487905, 0.007001853553090383, 0.006192595733893957, 0.005638722035523045, 0.005223883511796387, 0.004808812311968838, 0.0044938996334760095, 0.004187980377194231, 0.003883439542120246, 0.0036572857235922505, 0.0034828378762307628, 0.003298429613065712, 0.0031585873172077696, 0.003032869086966776, 0.0028985827136553594, 0.0027890315056481613, 0.0026854273783989283, 0.002578937612830915, 0.002484725790571563, 0.0023921914439950244, 0.002299202121986814, 0.0022088959996001767, 0.0021152745158630757, 0.002020330935812633, 0.0019155396116447155, 0.0018052067440413634]
test_mses [4.313541718804291, 4.309226654748196, 3.8356473455703535, 0.2392166305793657, 0.07272455630805527, 0.04279227654834874, 0.030369781615223718, 0.02686366238852485, 0.02447122518724481, 0.02267407090826358, 0.020874371795157935, 0.019510511866361734, 0.018189129655848593, 0.016852694546832712, 0.01587386968871885, 0.015123530195082406, 0.01430675812181301, 0.013701907662516912, 0.013164441711305265, 0.012569640931110578, 0.012093391004871043, 0.011652626004055474, 0.01118268969713069, 0.010770436687684605, 0.010377950544677618, 0.009969369280204128, 0.009572685601778735, 0.009175952747040975, 0.00876047993129344, 0.008301090319559635, 0.007832814719289854]
test_rres [1.0000079051672364, 0.9990075443387815, 0.8892177048579296, 0.055457565319003636, 0.016859725939545198, 0.009920528794679967, 0.007040623152207476, 0.006227799915127575, 0.005673161460266541, 0.005256527380213056, 0.0048393033315426775, 0.004523119833330195, 0.004216783939904134, 0.003906958334663581, 0.003680037474800101, 0.0035060863520082206, 0.0033167341715416225, 0.003176511755677798, 0.0030519110829575484, 0.002914018483101297, 0.0028036095147589515, 0.00270142701279887, 0.002592481730132137, 0.0024969091600146637, 0.002405919140383097, 0.0023111977905012704, 0.002219234656692478, 0.0021272601223445635, 0.0020309411048841748, 0.0019244408614107313, 0.0018158805801862994]
step_times_seconds [0.01623821258544922, 0.18223214149475098, 0.2700462341308594, 0.3699500560760498, 0.3068211078643799, 0.2783389091491699, 0.31221508979797363, 0.24510812759399414, 0.25499868392944336, 0.22727513313293457, 0.2315819263458252, 0.24404597282409668, 0.22821998596191406, 0.22687411308288574, 0.20897912979125977, 0.25884199142456055, 0.2274162769317627, 0.24457716941833496, 0.23129487037658691, 0.2568650245666504, 0.2526073455810547, 0.23543787002563477, 0.2522847652435303, 0.2290349006652832, 0.22499370574951172, 0.22553324699401855, 0.2526431083679199, 0.21515393257141113, 0.22756409645080566, 0.2527468204498291, 0.23545598983764648]
