date 2025-01-26T23:42:30.059438
sample_ratio 0.8
rank 16
seed 0
l2_regularization_strength 0
input_shape (100, 100, 100)
input_size 1000000
num_train_samples 800000
num_test_samples 1000000
num_iterations 10
max_num_richardson_iterations 1024
num_richardson_iterations [2, 3, 5, 4, 4, 3, 3, 3, 3, 3, 3, 3, 3, 3, 3, 3, 3, 3, 3, 3, 3, 3, 3, 3, 3, 3, 3, 3, 3, 3]
train_mses [4.313941005736653, 4.304343002927999, 3.670394927597637, 0.13865949933352195, 0.06547199407842079, 0.03740176155290565, 0.030803789687748977, 0.027531783139291444, 0.0251242683747952, 0.023080787367161505, 0.021431011973271664, 0.019955098186495986, 0.018633129630350326, 0.01750941438938304, 0.016539525800250802, 0.01562630968585303, 0.014815377962284618, 0.01404415157686752, 0.013336726495194046, 0.012663900734682916, 0.012053500217060564, 0.011502014055904243, 0.010928665496220354, 0.010436196930646983, 0.009991249221547588, 0.009510394179912257, 0.009101909057558382, 0.008722516564373624, 0.008307535105147383, 0.007947361209233231, 0.007602885324015931]
train_rres [1.000006144108762, 0.997781250034628, 0.850826998798169, 0.03214238467521392, 0.015176933634096633, 0.008670028473653111, 0.0071405656471936335, 0.006382088271710168, 0.005824007029215827, 0.0053503117328995735, 0.004967880557300413, 0.0046257518974536895, 0.004319308977463293, 0.0040588227668958265, 0.0038339948086684294, 0.0036223039848758674, 0.003434323503700362, 0.003255547038540011, 0.0030915602275870145, 0.0029355938169358126, 0.002794098078543051, 0.0026662591607613966, 0.0025333523635573184, 0.0024191941980425576, 0.002316051748408958, 0.002204585690940494, 0.002109895561523404, 0.0020219493370133832, 0.0019257533045767745, 0.0018422621051415523, 0.0017624098305609494]
test_mses [4.313541718804291, 4.306735764834899, 3.6755794062504976, 0.13876157558118626, 0.06556613576508066, 0.03746432021461683, 0.0308697551618434, 0.02758361753033484, 0.025184512344741738, 0.02314009735759542, 0.02147953312813961, 0.020006739945172127, 0.01868601521449364, 0.01755356085953044, 0.016586842456084525, 0.01567213845937644, 0.014854182015497526, 0.014085529367449156, 0.013375901305574332, 0.012697860293596578, 0.012089692031107213, 0.011536835685991282, 0.010958718560524642, 0.0104687679936202, 0.010022922116917476, 0.009537675426135277, 0.00913179542530266, 0.008751452660057515, 0.008332751930376725, 0.007974805010496962, 0.007629060664618236]
test_rres [1.0000079051672364, 0.9984300816024554, 0.8521091719820598, 0.03216908089928295, 0.015200190087537611, 0.00868534926021735, 0.007156531964869377, 0.006394707036956771, 0.0058385227440213025, 0.005364566241021394, 0.004979597817219048, 0.004638160334599278, 0.004331976864651417, 0.004069440095326236, 0.003845325873525099, 0.0036332701459524186, 0.0034436433929768773, 0.0032654467335994477, 0.0031009337375827923, 0.0029437435638910675, 0.0028027519820756092, 0.0026745833560188176, 0.002540558526014518, 0.0024269733396444127, 0.0023236129387827907, 0.002211118251499935, 0.0021170231352727036, 0.0020288483135803004, 0.0019317809691856004, 0.0018487981738762164, 0.0017686442999636574]
step_times_seconds [0.029501914978027344, 0.08084702491760254, 0.14214229583740234, 0.19697928428649902, 0.16980576515197754, 0.16115617752075195, 0.11638116836547852, 0.10863113403320312, 0.10328483581542969, 0.12387204170227051, 0.12456083297729492, 0.10786914825439453, 0.11017704010009766, 0.12634992599487305, 0.13016009330749512, 0.11565995216369629, 0.11568617820739746, 0.1303551197052002, 0.12593483924865723, 0.11626982688903809, 0.11387491226196289, 0.11462783813476562, 0.11443567276000977, 0.11446285247802734, 0.10797882080078125, 0.11058712005615234, 0.12095880508422852, 0.1333789825439453, 0.12016892433166504, 0.1224367618560791, 0.12362504005432129]
