date 2025-01-26T23:42:30.059438
sample_ratio 0.1
rank 16
seed 0
l2_regularization_strength 0
input_shape (100, 100, 100)
input_size 1000000
num_train_samples 100000
num_test_samples 1000000
num_iterations 10
max_num_richardson_iterations 1024
num_richardson_iterations [2, 2, 3, 10, 9, 3, 2, 2, 2, 2, 2, 2, 2, 2, 2, 2, 2, 2, 2, 2, 2, 2, 2, 2, 2, 2, 2, 2, 2, 2]
train_mses [4.329567173196105, 4.316602724330779, 4.268582951375013, 3.4419067474083924, 0.9632307667315946, 0.31790855427647957, 0.25678499550930434, 0.2384396524420051, 0.21871782419830066, 0.20088192364830862, 0.1893221940847669, 0.1761990230146641, 0.16417699202334432, 0.15660219479623763, 0.14751396331619182, 0.13909367679591356, 0.1338907714358134, 0.1273222247945577, 0.12118274479507268, 0.11740821870418125, 0.11244647170201542, 0.10778341681420375, 0.10488001334843183, 0.10096839372283999, 0.09728554548034488, 0.09492514441864952, 0.09172405819761562, 0.08871437703589194, 0.08670812111798654, 0.08401268942949046, 0.08148707566330898]
train_rres [0.9999992178307167, 0.9970048218076697, 0.985913704964984, 0.7949764763007083, 0.22247720725649708, 0.07342727180359053, 0.05930957631277696, 0.05507235628955861, 0.05051720977514677, 0.046397655582820434, 0.043727707280957526, 0.04069665122371338, 0.037919925258475214, 0.03617037593880471, 0.034071269028586405, 0.032126437225001546, 0.030924723270138336, 0.02940758743628284, 0.02798955303428044, 0.027117751538292403, 0.025971737878553534, 0.02489471307353796, 0.024224114586743815, 0.02332064862592918, 0.022470021943270354, 0.021924840607344877, 0.021185486397284303, 0.020490340973446992, 0.02002695646677063, 0.01940439317755795, 0.018821052698084675]
test_mses [4.313541718804291, 4.312549872395805, 4.2889052372903755, 3.5184418494528105, 1.0324219195506525, 0.3512473319132703, 0.28516324755266786, 0.2646137200211624, 0.24257766147624843, 0.22300734411363013, 0.20989829280675357, 0.19512060161728062, 0.181858647852135, 0.17320605768434222, 0.1629352935909218, 0.15362993004066622, 0.1476794302894562, 0.14025982744305876, 0.13348406055411405, 0.12918931734860264, 0.12360705133286602, 0.118479482560771, 0.11521047947285681, 0.1108376836103767, 0.10680747624809701, 0.10418528914839292, 0.10063254552841559, 0.09735461473973175, 0.09515526086311872, 0.09218311937018894, 0.0894424120829733]
test_rres [1.0000079051672364, 0.9997779655227736, 0.9942964323508218, 0.815679989365991, 0.23934626075780105, 0.08142963056342865, 0.06610936450960697, 0.06134536978819889, 0.05623675274444153, 0.05169976820945137, 0.048660698277897936, 0.0452347877447573, 0.04216027045301676, 0.040154341420211764, 0.03777327130310732, 0.03561600988839911, 0.03423650618151131, 0.03251642046465043, 0.030945595167429625, 0.029949945319544254, 0.028655809199300483, 0.02746708549134825, 0.02670923286280419, 0.02569548807598552, 0.024761165543720765, 0.02415326419502151, 0.023329632029944265, 0.022569709693506645, 0.022059833724697674, 0.021370802487269604, 0.02073542461645471]
step_times_seconds [0.013314008712768555, 0.0571439266204834, 0.07429695129394531, 0.10344290733337402, 0.3017709255218506, 0.3114748001098633, 0.07345700263977051, 0.06165313720703125, 0.07471108436584473, 0.06960105895996094, 0.06995701789855957, 0.05887269973754883, 0.0637202262878418, 0.06004500389099121, 0.07471585273742676, 0.0539090633392334, 0.0627279281616211, 0.0779881477355957, 0.058226823806762695, 0.05910444259643555, 0.06603407859802246, 0.06116032600402832, 0.06484007835388184, 0.062744140625, 0.06528210639953613, 0.05153393745422363, 0.07329988479614258, 0.05580401420593262, 0.07973909378051758, 0.06877636909484863, 0.0609891414642334]
