date 2025-01-26T23:42:30.059438
sample_ratio 0.4
rank 16
seed 0
l2_regularization_strength 0
input_shape (100, 100, 100)
input_size 1000000
num_train_samples 400000
num_test_samples 1000000
num_iterations 10
max_num_richardson_iterations 1024
num_richardson_iterations [6, 9, 14, 13, 11, 10, 10, 9, 9, 9, 9, 8, 9, 9, 8, 9, 9, 8, 9, 9, 9, 9, 9, 9, 9, 9, 9, 9, 9, 9]
train_mses [4.315993885738515, 4.298367287483489, 3.9371379971278744, 0.43866056351539884, 0.08706813584720241, 0.05226801369641701, 0.03587081909965607, 0.029531684034599312, 0.02548746534832337, 0.02326839771516572, 0.021300497204076427, 0.019754533109990258, 0.018561317169179838, 0.017224910991615976, 0.016053702797890444, 0.015044038551203785, 0.013905148071568894, 0.012960317948464585, 0.012164142457984126, 0.011254021200208443, 0.01052767508785201, 0.00983883772632309, 0.009107423048498372, 0.008498723174114172, 0.007921701142815865, 0.007351003516881617, 0.0068531578742877745, 0.0063806156446188506, 0.005942604954905394, 0.005544295417199483, 0.005173270377268651]
train_rres [0.9999999404158451, 0.9959159223028899, 0.9122204217078369, 0.10163604235577366, 0.02017336747093718, 0.012110306910948726, 0.008311137112787113, 0.0068423827875570935, 0.005905352163239475, 0.005391202338266617, 0.004935247013506727, 0.004577052807745782, 0.004300589054250569, 0.003990948648514324, 0.0037195840092338686, 0.0034856485094958045, 0.003221771765940088, 0.0030028580946465677, 0.002818387156058854, 0.002607515401454608, 0.0024392236734524435, 0.0022796225853319815, 0.0021101564893162223, 0.0019691229628029713, 0.001835429076251461, 0.0017032005312075287, 0.0015878515232825687, 0.0014783652232499547, 0.0013768797542685705, 0.0012845928964745588, 0.0011986277566606196]
test_mses [4.313541718804291, 4.3136200292275415, 3.966966219649015, 0.44012248576787294, 0.08733766012716443, 0.05264578080965122, 0.03629383419369108, 0.029913426424241094, 0.02583159414992311, 0.023626849512420358, 0.02162300057864515, 0.020044368811654847, 0.0188458601277971, 0.017489989290999205, 0.016289083617063865, 0.015266231597485835, 0.014108724468478013, 0.01314007415087276, 0.012333021164042094, 0.011407529743945289, 0.010667343304709214, 0.009968839276279793, 0.009224906584506282, 0.008607146522175885, 0.008021468639739073, 0.0074402122349875735, 0.006936452089349773, 0.0064566263214686495, 0.006009694733350577, 0.005607651598682019, 0.00523106222712436]
test_rres [1.0000079051672364, 1.0000260598640989, 0.9196613450814266, 0.10203354776680586, 0.020247480200605055, 0.012204865610514202, 0.008413995613929226, 0.006934826378165094, 0.005988535648185501, 0.00547740993986872, 0.005012857860587656, 0.004646883830602843, 0.004369033693430283, 0.0040547023055425, 0.003776296474422261, 0.0035391688025290507, 0.0032708240513355654, 0.0030462619540860417, 0.0028591629483661635, 0.0026446063736084253, 0.0024730090323083756, 0.0023110749197494253, 0.002138609085133116, 0.001995393837408969, 0.0018596161979427227, 0.0017248635891649615, 0.001608076929666594, 0.0014968389743473464, 0.0013932268731269807, 0.0013000212571631642, 0.001212716584319056]
step_times_seconds [0.017766952514648438, 0.25678229331970215, 0.41849589347839355, 0.5586059093475342, 0.5404670238494873, 0.4243178367614746, 0.36968398094177246, 0.37407588958740234, 0.3429069519042969, 0.3366727828979492, 0.3320729732513428, 0.3732118606567383, 0.30275726318359375, 0.34771203994750977, 0.34317588806152344, 0.30835390090942383, 0.3284749984741211, 0.36960697174072266, 0.30111002922058105, 0.3517439365386963, 0.3464481830596924, 0.3253970146179199, 0.3335700035095215, 0.333920955657959, 0.31293201446533203, 0.3216557502746582, 0.33294105529785156, 0.3478107452392578, 0.34146618843078613, 0.35001420974731445, 0.3896291255950928]
