date 2025-01-26T23:42:30.059438
sample_ratio 0.1
rank 16
seed 0
l2_regularization_strength 0
input_shape (100, 100, 100)
input_size 1000000
num_train_samples 100000
num_test_samples 1000000
num_iterations 10
max_num_richardson_iterations 1024
num_richardson_iterations [4, 6, 8, 8, 8, 6, 6, 6, 6, 6, 6, 6, 6, 6, 6, 6, 6, 6, 6, 6, 6, 6, 6, 6, 6, 4, 4, 4, 4, 4]
train_mses [4.329567173196105, 4.2623960829076095, 4.065998630272484, 1.6019368685814104, 0.20345572640932372, 0.07689724072609337, 0.05700567112260046, 0.043152941249798175, 0.03565972539490203, 0.03094840430598983, 0.027759940721711684, 0.024892605282005164, 0.02298409606078007, 0.02148713023127457, 0.020064335138474852, 0.018995758652848166, 0.01792596618974495, 0.01689772442624397, 0.01597744288780286, 0.014893190581444473, 0.013768740294977653, 0.012855132801886536, 0.012150856517064091, 0.011576497422380035, 0.011106763958020245, 0.010664478479928397, 0.010276607973095816, 0.009936436332709908, 0.009601199545949728, 0.009296007974543262, 0.009013785944424896]
train_rres [0.9999992178307167, 0.9844847252585304, 0.939122847000827, 0.36999902103679383, 0.04699212626427787, 0.01776093948963214, 0.013166587849111422, 0.009967025748912768, 0.008236319261594, 0.007148146422279062, 0.006411707659970603, 0.005749439797557897, 0.005308631824820304, 0.004962877942563351, 0.004634255259736887, 0.00438744637398165, 0.0041403566341648435, 0.003902863850681176, 0.003690306617634298, 0.0034398770908672747, 0.003180163045103603, 0.0029691473149051103, 0.0028064807697780907, 0.0026738211706861053, 0.0025653269313873663, 0.0024631723476941344, 0.002373585978448393, 0.002295016606336542, 0.00221758703632694, 0.0021470970033775957, 0.002081912240540292]
test_mses [4.313541718804291, 4.362525741874778, 4.289406381062283, 1.6976333057855997, 0.21263089224652332, 0.0805550399272452, 0.06060067793857823, 0.04641247093722836, 0.038502204844152746, 0.033595656736512, 0.03024641349925585, 0.027091525210793582, 0.024981499801951763, 0.02339674450296569, 0.02181662404382245, 0.020680829786554823, 0.019523655262903082, 0.018403129898178952, 0.017420947364918084, 0.016237902144816147, 0.015014705021684956, 0.014045787631237166, 0.013268813600485567, 0.012634074745419895, 0.012142645339347469, 0.011633738587388026, 0.011213937118739394, 0.010852315882743276, 0.010471537168396331, 0.010151347068745343, 0.009840999406900253]
test_rres [1.0000079051672364, 1.0113638658813386, 0.994412612456684, 0.39356214371594717, 0.0492941965073257, 0.01867506610105014, 0.01404904854238214, 0.010759798064138943, 0.00892596194043392, 0.00778847742896287, 0.007012022735367726, 0.006280625328306982, 0.005791458368417129, 0.005424064720679085, 0.005057745567355181, 0.004794434508843842, 0.004526166865513701, 0.004266395592691715, 0.004038696323365925, 0.0037644310793056002, 0.0034808574239549145, 0.003256233411237499, 0.00307610760661757, 0.0029289561672295166, 0.0028150281417367454, 0.0026970483450573955, 0.0025997258164681, 0.0025158912048550922, 0.002427615317130071, 0.0023533856813272138, 0.002281437816805044]
step_times_seconds [0.016957759857177734, 0.18224716186523438, 0.24130010604858398, 0.2643277645111084, 0.32271528244018555, 0.275285005569458, 0.19338178634643555, 0.20436501502990723, 0.22739696502685547, 0.19019508361816406, 0.22019100189208984, 0.20606422424316406, 0.21074724197387695, 0.20682787895202637, 0.20459508895874023, 0.20384788513183594, 0.19983696937561035, 0.21615290641784668, 0.1917572021484375, 0.20834803581237793, 0.20905113220214844, 0.21750283241271973, 0.21581625938415527, 0.21221709251403809, 0.21373200416564941, 0.25711774826049805, 0.1547698974609375, 0.14151406288146973, 0.14079618453979492, 0.14516568183898926, 0.13237881660461426]
