date 2025-01-26T23:42:30.059438
sample_ratio 0.7
rank 16
seed 0
l2_regularization_strength 0
input_shape (100, 100, 100)
input_size 1000000
num_train_samples 700000
num_test_samples 1000000
num_iterations 10
max_num_richardson_iterations 1024
num_richardson_iterations [3, 5, 7, 6, 5, 5, 5, 4, 4, 4, 4, 4, 4, 4, 4, 4, 4, 4, 4, 4, 4, 4, 4, 4, 4, 4, 4, 4, 4, 4]
train_mses [4.315757786526374, 4.304580794392037, 3.7452724547848413, 0.18060070877290632, 0.06965845267076515, 0.040943008692989384, 0.03271306521921062, 0.02874943995792049, 0.026324703373899864, 0.024375389539827593, 0.022345140002822207, 0.020693311573151584, 0.019293709886753458, 0.01784073715371915, 0.016910188507636856, 0.016141416150243962, 0.01530278073287131, 0.014669230830401359, 0.014106092050693969, 0.01342896427061767, 0.012879572135561443, 0.012397503671142908, 0.011808413872291292, 0.01133034377719386, 0.010908065375461207, 0.010392121787140423, 0.009987115209365289, 0.009617951494486974, 0.009183253374955376, 0.008855709878957986, 0.00855148776370041]
train_rres [1.000004789926255, 0.9974149676460985, 0.8678175605814473, 0.04184701337985509, 0.016140568997428092, 0.00948690979248297, 0.007579948535228272, 0.006661536417862192, 0.006099700393166825, 0.0056480246348034864, 0.00517759525433887, 0.004794849877162246, 0.004470547991000675, 0.00413387949278173, 0.003918261946716742, 0.003740129605241073, 0.003545809285182182, 0.003399009356070036, 0.0032685243972387684, 0.003111627032520478, 0.0029843273104834286, 0.0028726271647996427, 0.0027361290919959663, 0.002625355408980099, 0.0025275092263853764, 0.0024079598713999586, 0.0023141157453484005, 0.0022285767736531384, 0.0021278528166552156, 0.0020519576712118904, 0.0019814663258892113]
test_mses [4.313541718804291, 4.307759656198096, 3.7533617355334012, 0.18055410538693392, 0.06979935957034104, 0.04108886695235089, 0.0328288608504888, 0.028879590326948198, 0.02644842218452239, 0.024493591330517712, 0.022463051496947568, 0.020806243281183225, 0.01939893140351344, 0.017939506846502928, 0.017004208696438542, 0.01623031783042655, 0.015385069529222178, 0.014747645699885441, 0.014180766173691746, 0.01349724183244925, 0.012944548943124247, 0.012459929095022746, 0.011865608877589726, 0.011384442366325685, 0.010960156185103234, 0.010440416028126774, 0.010032703634457886, 0.00966114692844557, 0.009223986222933165, 0.008894335604874239, 0.008587424805039611]
test_rres [1.0000079051672364, 0.9986674502252659, 0.8701414408775107, 0.04185783851590568, 0.016181577899587327, 0.009525627534235507, 0.007610711222522776, 0.006695152268735889, 0.006131534824022621, 0.005678346600816707, 0.005207606773153703, 0.00482350910559489, 0.004497252146824674, 0.004158913911299215, 0.003942083843405042, 0.0037626728085296845, 0.00356671898725359, 0.0034189450905737634, 0.003287525471980555, 0.003129064098664755, 0.0030009333665461076, 0.0028885840001333994, 0.002750802809089656, 0.0026392540293785002, 0.0025408918103634296, 0.0024204005065831587, 0.0023258805869249893, 0.002239742636384149, 0.0021383957178102227, 0.0020619728510589607, 0.001990821753881001]
step_times_seconds [0.019990921020507812, 0.13734889030456543, 0.23674392700195312, 0.3053908348083496, 0.24943304061889648, 0.20180201530456543, 0.20431303977966309, 0.19002223014831543, 0.15572714805603027, 0.15817809104919434, 0.1386120319366455, 0.1539781093597412, 0.16506314277648926, 0.1649632453918457, 0.15964698791503906, 0.1702730655670166, 0.15473675727844238, 0.16499614715576172, 0.14762425422668457, 0.13795018196105957, 0.17168807983398438, 0.16666483879089355, 0.15379595756530762, 0.16431474685668945, 0.17722105979919434, 0.1638929843902588, 0.1521320343017578, 0.174760103225708, 0.1544637680053711, 0.1797332763671875, 0.17226505279541016]
