date 2025-01-26T23:42:30.059438
sample_ratio 0.7
rank 16
seed 0
l2_regularization_strength 0
input_shape (100, 100, 100)
input_size 1000000
num_train_samples 700000
num_test_samples 1000000
num_iterations 10
max_num_richardson_iterations 1024
num_richardson_iterations [2, 3, 4, 4, 3, 3, 3, 2, 2, 2, 2, 2, 2, 2, 2, 2, 2, 2, 2, 2, 2, 2, 2, 2, 2, 2, 2, 2, 2, 2]
train_mses [4.315757786526374, 4.305504660826029, 3.745162025483566, 0.1804082225592874, 0.06965891601363208, 0.0413883736809086, 0.033203501056650216, 0.02920625069089049, 0.026974844869759155, 0.02548304681061584, 0.024503730267313492, 0.02331556553579684, 0.02231916943534885, 0.02121521324599103, 0.020276868241940294, 0.01944739279050338, 0.018512882413461378, 0.017809831075255682, 0.01720222612986689, 0.01652293750563672, 0.016019252213231437, 0.015574983146329654, 0.015039392530111448, 0.01462757028339902, 0.014260714857647877, 0.013803693918678504, 0.013442899741173677, 0.013121543795222762, 0.012717731886437338, 0.012394919127549996, 0.01210468406150578]
train_rres [1.000004789926255, 0.9976290368559434, 0.8677919729938935, 0.041802412374623836, 0.016140676358663182, 0.009590105370922307, 0.0076935874859873285, 0.006767384091354405, 0.006250344762509988, 0.005904680043001548, 0.005677762481220446, 0.005402452678977254, 0.005171577610820612, 0.004915779780675213, 0.00469835573950599, 0.004506157876328228, 0.004289622357074735, 0.004126718241379302, 0.003985930021598154, 0.0038285319674039855, 0.0037118229837364634, 0.003608881341296554, 0.003484779570958594, 0.003389356185383917, 0.0033043520676581976, 0.003198455687306924, 0.003114856022189312, 0.0030403945947603994, 0.0029468272856135844, 0.0028720282998724324, 0.0028047778955158937]
test_mses [4.313541718804291, 4.307433369972651, 3.753305012063886, 0.18034998620709344, 0.06979919635041262, 0.04153866379953648, 0.03332308151766211, 0.029339032253979543, 0.027102355463447032, 0.02560919086162762, 0.02463045034216659, 0.023438400316162483, 0.02243823494590369, 0.021331931579046254, 0.020391152029158883, 0.019557274923618976, 0.018618248331459877, 0.01791309864716105, 0.017301770171615237, 0.016617181064689165, 0.016111514240444977, 0.015664547857405668, 0.01512346161594732, 0.014709873011073614, 0.014341017941933026, 0.013878669685446142, 0.013516169894307928, 0.013193277989742212, 0.012784675077323185, 0.01246017175926436, 0.012168593616862544]
test_rres [1.0000079051672364, 0.9985918073252867, 0.8701282906817733, 0.04181051758875505, 0.016181540060329163, 0.0096299038881523, 0.00772528634577146, 0.006801664640459042, 0.006283136104595802, 0.00593697591817034, 0.005710074610527527, 0.005433721783299198, 0.00520185355483784, 0.004945379366226716, 0.00472727854601074, 0.004533960907782581, 0.0043162664755651385, 0.004152791701332405, 0.0040110674876695064, 0.00385235926984167, 0.003735130585250398, 0.003631510417527246, 0.0035060704533148297, 0.0034101882522553618, 0.0033246766218951846, 0.003217490476132038, 0.00313345218917647, 0.0030585961942355593, 0.0029638698257128857, 0.0028886402569580074, 0.0028210437280767196]
step_times_seconds [0.02116084098815918, 0.10225200653076172, 0.1296839714050293, 0.16990017890930176, 0.1688070297241211, 0.1128382682800293, 0.11667394638061523, 0.11027002334594727, 0.07647490501403809, 0.06268620491027832, 0.07143187522888184, 0.07890796661376953, 0.08344817161560059, 0.08820509910583496, 0.07244610786437988, 0.07986307144165039, 0.07631897926330566, 0.0707387924194336, 0.0815269947052002, 0.0723268985748291, 0.07352399826049805, 0.06994223594665527, 0.06602287292480469, 0.07334280014038086, 0.07966303825378418, 0.06347489356994629, 0.07183170318603516, 0.06998419761657715, 0.07175016403198242, 0.0848991870880127, 0.06791496276855469]
