date 2025-01-26T23:42:30.059438
sample_ratio 0.2
rank 16
seed 0
l2_regularization_strength 0
input_shape (100, 100, 100)
input_size 1000000
num_train_samples 200000
num_test_samples 1000000
num_iterations 10
max_num_richardson_iterations 1024
num_richardson_iterations [4, 4, 6, 6, 6, 4, 4, 4, 4, 4, 4, 4, 4, 4, 4, 4, 4, 4, 4, 4, 4, 4, 4, 4, 4, 4, 4, 4, 4, 4]
train_mses [4.322701599531434, 4.28795843485389, 4.0534171851666105, 0.8190292527649596, 0.11103130397103275, 0.06408885913713824, 0.043866499674429585, 0.03538923215736526, 0.030287796169129293, 0.02686319352690941, 0.02427793957731948, 0.021992221658567936, 0.02048725399397838, 0.019170794906546707, 0.017787277716950853, 0.01676997449353275, 0.015744571396910285, 0.014796553812667762, 0.014009126330699553, 0.013312617918638256, 0.01272110079615665, 0.012185525597366225, 0.011698741873422956, 0.011252878137373227, 0.010822235006271285, 0.010415503023329515, 0.010037433385531655, 0.009657230064710134, 0.009291392141763615, 0.008948778754711187, 0.008599213791626361]
train_rres [1.0000030669854074, 0.9919656694379828, 0.9377074784383327, 0.18947219599995208, 0.025685706483754803, 0.014826157721291942, 0.010147967238150087, 0.008186857195847141, 0.007006703646775265, 0.0062144645651330275, 0.005616398328313373, 0.005087626013966527, 0.004739470527021382, 0.0044349241467819545, 0.004114864711503597, 0.003879524306886605, 0.0036423100976916076, 0.003422998061001085, 0.0032408365402793768, 0.0030797080116948612, 0.002942867907645091, 0.002818969269476359, 0.0027063579300874423, 0.0026032129192091456, 0.0025035890053297276, 0.0024094966371618867, 0.0023220349448320474, 0.0022340796515634186, 0.0021494476138105133, 0.0020701882825904664, 0.0019893207910122003]
test_mses [4.313541718804291, 4.331351217850049, 4.149492432108464, 0.83333946584121, 0.11228298842011375, 0.06562052343144942, 0.04529032809040768, 0.03666802557347262, 0.03134469944190236, 0.027832839874463736, 0.025173928840836232, 0.02275683838135797, 0.021244165126252827, 0.01991560051540068, 0.018438389263173215, 0.017411304389433405, 0.016383138086752815, 0.015361575020038314, 0.014553664677433735, 0.013854654838691166, 0.013214103927927512, 0.012664687234529667, 0.012173359799849888, 0.011696555535006163, 0.011253473140322686, 0.010838793911051666, 0.010440165676528335, 0.010047044447756255, 0.00967170574293634, 0.00931471151424671, 0.008951081170523392]
test_rres [1.0000079051672364, 1.0041366793842998, 0.9619763769643871, 0.19319299727557865, 0.026030552932043968, 0.015212798774286891, 0.010499651810619317, 0.008500744360601994, 0.007266638245400397, 0.00645248422575426, 0.005836069171467747, 0.00527571535445341, 0.004925032479069161, 0.0046170314905576, 0.004274569767424217, 0.004036460793413362, 0.003798101111849377, 0.003561272257757625, 0.0033739744913423965, 0.003211923116833838, 0.003063424269208623, 0.002936053057233655, 0.0028221486717576955, 0.0027116111911573344, 0.0026088914480301645, 0.0025127564076358813, 0.002420342467599458, 0.0023292052161043896, 0.002242190485193385, 0.0021594285521784723, 0.0020751281693406785]
step_times_seconds [0.027276039123535156, 0.1573929786682129, 0.16374993324279785, 0.20974421501159668, 0.2106800079345703, 0.23459696769714355, 0.14656901359558105, 0.13853001594543457, 0.15773677825927734, 0.13371992111206055, 0.13413214683532715, 0.1317896842956543, 0.14477992057800293, 0.13779211044311523, 0.14615917205810547, 0.12819814682006836, 0.13242506980895996, 0.1506659984588623, 0.13777589797973633, 0.1487419605255127, 0.14958620071411133, 0.15023207664489746, 0.1324911117553711, 0.1567213535308838, 0.1527082920074463, 0.15450191497802734, 0.149169921875, 0.1285257339477539, 0.13151884078979492, 0.14881682395935059, 0.14385986328125]
