date 2025-01-26T23:42:30.059438
sample_ratio 0.3
rank 16
seed 0
l2_regularization_strength 0
input_shape (100, 100, 100)
input_size 1000000
num_train_samples 300000
num_test_samples 1000000
num_iterations 10
max_num_richardson_iterations 1024
num_richardson_iterations [7, 11, 18, 17, 14, 14, 13, 12, 11, 11, 11, 11, 11, 10, 10, 10, 10, 10, 10, 10, 10, 10, 10, 10, 10, 10, 10, 10, 10, 10]
train_mses [4.3187702566143145, 4.295869895073019, 4.005949998857609, 0.6148712482222088, 0.0996279436434168, 0.058008845695869, 0.03942428395509745, 0.03239231733948258, 0.028001889182998153, 0.025559286206316593, 0.023382239668920897, 0.02165285654742448, 0.020354365744075287, 0.01922687290687984, 0.018281558420127172, 0.017617030631530632, 0.017018412091445344, 0.016452718294419477, 0.01596321184373874, 0.015483446840807973, 0.015030831683464505, 0.01460763324077574, 0.014170258073032389, 0.013783730982178931, 0.013406037930375935, 0.01301368556338252, 0.012670373908982888, 0.012315598054842145, 0.01196332487936223, 0.011608392904199452, 0.011229883735239827]
train_rres [0.9999939602574168, 0.9946914732371974, 0.9275616821282935, 0.1423709755378771, 0.02306845143329889, 0.013431715949356614, 0.009128535092180888, 0.007500311378827053, 0.006483725318778013, 0.005918150379882511, 0.005414063971196883, 0.005013632233986746, 0.0047129718877202765, 0.004451905435828752, 0.004233021651527251, 0.004079152902893998, 0.0039405451768482315, 0.003809561043224874, 0.0036962177845882064, 0.0035851301191725995, 0.0034803288917928284, 0.003382338986904747, 0.003281066518094887, 0.0031915677178895843, 0.003104114404054299, 0.003013266784483607, 0.0029337743455515233, 0.002851627417072852, 0.0027700599738171927, 0.0026878768961409887, 0.002600234613645877]
test_mses [4.313541718804291, 4.317427502366395, 4.057223514035439, 0.6200654357342095, 0.10055174658463133, 0.05874992123969096, 0.04009109791174198, 0.033099142510832506, 0.028602278383766867, 0.026152082984915403, 0.023957078252219956, 0.02217842175113597, 0.020862173411133698, 0.01971856142693362, 0.018743593339877025, 0.01805971366835186, 0.017456597253403417, 0.016867705555805922, 0.01636111631276543, 0.015880043733786826, 0.015408386761930492, 0.014972069191308331, 0.014533933772712278, 0.014130732322383793, 0.013745247318509075, 0.01334968483356227, 0.012990142414690771, 0.012630809286120514, 0.01227052094543977, 0.011899033779539473, 0.011517008774339147]
test_rres [1.0000079051672364, 1.0009087459456931, 0.9405856837732174, 0.14374970218835842, 0.023310900419638705, 0.013619987819180994, 0.009294314846614945, 0.007673370590296402, 0.006630863071260482, 0.006062834539769878, 0.0055539668325199285, 0.005141621090294413, 0.004836475381507716, 0.004571351940216164, 0.004345325195165316, 0.004186781445668926, 0.004046961033116673, 0.0039104383352330215, 0.00379299580639303, 0.003681468802993339, 0.0035721246187636066, 0.003470973164059125, 0.00336940027785756, 0.0032759261297009156, 0.003186559183389104, 0.003094855975741897, 0.003011503296075659, 0.0029281991361570807, 0.00284467352951934, 0.002758551700455068, 0.0026699868852577365]
step_times_seconds [0.014712810516357422, 0.2849760055541992, 0.4914278984069824, 0.6875510215759277, 0.6377999782562256, 0.5281288623809814, 0.507328987121582, 0.5019097328186035, 0.4718630313873291, 0.3952219486236572, 0.41117215156555176, 0.41808605194091797, 0.3934969902038574, 0.4417998790740967, 0.37081193923950195, 0.38684678077697754, 0.36582493782043457, 0.372089147567749, 0.34859800338745117, 0.3707089424133301, 0.37615323066711426, 0.38326406478881836, 0.42671704292297363, 0.3437340259552002, 0.37079572677612305, 0.34498095512390137, 0.41144824028015137, 0.3877849578857422, 0.3497309684753418, 0.3968379497528076, 0.3307170867919922]
