date 2025-01-26T23:42:30.059438
sample_ratio 0.6
rank 16
seed 0
l2_regularization_strength 0
input_shape (100, 100, 100)
input_size 1000000
num_train_samples 600000
num_test_samples 1000000
num_iterations 10
max_num_richardson_iterations 1024
num_richardson_iterations [2, 2, 4, 4, 4, 3, 3, 2, 2, 2, 2, 2, 2, 2, 2, 2, 2, 2, 2, 2, 2, 2, 2, 2, 2, 2, 2, 2, 2, 2]
train_mses [4.315712483223459, 4.3050159556279235, 3.897842119286459, 0.2569947281326318, 0.07943311503038322, 0.04386013493511599, 0.029033329536189388, 0.025067782459461684, 0.023105710438685916, 0.022069211101566722, 0.02162818668575187, 0.02076926658696915, 0.02013273014557654, 0.019600756887336316, 0.019018485844913256, 0.018522739395986858, 0.01806642052671534, 0.017629713498786875, 0.01724422066301862, 0.01687271656607017, 0.01653227342427599, 0.016225589515250993, 0.01591599404649607, 0.015637965943920428, 0.015382602597072513, 0.015117824144214045, 0.014880557812036156, 0.014659191561185704, 0.01442809321155505, 0.014218486837480017, 0.014020673862928398]
train_rres [1.0000037523399115, 0.9975252351138164, 0.9031780408141681, 0.05954884470715573, 0.01840563137586525, 0.010162933625386235, 0.006727380146840814, 0.00580851403325617, 0.00535387777313362, 0.005113708106955384, 0.00501151731634948, 0.004812494947486449, 0.0046650016118279375, 0.004541736853933925, 0.004406817479771393, 0.004291946919913035, 0.004186212216012141, 0.004085021817370133, 0.00399569837801523, 0.003909616301787432, 0.0038307314315427195, 0.0037596689914474973, 0.0036879319070921668, 0.0036235093703934464, 0.0035643385368287275, 0.0035029861072063875, 0.0034480085748976085, 0.00339671528732287, 0.0033431669525604015, 0.003294598573317297, 0.0032487628700395405]
test_mses [4.313541718804291, 4.308199171581859, 3.908422568978742, 0.25721422322955084, 0.0795924929785839, 0.044002444900787786, 0.029186146918093517, 0.02519875603427746, 0.023234129745112724, 0.02220460833920997, 0.021756647305201687, 0.020895542491028398, 0.020264210746154306, 0.019723027963313267, 0.019139489353483013, 0.018647959402858516, 0.018181812664155635, 0.017744369638845105, 0.017362287503936043, 0.016981617360354882, 0.016640454801319735, 0.016336807546058162, 0.016019257709104884, 0.01574019953872608, 0.015487780871633956, 0.01521629838293372, 0.014977602092410329, 0.014759199136976866, 0.014522478497207279, 0.014311068309328044, 0.014116257939585911]
test_rres [1.0000079051672364, 0.9987693430286414, 0.9060891769458068, 0.05962994525582127, 0.018451918947155744, 0.010201081991545237, 0.006766221249752124, 0.005841824857009424, 0.005386365759141071, 0.005147691924145213, 0.005043841166596647, 0.004844211331652208, 0.0046978497622474445, 0.004572387416856831, 0.004437105724725125, 0.004323154389999837, 0.004215087642519759, 0.004113675273777893, 0.004025097214206431, 0.003936846496430174, 0.0038577548176607374, 0.003787360307664419, 0.003713742763674171, 0.0036490487385384485, 0.0035905305465377757, 0.0035275927908575166, 0.0034722558559168123, 0.003421623522631789, 0.0033667446025893856, 0.003317733401842096, 0.0032725705351190435]
step_times_seconds [0.021934986114501953, 0.0838918685913086, 0.09856605529785156, 0.17629313468933105, 0.15375304222106934, 0.14599609375, 0.12322378158569336, 0.11046910285949707, 0.08995890617370605, 0.07727313041687012, 0.08606886863708496, 0.08198189735412598, 0.07889699935913086, 0.07698202133178711, 0.07724475860595703, 0.08235526084899902, 0.07303500175476074, 0.07475686073303223, 0.07351303100585938, 0.07643508911132812, 0.08056998252868652, 0.06915688514709473, 0.0768592357635498, 0.07410407066345215, 0.07396602630615234, 0.07760310173034668, 0.07915210723876953, 0.07493805885314941, 0.07731199264526367, 0.07974696159362793, 0.0705118179321289]
