date 2025-01-26T23:42:30.059438
sample_ratio 0.6
rank 16
seed 0
l2_regularization_strength 0
input_shape (100, 100, 100)
input_size 1000000
num_train_samples 600000
num_test_samples 1000000
num_iterations 10
max_num_richardson_iterations 1024
num_richardson_iterations [2, 4, 4, 4, 4, 4, 4, 4, 4, 4, 4, 4, 4, 4, 3, 3, 3, 3, 3, 3, 3, 3, 3, 3, 3, 3, 3, 3, 3, 3]
train_mses [4.315712483223459, 4.3050159556279235, 3.8206901323582465, 0.23996312514863674, 0.0729853509143693, 0.04301958577585803, 0.030090138493222004, 0.026537246948640993, 0.02412520477295656, 0.022414435930673823, 0.02070498230052188, 0.019334933997064863, 0.01800640700229733, 0.01662531725871266, 0.015557481313689123, 0.01476601382354699, 0.013952931801436938, 0.013327456176309017, 0.012774024885227957, 0.012182001925120525, 0.011692413428230174, 0.011234122869547574, 0.01076080911716307, 0.010342695244797749, 0.009940741755474247, 0.009532232512207077, 0.009154774803428335, 0.008781533733144008, 0.008400806190643912, 0.00803813674625952, 0.0076690955736879295]
train_rres [1.0000037523399115, 0.9975252351138164, 0.885300974923285, 0.05560241246483974, 0.01691160499313444, 0.009968168029542767, 0.006972255802169386, 0.006149007059337462, 0.005590107170648639, 0.005193700953061329, 0.004797599486328261, 0.0044801424152954294, 0.004172306343032316, 0.003852290834290344, 0.0036048600899907628, 0.0034214673215721345, 0.003233066199803505, 0.0030881357915438024, 0.002959898943075617, 0.0028227199294410888, 0.0027092762429360216, 0.0026030846743071837, 0.0024934120466104798, 0.0023965299111818475, 0.0023033923356014195, 0.002208735711064748, 0.0021212741096268235, 0.0020347895552774308, 0.001946570293081614, 0.0018625353146966457, 0.001777023928390422]
test_mses [4.313541718804291, 4.308199171581859, 3.8350177319964467, 0.24020395511459472, 0.07317307218302771, 0.0431854443376445, 0.03024375146058184, 0.02667290197384811, 0.02426387122186898, 0.022547330821647296, 0.02082896659486411, 0.019455795655789684, 0.01812531760040794, 0.016721915999893176, 0.015650646175627354, 0.01486015941045236, 0.01402767029240704, 0.013399930248994467, 0.012851395897024847, 0.012246223082100695, 0.011752288695237166, 0.011299803628957284, 0.010818144301859414, 0.010394718456781984, 0.009998195470107834, 0.009584395377353007, 0.009202085771552076, 0.008833157066446442, 0.008448718268094887, 0.00808233236296284, 0.007715747105681615]
test_rres [1.0000079051672364, 0.9987693430286414, 0.8890717416119125, 0.055686456658083645, 0.016963705325813837, 0.010011676840296151, 0.007011405595232912, 0.006183575949044641, 0.005625090613138839, 0.005227145239786466, 0.004828777048921696, 0.004510434980214178, 0.004201990398066474, 0.0038766399584216848, 0.00362828759216014, 0.0034450291317958816, 0.0032520332705568743, 0.003106504364909334, 0.002979337706051225, 0.002839040558517385, 0.0027245318036016263, 0.002619632240146046, 0.0025079692109940023, 0.002409806443613391, 0.0023178805629557233, 0.0022219493326838926, 0.0021333185385604323, 0.0020477898371825272, 0.001958665432582793, 0.0018737262282448172, 0.0017887408081198883]
step_times_seconds [0.02153491973876953, 0.07671213150024414, 0.17905092239379883, 0.16283392906188965, 0.1543118953704834, 0.15429186820983887, 0.1700291633605957, 0.1412649154663086, 0.17340707778930664, 0.15935397148132324, 0.17141079902648926, 0.14473295211791992, 0.15674901008605957, 0.16977190971374512, 0.15413188934326172, 0.11604094505310059, 0.10350775718688965, 0.10921216011047363, 0.09566593170166016, 0.11490201950073242, 0.1352250576019287, 0.11266303062438965, 0.0978996753692627, 0.10516023635864258, 0.1099851131439209, 0.12995624542236328, 0.10995197296142578, 0.10410809516906738, 0.10641884803771973, 0.10774993896484375, 0.11336493492126465]
