date 2025-01-26T23:42:30.059438
sample_ratio 0.4
rank 16
seed 0
l2_regularization_strength 0
input_shape (100, 100, 100)
input_size 1000000
num_train_samples 400000
num_test_samples 1000000
num_iterations 10
max_num_richardson_iterations 1024
num_richardson_iterations [4, 4, 6, 6, 6, 6, 5, 4, 4, 4, 4, 4, 4, 4, 4, 4, 4, 4, 4, 4, 4, 4, 4, 4, 4, 4, 4, 4, 4, 4]
train_mses [4.315993885738515, 4.298262900384471, 3.9366298318040442, 0.43846520193190297, 0.08666173636610591, 0.05222032819499628, 0.036109232982354536, 0.029910792635227532, 0.025832049097134532, 0.023497664222813023, 0.021391219131248508, 0.01973965832866842, 0.01842959183282086, 0.016927572258721556, 0.015646033524496932, 0.014639565040180299, 0.0134647595505334, 0.012547341914148951, 0.011757172235557216, 0.01084318864917275, 0.010114423152389149, 0.009439148293014813, 0.00872080019446005, 0.008122795440316114, 0.0075591578084374805, 0.007003812462914068, 0.0065216588615499265, 0.006067528921575129, 0.00564606192134427, 0.005268001979050564, 0.004917774767868755]
train_rres [0.9999999404158451, 0.9958917361952258, 0.9121026816676504, 0.10159077779400008, 0.02007920620295568, 0.012099258355310824, 0.008366376734251956, 0.006930220858711934, 0.005985190952960203, 0.005444322546509781, 0.004956266951015505, 0.00457360637551503, 0.004270068777346215, 0.0039220563555571325, 0.0036251285350382355, 0.0033919334817104803, 0.003119735362169798, 0.002907173063425041, 0.002724093649406146, 0.002512327007440866, 0.0023434747169478673, 0.0021870160107921458, 0.002020577393229164, 0.0018820218868165308, 0.001751429116479852, 0.001622757638452815, 0.0015110444188793065, 0.0014058241787820148, 0.0013081718219260957, 0.0012205767210580057, 0.0011394303618217046]
test_mses [4.313541718804291, 4.31495618323917, 3.966955306367906, 0.4398595142308568, 0.08690432591660685, 0.052593124435937035, 0.03652549251621905, 0.030289331880709102, 0.026166760671326426, 0.023843636797850492, 0.021706324550498264, 0.0200228551287017, 0.018708181597544494, 0.017185702581212176, 0.01587374293039544, 0.014855660748121764, 0.013661608349274117, 0.012723627835338066, 0.011922327688394813, 0.010993565082811959, 0.010252233133958202, 0.00956535425700521, 0.00883526240689801, 0.008228754738330703, 0.0076548931774328925, 0.0070901540753269664, 0.006602166682097372, 0.006140317656453793, 0.0057111376264973816, 0.005329240566800588, 0.004973912349400685]
test_rres [1.0000079051672364, 1.0003358203025627, 0.91965881505666, 0.10197258310412421, 0.02014702037793824, 0.012192658289151788, 0.008467700937518856, 0.0070219724990487255, 0.006066237266206162, 0.005527667712553476, 0.005032174847874414, 0.004641896315835425, 0.004337115694811141, 0.003984159550873442, 0.00368000808843184, 0.0034439862073995177, 0.003167169170293744, 0.002949717250276407, 0.0027639519247987985, 0.002548636991467395, 0.002376774086797891, 0.0022175350318350035, 0.0020482779180292844, 0.0019076713115212614, 0.0017746330485857876, 0.001643709644274882, 0.0015305795802432265, 0.0014235091711119132, 0.0013240124116797839, 0.0012354772580745511, 0.0011531015562748286]
step_times_seconds [0.017313003540039062, 0.1721029281616211, 0.1747269630432129, 0.22736287117004395, 0.20574402809143066, 0.2246720790863037, 0.22496271133422852, 0.1659078598022461, 0.1620340347290039, 0.13626599311828613, 0.15778589248657227, 0.15178394317626953, 0.15759897232055664, 0.1289200782775879, 0.16266083717346191, 0.1458580493927002, 0.14426803588867188, 0.12944722175598145, 0.1515040397644043, 0.13277125358581543, 0.17353510856628418, 0.14374303817749023, 0.14541840553283691, 0.16312408447265625, 0.17040491104125977, 0.1559772491455078, 0.13649368286132812, 0.12610983848571777, 0.16013312339782715, 0.1635880470275879, 0.16144418716430664]
