date 2025-01-26T23:42:30.059438
sample_ratio 0.9
rank 16
seed 0
l2_regularization_strength 0
input_shape (100, 100, 100)
input_size 1000000
num_train_samples 900000
num_test_samples 1000000
num_iterations 10
max_num_richardson_iterations 1024
num_richardson_iterations [3, 4, 5, 4, 4, 4, 4, 4, 4, 4, 4, 4, 4, 4, 4, 4, 4, 4, 4, 4, 4, 4, 4, 4, 4, 4, 4, 4, 4, 4]
train_mses [4.31329169148168, 4.304104786828982, 3.5381082756194333, 0.10585065840949312, 0.0612226044856636, 0.03614792618207553, 0.03220732189905627, 0.02787461450706461, 0.025308011680901774, 0.02295713231345521, 0.021189980140888905, 0.01998291500489813, 0.018776457563108733, 0.017743932633090025, 0.0169596207486181, 0.016180294201278103, 0.015324665871964972, 0.01466905843815261, 0.013951666569510454, 0.01316778820069803, 0.012604196606643898, 0.01203658007694159, 0.011509069909324142, 0.011059368874270573, 0.010682246994950916, 0.010321117114167257, 0.009995849952310853, 0.009719067689762613, 0.009449806467826076, 0.009196026318002565, 0.008965908137518675]
train_rres [1.0000081612099474, 0.9978782381057207, 0.8202870113911735, 0.02454077531737203, 0.014194056074877068, 0.008380657692193502, 0.007467054642601355, 0.006462545079595667, 0.005867495183522982, 0.005322459345091411, 0.004912756797462609, 0.004632906726231251, 0.004353197544882694, 0.004113813466428045, 0.003931975941515267, 0.003751294234055817, 0.003552922462917464, 0.0034009242139566897, 0.0032346016522703104, 0.0030528646350969856, 0.002922199650218615, 0.0027906015106212, 0.0026683017659087185, 0.0025640415541437105, 0.0024766083397763, 0.0023928827645378716, 0.002317471723575264, 0.002253301585957858, 0.002190875151880685, 0.0021320379020193345, 0.0020786865233075403]
test_mses [4.313541718804291, 4.306054427431105, 3.5401914125586895, 0.10590724923377404, 0.06122696936070173, 0.0361592505449934, 0.03222728130129993, 0.027892078461364236, 0.025320715221183513, 0.022965819636332863, 0.021196631485266453, 0.01999089436322917, 0.018780810577386918, 0.017747917447088948, 0.016967087576526322, 0.01618537571967593, 0.015329758729989165, 0.014678249902580093, 0.013959505482008713, 0.013176187073048634, 0.012615646264942583, 0.012047178903139031, 0.011519636369025987, 0.011071929890541819, 0.01069398913865935, 0.010332572003987376, 0.01000853310907977, 0.009731134498884565, 0.009461693057952456, 0.009208428764510088, 0.008978026382406348]
test_rres [1.0000079051672364, 0.9982721272266093, 0.820722188203433, 0.024552466013391984, 0.014194241614314582, 0.008382795101362667, 0.007471247101391576, 0.006466217500880172, 0.005870098641978781, 0.005324163455950987, 0.004914012760275081, 0.004634486855069485, 0.004353953263269105, 0.004114497761775261, 0.003933478058233415, 0.003752253883906884, 0.003553896290713295, 0.003402857070469957, 0.0032362306300131663, 0.0030546340088866554, 0.0029246838946148353, 0.0027928961682657564, 0.0026705960402467702, 0.0025668042962775344, 0.0024791863330804417, 0.0023953990382551004, 0.0023202771366686043, 0.002255967847188843, 0.0021935032673895665, 0.0021347890339245505, 0.002081374874866186]
step_times_seconds [0.017064332962036133, 0.11864519119262695, 0.20900416374206543, 0.22928309440612793, 0.15673494338989258, 0.15617704391479492, 0.15605497360229492, 0.17478299140930176, 0.15548396110534668, 0.15271401405334473, 0.19080710411071777, 0.16823601722717285, 0.15062284469604492, 0.17130804061889648, 0.15807723999023438, 0.16150712966918945, 0.15541982650756836, 0.15342473983764648, 0.16450810432434082, 0.16190481185913086, 0.1569678783416748, 0.16724109649658203, 0.16048479080200195, 0.1571030616760254, 0.14957690238952637, 0.17693281173706055, 0.16056203842163086, 0.15180683135986328, 0.16474604606628418, 0.15435791015625, 0.16237282752990723]
