date 2025-01-26T23:42:30.059438
sample_ratio 0.8
rank 16
seed 0
l2_regularization_strength 0
input_shape (100, 100, 100)
input_size 1000000
num_train_samples 800000
num_test_samples 1000000
num_iterations 10
max_num_richardson_iterations 1024
num_richardson_iterations [3, 4, 5, 4, 4, 4, 4, 4, 4, 4, 4, 4, 4, 4, 4, 4, 4, 4, 4, 4, 4, 4, 4, 4, 4, 4, 4, 4, 4, 4]
train_mses [4.313941005736653, 4.303938397513641, 3.669722098107085, 0.13966750834922823, 0.06532709962861137, 0.03721248261835483, 0.030643720980395764, 0.027495676767428007, 0.02516487002404564, 0.02312115685192493, 0.02151538711292579, 0.020059622404669113, 0.018657905175658816, 0.017468085448746937, 0.016394957089061787, 0.015400527968900983, 0.014560430644070846, 0.013759674395264163, 0.01306005993995717, 0.012378076735759852, 0.011774227875972631, 0.011239603781494398, 0.010661734539536156, 0.010176588782371878, 0.009743761737503633, 0.009255053789214119, 0.008853156056766157, 0.008483238987210243, 0.008067906715817611, 0.007717440333992071, 0.007382654365356203]
train_rres [1.000006144108762, 0.9976874592526587, 0.8506710315228644, 0.032376049254234096, 0.015143345937866206, 0.008626152097678226, 0.007103460436292534, 0.006373718524961917, 0.005833418817336572, 0.00535966970342913, 0.0049874393917749595, 0.004649981450023438, 0.004325052147687268, 0.004049242386795438, 0.003800482621264231, 0.0035699659710089126, 0.003375224669409677, 0.0031896029449411875, 0.003027426699859498, 0.0028693375202741966, 0.0027293605087440683, 0.0026054303533349257, 0.0024714756257015937, 0.0023590149459409232, 0.002258682163543318, 0.0021453957392935617, 0.0020522326197198594, 0.001966482874446406, 0.0018702055209343926, 0.0017889646011668165, 0.0017113585270104774]
test_mses [4.313541718804291, 4.307042659326946, 3.674876334757886, 0.1397630744248077, 0.06542313197374228, 0.03726707547764488, 0.03070291880746954, 0.027541714859078373, 0.025224153616345068, 0.023181260525258162, 0.02156560735168772, 0.020113163740114553, 0.018711517929302854, 0.017512263351339208, 0.01644102698790738, 0.015444549634190582, 0.014597179454406037, 0.013797764898019163, 0.013097010494738093, 0.012409628454651038, 0.01180733747790275, 0.011272148781375339, 0.010689222884045748, 0.01020606074649616, 0.009772791022769149, 0.009279339835757185, 0.008879641536565314, 0.008509157183161423, 0.008089803572039074, 0.007741264593676594, 0.007405634119951126]
test_rres [1.0000079051672364, 0.9985012289190007, 0.8519461789947786, 0.032401258266728204, 0.015167037534223046, 0.008639622034405506, 0.007117854311071377, 0.006384992745259667, 0.005847712775684008, 0.005374109093681198, 0.004999552395055635, 0.004662832551347844, 0.004337889156237994, 0.004059866098516397, 0.003811521489476339, 0.003580508253486784, 0.0033840625173313867, 0.003198734328106354, 0.0030362785113915297, 0.0028769228081742715, 0.0027372937568697344, 0.0026132210198540106, 0.002478081372794359, 0.0023660699472595613, 0.0022656250745676293, 0.002151228339820641, 0.0020585663268090767, 0.0019726769796562316, 0.0018754582778283003, 0.0017946565245725073, 0.0017168473485357147]
step_times_seconds [0.01594996452331543, 0.1365070343017578, 0.18304681777954102, 0.21331381797790527, 0.17555594444274902, 0.1526200771331787, 0.15267038345336914, 0.165557861328125, 0.16240787506103516, 0.16522216796875, 0.14716172218322754, 0.14833426475524902, 0.15457701683044434, 0.17488694190979004, 0.15758490562438965, 0.1650829315185547, 0.15015411376953125, 0.16685175895690918, 0.1425008773803711, 0.16190719604492188, 0.1628427505493164, 0.1623549461364746, 0.16201424598693848, 0.15677785873413086, 0.15417170524597168, 0.15257024765014648, 0.1608283519744873, 0.15387701988220215, 0.19240093231201172, 0.15941309928894043, 0.15168094635009766]
