date 2025-01-26T23:42:30.059438
sample_ratio 0.5
rank 16
seed 0
l2_regularization_strength 0
input_shape (100, 100, 100)
input_size 1000000
num_train_samples 500000
num_test_samples 1000000
num_iterations 10
max_num_richardson_iterations 1024
num_richardson_iterations [3, 6, 9, 8, 7, 7, 6, 6, 5, 5, 5, 5, 5, 5, 5, 5, 5, 5, 5, 5, 5, 5, 5, 5, 5, 5, 5, 5, 5, 5]
train_mses [4.315148045733087, 4.301229987824491, 3.877762845212869, 0.32637001021116646, 0.07842658255332319, 0.044899615529367096, 0.029386380622536564, 0.024220181057725026, 0.021749204776743296, 0.020254211488840452, 0.018738840722122584, 0.017695622078080106, 0.01685170762025309, 0.01588039057744691, 0.015144107880901321, 0.014523231562502808, 0.013796821323637909, 0.013210435643402943, 0.012698721148140118, 0.012122682185960871, 0.011627235397008617, 0.011191447924461256, 0.01072419020740529, 0.010298858891503393, 0.009917653798665268, 0.009524191231184044, 0.009138495097405492, 0.008773603239182113, 0.008392231550897682, 0.007975791010308979, 0.007532912144717875]
train_rres [1.0000006866070115, 0.9967752891658751, 0.8986402011273859, 0.07563361229792007, 0.018174726700075708, 0.010405123041411217, 0.006810056222402255, 0.005612831224045863, 0.005040202440193423, 0.004693749827552705, 0.00434257489887778, 0.00410081740892207, 0.003905247053439347, 0.003680152178495316, 0.0035095246138604234, 0.0033656415447011895, 0.00319730184234925, 0.003061411699847345, 0.002942826001005429, 0.0028093336267956412, 0.002694517837423269, 0.002593527612489269, 0.0024852444127180756, 0.0023866773175849347, 0.0022983361180394964, 0.00220715434780465, 0.0021177723858157426, 0.0020332116465564026, 0.0019448318398626284, 0.0018483251100572667, 0.001745691512094674]
test_mses [4.313541718804291, 4.3096128321148655, 3.899062086743732, 0.3264865197031238, 0.07848282031249132, 0.04514063261877502, 0.02963776602927618, 0.024471406999300775, 0.02198403736815495, 0.02049346727840787, 0.01896103658790263, 0.01791522067475415, 0.017074931949417126, 0.016083934913144502, 0.01534602059419885, 0.01472573346240541, 0.013980934690056884, 0.013391179846761391, 0.012878310421019069, 0.012287193519332246, 0.011786321296226908, 0.0113486264564863, 0.010869676342245485, 0.010437211470622756, 0.010053606511611397, 0.009651179703398904, 0.009257133539682707, 0.008889078130755967, 0.008500677051790544, 0.008074987873753096, 0.00762730538718927]
test_rres [1.0000079051672364, 0.9990970717954843, 0.9039191373724368, 0.0756893341752969, 0.018194663654271227, 0.010464947925793578, 0.006870920058932172, 0.005673203609735602, 0.005096556980035626, 0.0047509982790602924, 0.0043957350395868785, 0.00415328365075736, 0.003958479607412474, 0.0037287368728169614, 0.00355766627691548, 0.0034138651789539435, 0.003241198560972597, 0.0031044757601161265, 0.0029855772972068417, 0.002848538730502393, 0.002732421577769054, 0.002630950830915389, 0.002519915878283858, 0.002419657594367285, 0.002330726498650643, 0.0022374319356910743, 0.0021460802566290135, 0.0020607540114088037, 0.001970711031727464, 0.0018720235561141315, 0.0017682373741891655]
step_times_seconds [0.024022817611694336, 0.13576793670654297, 0.26036787033081055, 0.34905219078063965, 0.3191201686859131, 0.29906415939331055, 0.30281591415405273, 0.22881579399108887, 0.22187018394470215, 0.17945528030395508, 0.19966483116149902, 0.20911693572998047, 0.1817150115966797, 0.19483613967895508, 0.20479488372802734, 0.19252991676330566, 0.19232702255249023, 0.20528602600097656, 0.3001899719238281, 0.20663905143737793, 0.17481398582458496, 0.19053888320922852, 0.18146681785583496, 0.17594194412231445, 0.1826629638671875, 0.19059514999389648, 0.2516810894012451, 0.2027299404144287, 0.20946192741394043, 0.1907668113708496, 0.2012190818786621]
