date 2025-01-26T23:42:30.059438
sample_ratio 0.5
rank 16
seed 0
l2_regularization_strength 0
input_shape (100, 100, 100)
input_size 1000000
num_train_samples 500000
num_test_samples 1000000
num_iterations 10
max_num_richardson_iterations 1024
num_richardson_iterations [2, 2, 4, 4, 4, 4, 3, 2, 2, 2, 2, 2, 2, 2, 2, 2, 2, 2, 2, 2, 2, 2, 2, 2, 2, 2, 2, 2, 2, 2]
train_mses [4.315148045733087, 4.3039980035243905, 3.9841613454859255, 0.3602607167867101, 0.08989178130080576, 0.04909677125144089, 0.030124093587635285, 0.024071499030606933, 0.021798077288383948, 0.020894662245533116, 0.020609676399693796, 0.019654255973947092, 0.019122599871616075, 0.01873500663457873, 0.018139715903564394, 0.017735060891158554, 0.01736466067244418, 0.01691814167002958, 0.01658661055078798, 0.01626040076121991, 0.01589833260305924, 0.015618202708803992, 0.015334741106240888, 0.015029188483788368, 0.014786006443118371, 0.014537055811435981, 0.01427142953381271, 0.014053572140355925, 0.0138299031909102, 0.013591894057793999, 0.013389446494193488]
train_rres [1.0000006866070115, 0.9974167544345293, 0.9232971937031613, 0.08348750965809346, 0.020831693853475105, 0.011377779960568506, 0.006981015240215579, 0.0055783753658392755, 0.005051528249801552, 0.004842169114595229, 0.004776125947943183, 0.004554714985533722, 0.004431507980412417, 0.004341686380074778, 0.004203732564021176, 0.004109957035127112, 0.004024119777839955, 0.003920642607586387, 0.003843812949980313, 0.0037682164675216035, 0.003684310097931983, 0.003619392258816035, 0.003553702323225037, 0.003482892972303872, 0.003426537499661177, 0.003368845202670392, 0.0033072884594975145, 0.0032568017691846246, 0.0032049682977375524, 0.00314981160461545, 0.0031028960178367732]
test_mses [4.313541718804291, 4.309061474008049, 3.998199008395102, 0.36034634463003445, 0.08998310684377969, 0.049397862271278035, 0.030419434846291667, 0.024320885111775978, 0.022036482240006365, 0.02114022711450559, 0.02085200042654728, 0.019885236638807487, 0.019357558459466392, 0.018967198311097562, 0.0183620588294357, 0.017960384109502032, 0.017587539773111203, 0.017132331377605777, 0.016803079968387962, 0.0164746658720935, 0.01610486466388893, 0.015826335381013856, 0.015540870152054641, 0.015228412293499282, 0.01498615534420753, 0.01473534260698584, 0.014463510409327732, 0.014245931769236551, 0.0140204609554635, 0.013776811377511753, 0.013574034656724701]
test_rres [1.0000079051672364, 0.9989692505058488, 0.9269020390824487, 0.08353905368696428, 0.020860773823750376, 0.011451901010785531, 0.00705213425533848, 0.005638308137003924, 0.005108715268944313, 0.004900936541167021, 0.004834116979603031, 0.004609992236366005, 0.004487660661728628, 0.004397163511201637, 0.004256874091314349, 0.004163753884898252, 0.004077317423147509, 0.003971786510575252, 0.003895456192365988, 0.0038193199883202198, 0.0037335890146442596, 0.0036690176014407164, 0.0036028382286146386, 0.0035304011574197876, 0.003474238755346021, 0.003416092865891671, 0.003353074037221934, 0.003302632804872608, 0.0032503619307612894, 0.0031938766757375016, 0.003146866970722489]
step_times_seconds [0.021161317825317383, 0.07662487030029297, 0.08857583999633789, 0.16296625137329102, 0.1512000560760498, 0.15520596504211426, 0.1395401954650879, 0.10601091384887695, 0.07360315322875977, 0.0677947998046875, 0.07422995567321777, 0.06434369087219238, 0.06696486473083496, 0.07668709754943848, 0.07692122459411621, 0.07805705070495605, 0.08903121948242188, 0.06927704811096191, 0.07228684425354004, 0.08014106750488281, 0.07032275199890137, 0.06981492042541504, 0.06604290008544922, 0.07366275787353516, 0.07642126083374023, 0.08315873146057129, 0.08272719383239746, 0.07331609725952148, 0.07146811485290527, 0.07936310768127441, 0.06438016891479492]
