date 2025-01-26T23:42:30.059438
sample_ratio 0.7
rank 16
seed 0
l2_regularization_strength 0
input_shape (100, 100, 100)
input_size 1000000
num_train_samples 700000
num_test_samples 1000000
num_iterations 10
max_num_richardson_iterations 1024
num_richardson_iterations [4, 6, 8, 7, 6, 6, 5, 5, 5, 5, 5, 5, 5, 5, 5, 5, 5, 5, 5, 5, 5, 5, 5, 5, 5, 5, 5, 5, 5, 5]
train_mses [4.315757786526374, 4.304495754651925, 3.7457538190215813, 0.1808501545138568, 0.0696825680465968, 0.040964480893705364, 0.032696583733211826, 0.0286882406698761, 0.026260980399779366, 0.024285458002557325, 0.02219306000373176, 0.020518353389729228, 0.01912287010308175, 0.017706236575530585, 0.016809073487866373, 0.016059666317042882, 0.015235896024170605, 0.014607533505438334, 0.014048848525895509, 0.013375857561235245, 0.012825768525995276, 0.01234206634592316, 0.011751232299964868, 0.011269150417902428, 0.010843064221564403, 0.010322150755135913, 0.0099130418813892, 0.009539208962278868, 0.00909982004976353, 0.008769187815207547, 0.00846127886208996]
train_rres [1.000004789926255, 0.9973952630770165, 0.8679290975504454, 0.04190481248446563, 0.016146156774253247, 0.009491885118863258, 0.007576129607994832, 0.0066473559229846685, 0.006084935134665111, 0.005627186586774827, 0.0051423567782554296, 0.004754310294054647, 0.0044309626828272115, 0.0041027143465688625, 0.0038948325725244154, 0.0037211873409110463, 0.0035303114207556052, 0.0033847134609942564, 0.0032552604927700247, 0.0030993216700820566, 0.002971860469214101, 0.002859781775066808, 0.0027228795425424594, 0.0026111762878546843, 0.0025124478006838535, 0.002391746874605041, 0.00229695220502806, 0.002210331331421681, 0.002108520470180212, 0.00203190963272955, 0.001960564009733734]
test_mses [4.313541718804291, 4.308055332690682, 3.753893848013656, 0.1808041914497493, 0.06982300447478465, 0.04111018670090013, 0.03281258711169277, 0.028818932895725374, 0.026384792284958145, 0.024403905696050256, 0.022311081205218356, 0.020631388264841222, 0.019227992310745366, 0.017804806947855228, 0.016902518564330813, 0.016147995391481443, 0.015317736329872619, 0.014685052116566366, 0.014122478443557393, 0.013443285211712818, 0.012889570221588707, 0.012403430679145101, 0.011807618486173383, 0.011322184997729948, 0.010894412411477422, 0.010369907935306887, 0.009957876241903503, 0.009582007156345803, 0.009140286289909042, 0.008807364254583373, 0.008497050590947318]
test_rres [1.0000079051672364, 0.9987359968742224, 0.8702648004556441, 0.041915815940511844, 0.01618705949519992, 0.009530570089211265, 0.007606938483436539, 0.006681090063085824, 0.006116783511361877, 0.005657554789981444, 0.005172375517033638, 0.0047829724862693155, 0.004457623355633204, 0.004127686448519449, 0.003918509031194018, 0.0037435880065075132, 0.003551109139008417, 0.003404434026994861, 0.0032740126338748035, 0.0031165553411773004, 0.0029881876555421186, 0.002875485978556195, 0.0027373589029863993, 0.0026248209104221577, 0.002525650438510056, 0.002404054623131799, 0.002308533360688314, 0.002221395671668843, 0.0021189915714862843, 0.0020418102924276644, 0.001969870309706579]
step_times_seconds [0.026050090789794922, 0.1747589111328125, 0.2749061584472656, 0.3261229991912842, 0.27271175384521484, 0.2521507740020752, 0.23260712623596191, 0.20019316673278809, 0.1910700798034668, 0.1886899471282959, 0.21581506729125977, 0.207841157913208, 0.2088758945465088, 0.1900789737701416, 0.21704506874084473, 0.2195878028869629, 0.200239896774292, 0.19245171546936035, 0.1917569637298584, 0.17887377738952637, 0.21570825576782227, 0.19066596031188965, 0.18125581741333008, 0.20516610145568848, 0.18277502059936523, 0.199005126953125, 0.203200101852417, 0.19509005546569824, 0.18745803833007812, 0.20635294914245605, 0.17907404899597168]
