date 2025-01-26T23:42:30.059438
sample_ratio 0.8
rank 16
seed 0
l2_regularization_strength 0
input_shape (100, 100, 100)
input_size 1000000
num_train_samples 800000
num_test_samples 1000000
num_iterations 10
max_num_richardson_iterations 1024
num_richardson_iterations [3, 4, 6, 4, 4, 4, 4, 4, 4, 4, 4, 4, 4, 4, 4, 4, 4, 4, 4, 4, 4, 4, 4, 4, 4, 4, 4, 4, 4, 4]
train_mses [4.313941005736653, 4.303938397513641, 3.669722098107085, 0.13966682452749582, 0.06532091793933718, 0.037210206836766443, 0.030638125182856215, 0.027490035285223858, 0.025158663449885016, 0.023113581021070934, 0.021506281873717597, 0.020048974769809, 0.0186450588094252, 0.017454417459967068, 0.016380771108664493, 0.015387049783129866, 0.014547052308420159, 0.013747426997711261, 0.013048920915662027, 0.012367459844985997, 0.01176468500255948, 0.01123095305095628, 0.010653782210032423, 0.010169591620488284, 0.009737436648696553, 0.009249443069126721, 0.00884827445573575, 0.008478808275218994, 0.008063977795687143, 0.007713978127264666, 0.007379481264968904]
train_rres [1.000006144108762, 0.9976874592526587, 0.8506710315228644, 0.032375890738868915, 0.015141912972684959, 0.0086256245532431, 0.007102163285517107, 0.006372410784114621, 0.005831980083638954, 0.00535791356504183, 0.004985328724257795, 0.004647513242816576, 0.004322074256903411, 0.004046074037311914, 0.0037971941971669536, 0.003566841619385969, 0.0033721234638459372, 0.003186763899904188, 0.0030248445846382402, 0.0028668764397932465, 0.0027271483941062207, 0.0026034250445748745, 0.002469632211905917, 0.002357392947664727, 0.0022572159571995817, 0.0021440951293517914, 0.0020511010254266123, 0.0019654557998507794, 0.0018692947657189282, 0.001788162033863514, 0.0017106229768768632]
test_mses [4.313541718804291, 4.307042659326946, 3.674876334757886, 0.13976281257676795, 0.06541705665095805, 0.03726503991524569, 0.03069735930673966, 0.027536122936109454, 0.025218042724320083, 0.02317378968572826, 0.02155662989934527, 0.02010261923595716, 0.01869872594867158, 0.017498645874160855, 0.016426868633723793, 0.01543109389131914, 0.014583814591306652, 0.013785523527388974, 0.01308589313145835, 0.012399017894383722, 0.011797794555568841, 0.01126350655597682, 0.01068126925980384, 0.010199055202469392, 0.009766462270604416, 0.009273722432786713, 0.008874747287356726, 0.008504716920891157, 0.008085864321517935, 0.007737789780591736, 0.00740245057423634]
test_rres [1.0000079051672364, 0.9985012289190007, 0.8519461789947786, 0.032401197562525776, 0.015165629092806054, 0.008639150130197002, 0.007116565452624865, 0.006383696370369022, 0.005846296088253823, 0.005372377129769601, 0.004997471153260389, 0.004660388020101629, 0.004334923592766508, 0.004056709160270634, 0.0038082391597735747, 0.0035773888100877134, 0.003380964142579938, 0.003195896412491233, 0.0030337011742776, 0.0028744629631473153, 0.0027350814222281794, 0.0026112174936845332, 0.0024762374849557492, 0.0023644458527535953, 0.00226415788064506, 0.002149926057904022, 0.002057431693550029, 0.0019716475941394707, 0.001874545041810575, 0.0017938509590348687, 0.001716109307480642]
step_times_seconds [0.022795915603637695, 0.14432406425476074, 0.18140697479248047, 0.3047909736633301, 0.1586933135986328, 0.17419695854187012, 0.16332387924194336, 0.1431422233581543, 0.15248823165893555, 0.1612110137939453, 0.17308783531188965, 0.1920928955078125, 0.17705702781677246, 0.1465928554534912, 0.16808581352233887, 0.16720890998840332, 0.16352105140686035, 0.16356396675109863, 0.15938520431518555, 0.16920876502990723, 0.17776894569396973, 0.17009615898132324, 0.14916205406188965, 0.17148208618164062, 0.16466999053955078, 0.14719104766845703, 0.1398029327392578, 0.15717720985412598, 0.17945289611816406, 0.15357184410095215, 0.16493701934814453]
