date 2025-01-26T23:42:30.059438
sample_ratio 0.1
rank 16
seed 0
l2_regularization_strength 0
input_shape (100, 100, 100)
input_size 1000000
num_train_samples 100000
num_test_samples 1000000
num_iterations 10
max_num_richardson_iterations 1024
num_richardson_iterations [2, 4, 4, 6, 6, 4, 4, 4, 4, 4, 4, 4, 4, 4, 4, 2, 2, 2, 2, 2, 2, 2, 2, 2, 2, 2, 2, 2, 2, 2]
train_mses [4.329567173196105, 4.316602724330779, 4.076143584389987, 1.7316288624796425, 0.23528744442786928, 0.08593495040791103, 0.06338431638153917, 0.04683007521380143, 0.03902644686054127, 0.034219484306186994, 0.03085374890098931, 0.02828594503915438, 0.02619203105321543, 0.024296085470090753, 0.022374208987345406, 0.020708346905394297, 0.020527781668247952, 0.020416171513249794, 0.020411969691021985, 0.020257831192887765, 0.02015972333698751, 0.02015311228618317, 0.020019654842798044, 0.019931506802267854, 0.019921480676070885, 0.019804415722712986, 0.019723753535155746, 0.019710006714594018, 0.01960606928042097, 0.019531131846113985, 0.019513744386182513]
train_rres [0.9999992178307167, 0.9970048218076697, 0.9414660249159862, 0.3999539535436844, 0.05434429146864752, 0.019848377390757736, 0.014639862200701995, 0.010816332605872222, 0.009013930209204683, 0.007903667080766534, 0.007126283883328294, 0.006533198766350639, 0.006049567894168556, 0.005611661742276083, 0.0051677663359614, 0.004783002521860507, 0.004741297407078683, 0.004715518833093022, 0.0047145483390983135, 0.004678947002658479, 0.004656287051850768, 0.0046547600988393195, 0.004623935461257754, 0.0046035759269077116, 0.004601260194652323, 0.0045742217270387416, 0.004555591198572726, 0.004552416098323794, 0.004528409691050604, 0.004511101407636697, 0.004507085429679552]
test_mses [4.313541718804291, 4.312549872395805, 4.289767755050824, 1.8536236672931088, 0.24483003884724766, 0.08994537283181507, 0.06766074281299964, 0.050863648449867745, 0.042501803802463343, 0.03746433538841139, 0.033914652121550794, 0.031158887906887308, 0.02880525842637559, 0.02671347702252798, 0.024701603167442975, 0.022859241052248444, 0.022667493240161356, 0.022554284106422576, 0.022548686035689144, 0.022383560867849057, 0.022283401160188645, 0.022274347033789374, 0.022130236791221936, 0.022039753048122654, 0.02202654234273583, 0.02189922521063983, 0.021816050114349023, 0.021798593909222425, 0.021684828794068436, 0.021607268184835694, 0.02158580207616018]
test_rres [1.0000079051672364, 0.9997779655227736, 0.9944963897489467, 0.4297253721732912, 0.056758921144158175, 0.020852025951881233, 0.01568578261050007, 0.011791714060346322, 0.009853188529752251, 0.008685352777956484, 0.007862430094207774, 0.007223561577548482, 0.006677919912351188, 0.006192982458144931, 0.005726569962233804, 0.005299455354452551, 0.005255002480135907, 0.005228757219035872, 0.005227459418909652, 0.005189178469298731, 0.0051659584552200405, 0.005163859438086583, 0.005130450376304528, 0.0051094735400323875, 0.005106410903646591, 0.005076894986829514, 0.005057612513348091, 0.00505356564322169, 0.005027191489010939, 0.005009210621450481, 0.005004234135822647]
step_times_seconds [0.014857769012451172, 0.07702517509460449, 0.1729578971862793, 0.11960697174072266, 0.2016618251800537, 0.2129981517791748, 0.14182019233703613, 0.13959383964538574, 0.13428807258605957, 0.14539194107055664, 0.12723731994628906, 0.14422297477722168, 0.14164400100708008, 0.14467501640319824, 0.1342008113861084, 0.13025689125061035, 0.06225776672363281, 0.06791496276855469, 0.06526803970336914, 0.06811904907226562, 0.0731821060180664, 0.06960487365722656, 0.07282376289367676, 0.0692439079284668, 0.08309197425842285, 0.06189417839050293, 0.06944108009338379, 0.06559491157531738, 0.0602717399597168, 0.05956387519836426, 0.06202983856201172]
