date 2025-01-26T23:42:30.059438
sample_ratio 0.8
rank 16
seed 0
l2_regularization_strength 0
input_shape (100, 100, 100)
input_size 1000000
num_train_samples 800000
num_test_samples 1000000
num_iterations 10
max_num_richardson_iterations 1024
num_richardson_iterations [2, 3, 4, 3, 3, 3, 3, 2, 2, 2, 2, 2, 2, 2, 2, 2, 2, 2, 2, 2, 2, 2, 2, 2, 2, 2, 2, 2, 2, 2]
train_mses [4.313941005736653, 4.304343002927999, 3.670394927597637, 0.13873906190040428, 0.06557726197605686, 0.037478944832677205, 0.030799197968798066, 0.027520318840139633, 0.025200246168006264, 0.023517513999165143, 0.022473124859254793, 0.021277306532759593, 0.020207817618774666, 0.019276509043776847, 0.018432545546546907, 0.017661679699250466, 0.01696473539450945, 0.016315648579700897, 0.015687090245667692, 0.015121773014113325, 0.014573711393327625, 0.014050807655144324, 0.013568032996858354, 0.01310668014950857, 0.012674265473806859, 0.01224503275120674, 0.011851437528582767, 0.011486361710143509, 0.011101080635990947, 0.010760846508051335, 0.0104459887285897]
train_rres [1.000006144108762, 0.997781250034628, 0.850826998798169, 0.03216082791669951, 0.01520133557753385, 0.008687920177292864, 0.007139501249892691, 0.006379430755166835, 0.00584161929139694, 0.005451548470888991, 0.005209450687131173, 0.00493225040271772, 0.004684334289906041, 0.0044684494885560595, 0.004272811977168872, 0.004094119087638175, 0.003932561804885391, 0.003782098272350898, 0.0036363934063992974, 0.0035053483355063112, 0.0033783032536641873, 0.003257089970898989, 0.00314517893088616, 0.003038233638556398, 0.002937996446640819, 0.0028384968569890702, 0.0027472583258194446, 0.002662630821405426, 0.0025733195765717492, 0.0024944505753678255, 0.0024214640153839553]
test_mses [4.313541718804291, 4.306735764834899, 3.6755794062504976, 0.13883701022170727, 0.06567048475106387, 0.03753957791482761, 0.030866071374867226, 0.02757312450115019, 0.02525897860091364, 0.023576243594537805, 0.022525086180262208, 0.02133178705279342, 0.02026253921744782, 0.019324939089423666, 0.018482961292106994, 0.017712043988298124, 0.01700938373227368, 0.016362485802935926, 0.01573267432468727, 0.0151626703998496, 0.01461647699416625, 0.014091950256969585, 0.013605437417739907, 0.01314562150445887, 0.012711915287279853, 0.012279413587294858, 0.011887304968872393, 0.01152131228006633, 0.011132937661975588, 0.010794286458107817, 0.010478723276600339]
test_rres [1.0000079051672364, 0.9984300816024554, 0.8521091719820598, 0.032186568903749345, 0.015224381301551954, 0.008702796244630972, 0.007155677952937357, 0.006392274439147863, 0.005855786248049902, 0.005465677975457622, 0.0052219882670056705, 0.00494534586072132, 0.00469746225193013, 0.004480098516737169, 0.00428490289601987, 0.004106181221745028, 0.003943283571397031, 0.00379331329514956, 0.003647304168990395, 0.0035151602214010744, 0.003388536263864628, 0.003266935287715117, 0.003154147069376081, 0.003047547996461541, 0.0029470019315403426, 0.0028467351097085708, 0.0027558326115601677, 0.002670984566520063, 0.0025809477212604083, 0.0025024382496849143, 0.002429281271809509]
step_times_seconds [0.018361806869506836, 0.09003114700317383, 0.13749098777770996, 0.1678762435913086, 0.11815881729125977, 0.1252880096435547, 0.13080906867980957, 0.11865091323852539, 0.07498025894165039, 0.07724809646606445, 0.08896994590759277, 0.08215808868408203, 0.05631899833679199, 0.07726597785949707, 0.05873990058898926, 0.08490324020385742, 0.08447098731994629, 0.08909797668457031, 0.09167098999023438, 0.07257795333862305, 0.07111811637878418, 0.07291889190673828, 0.07560610771179199, 0.08868193626403809, 0.07799506187438965, 0.07576298713684082, 0.07000112533569336, 0.07445693016052246, 0.08315229415893555, 0.05845904350280762, 0.08269596099853516]
