date 2025-01-26T23:42:30.059438
sample_ratio 0.3
rank 16
seed 0
l2_regularization_strength 0
input_shape (100, 100, 100)
input_size 1000000
num_train_samples 300000
num_test_samples 1000000
num_iterations 10
max_num_richardson_iterations 1024
num_richardson_iterations [2, 2, 4, 4, 4, 4, 4, 2, 2, 2, 2, 2, 2, 2, 2, 2, 2, 2, 2, 2, 2, 2, 2, 2, 2, 2, 2, 2, 2, 2]
train_mses [4.3187702566143145, 4.3069222479684415, 4.153141631473374, 0.7123630410089957, 0.13051085434728493, 0.06710757704859198, 0.046256005525831145, 0.03416186804176703, 0.031173857070067517, 0.030065776843391342, 0.029844639249795187, 0.028087585925258413, 0.027289728652357594, 0.02692186221667004, 0.025793413070815892, 0.025192226833311446, 0.02479691773803404, 0.024010217558764858, 0.023534865812209056, 0.02316043605111238, 0.022572517616939805, 0.02218285546598045, 0.021842620302695206, 0.021378681774238028, 0.021050815629555335, 0.020744790258539213, 0.020362840629582126, 0.02008019867829765, 0.019803238742750962, 0.01947756070065586, 0.01922719875687952]
train_rres [0.9999939602574168, 0.9972506012957297, 0.961643315294764, 0.16494480979362247, 0.030219265749420368, 0.01553849076211562, 0.010710392867187815, 0.007910043758534824, 0.00721818178224511, 0.006961610242589858, 0.0069104067182432375, 0.006503568056312557, 0.0063188273994493355, 0.006233649399229115, 0.005972361517896796, 0.005833159251794865, 0.005741627013628964, 0.005559469737122357, 0.005449403943549381, 0.005362706231610698, 0.005226576072245039, 0.005136351361425219, 0.005057571271692184, 0.004950148163070611, 0.004874232070068572, 0.004803373120757024, 0.004714934213525345, 0.0046494896014237916, 0.0045853606373151305, 0.004509951190705929, 0.004451980885091452]
test_mses [4.313541718804291, 4.310799076183913, 4.172593662559318, 0.7211542117740137, 0.13174854720930837, 0.06811979314269485, 0.047034386536105074, 0.03490428654934327, 0.03189158745649436, 0.030752578966207547, 0.03052606683245989, 0.02874408017210245, 0.02792038684664066, 0.02754607751989337, 0.026396064768029626, 0.025774805968246745, 0.025373832572165213, 0.024569064095829516, 0.024078765367862225, 0.023699903182898156, 0.02309657946264242, 0.02269590738190249, 0.022352310311397464, 0.021874831801359306, 0.02153877135439288, 0.021230183827569367, 0.020836012189519904, 0.020547121497108828, 0.02026818259116209, 0.019931256764042237, 0.01967595520521488]
test_rres [1.0000079051672364, 0.999372078628346, 0.967331932694667, 0.16718510208788842, 0.03054325129840823, 0.01579220419825559, 0.010903976689446392, 0.008091856935428276, 0.007393423234044211, 0.007129367020243374, 0.007076854737036167, 0.006663736964350297, 0.006472780230744483, 0.006386004140439536, 0.00611939680988017, 0.005975370450234851, 0.005882412831650735, 0.005695843443749191, 0.005582177543237942, 0.005494345964310262, 0.005354477492191281, 0.005261589727509871, 0.005181933656212483, 0.005071239865422397, 0.004993331008736152, 0.004921791196123638, 0.004830410428360612, 0.004763436930716918, 0.004698770554641446, 0.004620661076968825, 0.004561474544492296]
step_times_seconds [0.013809919357299805, 0.0790400505065918, 0.08369302749633789, 0.1354048252105713, 0.13487601280212402, 0.1470489501953125, 0.12917590141296387, 0.1525249481201172, 0.08621501922607422, 0.06373405456542969, 0.07170605659484863, 0.07204413414001465, 0.0690610408782959, 0.06315398216247559, 0.06830596923828125, 0.07262706756591797, 0.06989598274230957, 0.0792551040649414, 0.0688469409942627, 0.07554292678833008, 0.06390118598937988, 0.07102513313293457, 0.07116389274597168, 0.06583189964294434, 0.07649874687194824, 0.058210134506225586, 0.06878328323364258, 0.07301783561706543, 0.08783483505249023, 0.06606197357177734, 0.06072187423706055]
