date 2025-01-26T23:42:30.059438
sample_ratio 0.2
rank 16
seed 0
l2_regularization_strength 0
input_shape (100, 100, 100)
input_size 1000000
num_train_samples 200000
num_test_samples 1000000
num_iterations 10
max_num_richardson_iterations 1024
num_richardson_iterations [5, 9, 20, 21, 15, 14, 13, 12, 11, 11, 10, 9, 9, 10, 9, 10, 10, 10, 9, 9, 9, 9, 9, 9, 9, 9, 8, 8, 8, 8]
train_mses [4.322701599531434, 4.293734644808493, 4.059566375539564, 0.8331554059013758, 0.11538305034652475, 0.06454658151627622, 0.04484825898163477, 0.035875695447229225, 0.03031709448592853, 0.026901155649350056, 0.02452231234028882, 0.022683212573329864, 0.021497994094144504, 0.02034663440027763, 0.01909804808943547, 0.01805169062814345, 0.016852021765674068, 0.015707902378607298, 0.014771768208105891, 0.013951273802485852, 0.013207565145168442, 0.012658193518182316, 0.012111588451406547, 0.011587069200549945, 0.011151897145400196, 0.010720952278073683, 0.010307431162204523, 0.00994009253677995, 0.009590014658170375, 0.009276980549423563, 0.008961495683692164]
train_rres [1.0000030669854074, 0.9933019235228775, 0.9391300168881523, 0.19274010523121912, 0.026692428697174843, 0.014932046081250783, 0.010375085001345463, 0.008299394406810883, 0.007013481446718689, 0.006223246628385795, 0.005672930917211835, 0.005247478138410158, 0.004973292634982946, 0.004706939938975649, 0.004418095078536173, 0.0041760333385889815, 0.003898504919332303, 0.0036338271779429243, 0.003417264220714343, 0.00322745307988673, 0.003055405363629465, 0.0029283150939794756, 0.002801864833507001, 0.00268052385091261, 0.0025798522269764902, 0.0024801585101872385, 0.002384495560846203, 0.0022995163543040272, 0.002218530206120385, 0.0021461136717818158, 0.002073130185400735]
test_mses [4.313541718804291, 4.315898294177692, 4.143926231541342, 0.8487959322659825, 0.11680842323510958, 0.06607068484648919, 0.04622918117085642, 0.037125286323518816, 0.031340601326764216, 0.027842467205502156, 0.025414090452724126, 0.023446342154858295, 0.0222476577784822, 0.021095384859563648, 0.019770899443320996, 0.01870140855601644, 0.017498755484443074, 0.016307456155572966, 0.015339315188117734, 0.014508756419804186, 0.01372904103384508, 0.013160240121256083, 0.012603432089426988, 0.01205308069241442, 0.01160172083961243, 0.01115973454564029, 0.010729397499308218, 0.010347242063742197, 0.0099860698527434, 0.009663618978028555, 0.009333144953769796]
test_rres [1.0000079051672364, 1.0005542297784602, 0.9606859652953395, 0.19677626819732344, 0.027079683990539755, 0.015317159645929472, 0.010717306017635911, 0.008606751070303101, 0.007265688179815877, 0.006454716128856557, 0.005891745811700213, 0.005435562938895944, 0.005157672070946061, 0.004890540766105432, 0.004583485456834303, 0.004335545501334037, 0.0040567345712103796, 0.0037805557780165675, 0.0035561117633566472, 0.0033635634148849545, 0.0031828020821869215, 0.0030509370287957124, 0.0029218522836401578, 0.002794264379428359, 0.002689625674090364, 0.0025871600398712914, 0.002487395049459264, 0.0023987999966045104, 0.0023150694824075496, 0.002240315731368758, 0.0021637019744481932]
step_times_seconds [0.01708698272705078, 0.16922497749328613, 0.36223483085632324, 0.6925621032714844, 0.7065081596374512, 0.5483801364898682, 0.43889498710632324, 0.47712206840515137, 0.40047311782836914, 0.3790268898010254, 0.3550550937652588, 0.3490722179412842, 0.2831380367279053, 0.28838014602661133, 0.32813286781311035, 0.3324410915374756, 0.3391380310058594, 0.3554213047027588, 0.33309388160705566, 0.28606700897216797, 0.3255579471588135, 0.30841779708862305, 0.3077828884124756, 0.30379796028137207, 0.3031039237976074, 0.2980341911315918, 0.32350802421569824, 0.2846031188964844, 0.26816821098327637, 0.27545690536499023, 0.2573418617248535]
