date 2025-01-26T23:42:30.059438
sample_ratio 0.1
rank 16
seed 0
l2_regularization_strength 0
input_shape (100, 100, 100)
input_size 1000000
num_train_samples 100000
num_test_samples 1000000
num_iterations 10
max_num_richardson_iterations 1024
num_richardson_iterations [2, 2, 4, 4, 4, 2, 2, 2, 2, 2, 2, 2, 2, 2, 2, 2, 2, 2, 2, 2, 2, 2, 2, 2, 2, 2, 2, 2, 2, 2]
train_mses [4.329567173196105, 4.316602724330779, 4.268582951375013, 2.0312714095745226, 0.47850440902325836, 0.10520759366555998, 0.10097961595966028, 0.09791245803183696, 0.09642959141624151, 0.09316527013509587, 0.09070830074403101, 0.0895159737002433, 0.0868480893690276, 0.08474512998746442, 0.08363016799843859, 0.08135065222152509, 0.07946641473931786, 0.07834501790472814, 0.0763377364392897, 0.0746079719865086, 0.07347001668638252, 0.07167293215985446, 0.07007422783391719, 0.06894321144257598, 0.06732426725602275, 0.0658520590977878, 0.06475783345230428, 0.06329823002974307, 0.06195129320113493, 0.06091543191351469, 0.059599713315468546]
train_rres [0.9999992178307167, 0.9970048218076697, 0.985913704964984, 0.46916232951686193, 0.11052006253977897, 0.024299775743575586, 0.023323240623603234, 0.022614819803209216, 0.022272322413418616, 0.021518362814846533, 0.0209508771122318, 0.02067548558613014, 0.02005928490422478, 0.019573564818921068, 0.01931604228321833, 0.01878954300447783, 0.01835434107018757, 0.018095332279560648, 0.017631710902386646, 0.017232187571158238, 0.01696935427523495, 0.016554282040756336, 0.016185029639413023, 0.015923799021789874, 0.015549871824104269, 0.015209836215964674, 0.014957103149161126, 0.014619978854164505, 0.014308877138636388, 0.01406962447527219, 0.013765733227879856]
test_mses [4.313541718804291, 4.312549872395805, 4.2889052372903755, 2.1689904966742155, 0.506348666429023, 0.11418263576831296, 0.10967081077870891, 0.10628362528300024, 0.10439023496200056, 0.1009190820763299, 0.09824179534721633, 0.09675369081152023, 0.09393698007704754, 0.09168608612951208, 0.09035970462514609, 0.08797048705155622, 0.08598766859708029, 0.08471299662980276, 0.08262015616804975, 0.08082324258379292, 0.07956969282816857, 0.0777007001821337, 0.07605309109770984, 0.07482932156219829, 0.07314551567682807, 0.07163363343449936, 0.07045942544644138, 0.06893826834166474, 0.06755529697067592, 0.06644576402310169, 0.06506988169482048]
test_rres [1.0000079051672364, 0.9997779655227736, 0.9942964323508218, 0.5028368297567022, 0.11738675599045129, 0.026470947969130982, 0.02542497207496812, 0.024639721231743305, 0.02420077676058802, 0.0233960597665266, 0.022775384676764158, 0.022430397564914956, 0.02177739982323022, 0.02125557532541303, 0.020948080446239522, 0.020394188397313974, 0.01993451181175007, 0.01963900474890753, 0.01915382177342283, 0.01873724349360099, 0.018446633190777193, 0.018013344829942143, 0.01763137979599646, 0.017347673438346208, 0.016957316903993713, 0.01660681740901496, 0.01633460089949341, 0.015981951214167168, 0.015661337112400198, 0.015404114210444518, 0.015085143560673564]
step_times_seconds [0.015673160552978516, 0.0709679126739502, 0.0866706371307373, 0.1589808464050293, 0.1381523609161377, 0.14657092094421387, 0.06214785575866699, 0.05954313278198242, 0.07744789123535156, 0.07338881492614746, 0.07515716552734375, 0.07397699356079102, 0.07187819480895996, 0.06696772575378418, 0.07307195663452148, 0.06740307807922363, 0.07137513160705566, 0.05993318557739258, 0.06353092193603516, 0.07495498657226562, 0.07364416122436523, 0.07066011428833008, 0.06255102157592773, 0.07197999954223633, 0.06131887435913086, 0.06352496147155762, 0.08210301399230957, 0.06293201446533203, 0.06959915161132812, 0.06271982192993164, 0.060784101486206055]
