date 2025-01-26T23:42:30.059438
sample_ratio 0.3
rank 16
seed 0
l2_regularization_strength 0
input_shape (100, 100, 100)
input_size 1000000
num_train_samples 300000
num_test_samples 1000000
num_iterations 10
max_num_richardson_iterations 1024
num_richardson_iterations [2, 2, 7, 7, 4, 3, 3, 3, 2, 2, 2, 2, 2, 2, 2, 2, 2, 2, 2, 2, 2, 2, 2, 2, 2, 2, 2, 2, 2, 2]
train_mses [4.3187702566143145, 4.3069222479684415, 4.153141631473374, 0.7517112828968813, 0.13831735306563542, 0.07897335877916382, 0.061894303406960956, 0.049066108339818684, 0.040251085186889086, 0.03664044813903216, 0.03391760235357102, 0.03212968397192947, 0.03008154122250624, 0.028410595698728634, 0.02725293600656516, 0.026055237094785418, 0.025015902168427234, 0.024244235871564473, 0.02350459994134547, 0.02282419665129072, 0.022278979359332457, 0.021785788742059126, 0.02130634317567573, 0.020895614710808735, 0.020538288776512245, 0.020173882297255055, 0.019845400321151212, 0.01956459253276628, 0.019267919685544966, 0.01899100260929366, 0.018753523646084243]
train_rres [0.9999939602574168, 0.9972506012957297, 0.961643315294764, 0.17405573764961826, 0.032026829269881305, 0.018285965010400067, 0.014331378124712416, 0.011361060921916168, 0.00931997760683162, 0.008483949055646514, 0.007853485016490133, 0.007439499674172713, 0.006965260421452224, 0.006578359676005604, 0.006310308209636454, 0.006032985822285026, 0.005792331981657358, 0.0056136557404252285, 0.005442396002337606, 0.005284851344908336, 0.0051586084640440075, 0.005044412151384488, 0.004933398450222377, 0.0048382959187682545, 0.004755558529440221, 0.004671181668277541, 0.0045951229819757656, 0.004530103062949485, 0.004461409653074457, 0.00439729061286403, 0.0043423033098154585]
test_mses [4.313541718804291, 4.310799076183913, 4.172593662559318, 0.7620025819180861, 0.14002804685889608, 0.08029022975393543, 0.06314317690554622, 0.05019925068004739, 0.041185096903858846, 0.03751638748858388, 0.034760099690939614, 0.032907256151362196, 0.030812044322462383, 0.029115511743364207, 0.02791235969541354, 0.02668181930082081, 0.02562597116556468, 0.024823620119036247, 0.024062733275946848, 0.023372575930669253, 0.022805891211477462, 0.022298989190001967, 0.021813598250088214, 0.021386806996447603, 0.021020352803316277, 0.020651849899654382, 0.020310550575253532, 0.02002338860344189, 0.01972339398863948, 0.019435711031664957, 0.019193582769432446]
test_rres [1.0000079051672364, 0.999372078628346, 0.967331932694667, 0.1766549752733489, 0.0324626867971594, 0.01861367518751752, 0.01463847579997971, 0.011637686797992635, 0.009547936513374924, 0.00869742001064978, 0.008058430111805286, 0.00762888559655505, 0.007143152867283914, 0.006749845904915594, 0.0064709192971529285, 0.00618564325198199, 0.005940866094197854, 0.005754857138784284, 0.00557846082512163, 0.005418461723205412, 0.005287087266698161, 0.005169572226467772, 0.005057044097924516, 0.004958101128244567, 0.004873146092707183, 0.004787716104831437, 0.00470859271976222, 0.0046420199912261305, 0.0045724722724681975, 0.0045057787639987456, 0.004449646195431857]
step_times_seconds [0.015500068664550781, 0.08875799179077148, 0.07281875610351562, 0.2165229320526123, 0.2587769031524658, 0.15676116943359375, 0.10847210884094238, 0.11051106452941895, 0.11615490913391113, 0.06370925903320312, 0.06381702423095703, 0.0686640739440918, 0.06703376770019531, 0.06791305541992188, 0.10429191589355469, 0.07016801834106445, 0.0693819522857666, 0.07016515731811523, 0.07259011268615723, 0.0680849552154541, 0.06670117378234863, 0.07321691513061523, 0.07653307914733887, 0.06374096870422363, 0.062232017517089844, 0.0732872486114502, 0.06712818145751953, 0.08410215377807617, 0.07402324676513672, 0.07784390449523926, 0.08385086059570312]
