date 2025-01-26T23:42:30.059438
sample_ratio 0.4
rank 16
seed 0
l2_regularization_strength 0
input_shape (100, 100, 100)
input_size 1000000
num_train_samples 400000
num_test_samples 1000000
num_iterations 10
max_num_richardson_iterations 1024
num_richardson_iterations [2, 2, 6, 5, 4, 4, 3, 3, 2, 2, 2, 2, 2, 2, 2, 2, 2, 2, 2, 2, 2, 2, 2, 2, 2, 2, 2, 2, 2, 2]
train_mses [4.315993885738515, 4.304624253579956, 4.06842238986172, 0.5215666437501429, 0.11558105331927032, 0.06451636484440694, 0.042953481814512896, 0.031226738627478916, 0.026459336854082166, 0.024939984410284163, 0.023322720330494047, 0.02261428626448223, 0.021854202301083883, 0.021047033748481166, 0.02054611611331009, 0.02007210922151123, 0.019573259710717786, 0.019165975507857928, 0.01881131558147665, 0.018443162949241972, 0.01808996858755456, 0.01779095258524339, 0.017484004941027403, 0.01716628566022435, 0.016895529077628108, 0.01661982682268973, 0.016327336202118334, 0.01607294951610233, 0.015815634520251663, 0.015543751053837975, 0.01530239333290094]
train_rres [0.9999999404158451, 0.9973656383797188, 0.9426385335928383, 0.120845076819146, 0.026779705785587256, 0.01494820491137336, 0.009952164065175954, 0.007235120714615386, 0.00613053122363204, 0.0057785028395583, 0.005403788688833762, 0.005239647116219104, 0.00506353845197355, 0.004876520461244829, 0.004760459683916224, 0.004650634027044504, 0.004535052426542639, 0.0044406861717761585, 0.004358512768699504, 0.004273213155204889, 0.004191379318088091, 0.004122098407963866, 0.004050979765525324, 0.003977365374429482, 0.003914632068120104, 0.0038507528676833503, 0.0037829838645552236, 0.0037240434031937824, 0.003664424463192726, 0.0036014300620393473, 0.003545508364060704]
test_mses [4.313541718804291, 4.309865258256334, 4.084536268467033, 0.524644789360469, 0.11618747894720988, 0.06509150011379547, 0.043452524264725484, 0.03164104831342196, 0.026817562065872696, 0.025280917853925895, 0.02365116687000005, 0.022932721691508843, 0.022164723247933834, 0.02135010360461309, 0.02084372241137768, 0.02036622588174323, 0.019861738358428728, 0.019450908921202544, 0.019094493012788333, 0.018721254777181038, 0.01836532378553631, 0.018065090999883297, 0.017753129115802194, 0.01743297564872487, 0.017161031398073488, 0.01688019328627434, 0.01658533483928818, 0.01632958985009405, 0.01606697750448368, 0.015792727502096798, 0.01554980928198286]
test_rres [1.0000079051672364, 0.9991555917202689, 0.9469175966476006, 0.12162834416974197, 0.026935730544149935, 0.01509015535638148, 0.010073593950597454, 0.007335340771891583, 0.0062171124823662445, 0.005860872422677604, 0.005483047430218346, 0.005316490363020293, 0.005138445367794413, 0.004949592184927534, 0.004832197888251113, 0.0047214999199799886, 0.004604544632594339, 0.0045093020890689985, 0.004426674227980322, 0.004340146448617282, 0.004257631005730268, 0.004188028071850075, 0.004115705982363377, 0.0040414848390860686, 0.003978440033183149, 0.003913333364422509, 0.0038449763628879965, 0.0037856870299980074, 0.003724805638620697, 0.003661226290544973, 0.003604910586128782]
step_times_seconds [0.015030860900878906, 0.0867009162902832, 0.08119416236877441, 0.21545100212097168, 0.19070219993591309, 0.16210103034973145, 0.14435219764709473, 0.10848402976989746, 0.12162995338439941, 0.06643390655517578, 0.0735628604888916, 0.06782793998718262, 0.0792536735534668, 0.07237577438354492, 0.07728910446166992, 0.06325006484985352, 0.06204080581665039, 0.06661820411682129, 0.06796908378601074, 0.07641410827636719, 0.07404112815856934, 0.07222914695739746, 0.08013415336608887, 0.0693519115447998, 0.05768895149230957, 0.0746159553527832, 0.0818939208984375, 0.06901240348815918, 0.07992029190063477, 0.08204817771911621, 0.06597709655761719]
