date 2025-01-26T23:42:30.059438
sample_ratio 0.2
rank 16
seed 0
l2_regularization_strength 0
input_shape (100, 100, 100)
input_size 1000000
num_train_samples 200000
num_test_samples 1000000
num_iterations 10
max_num_richardson_iterations 1024
num_richardson_iterations [2, 2, 4, 4, 4, 2, 2, 2, 2, 2, 2, 2, 2, 2, 2, 2, 2, 2, 2, 2, 2, 2, 2, 2, 2, 2, 2, 2, 2, 2]
train_mses [4.322701599531434, 4.310122523505352, 4.216651011691805, 1.0163028590669991, 0.18606816076663618, 0.076706837779928, 0.06971826651426279, 0.06515908490509438, 0.06428442571355913, 0.05902713231969932, 0.05543794889068537, 0.05407273937019904, 0.050187973476154626, 0.04748789054794611, 0.046131753118849914, 0.043336212645709186, 0.04133571115901075, 0.040154853695568024, 0.0381541059705737, 0.036655993601261094, 0.035667624902959466, 0.034223986495788006, 0.033091355066203115, 0.03228207476131801, 0.031232171742503, 0.03037400955134874, 0.029716147799170225, 0.028941872746242207, 0.028283980935366985, 0.0277419330877375, 0.027156027688048354]
train_rres [1.0000030669854074, 0.9970930547358253, 0.975469587018451, 0.23510898280908438, 0.043044546830421804, 0.017745169605737975, 0.016128450862008627, 0.015073741096105268, 0.014871399608042101, 0.01365519039330662, 0.012824877600636359, 0.0125090534161236, 0.011610361309089004, 0.010985730821151521, 0.010672005351760595, 0.010025291952129773, 0.009562500899787843, 0.009289324262926455, 0.008826476246427867, 0.00847990664648977, 0.008251259883150579, 0.007917292154509334, 0.007655272008711685, 0.0074680551101351765, 0.007225173149704215, 0.0070266480367937615, 0.0068744599306561046, 0.006695341060248247, 0.006543146000406245, 0.006417749995708378, 0.006282208093691368]
test_mses [4.313541718804291, 4.311616678241461, 4.238436731285737, 1.0433099659800853, 0.18883022915430125, 0.07834099558569489, 0.07136608776217483, 0.06681760081373644, 0.06592900083065775, 0.06066151189709795, 0.057064262964719954, 0.05568908675842019, 0.051776984714456895, 0.0490535761431314, 0.04767835779873552, 0.04484761473284122, 0.042816284705625846, 0.04160911510965361, 0.03957440840316459, 0.03804450679050342, 0.03702692207385099, 0.03555431484652043, 0.03439231435497793, 0.0335540386155846, 0.03248031787828233, 0.03159666952210176, 0.030911984284827818, 0.030118537711616322, 0.029439430695657177, 0.028873447862132386, 0.02827225111018197]
test_rres [1.0000079051672364, 0.9995616232239775, 0.9825963241203607, 0.24187043537138952, 0.04377649138425071, 0.018161784443360543, 0.016544792325044758, 0.015490317092972761, 0.015284313056026417, 0.014063151672336151, 0.013229201845549833, 0.012910394895960653, 0.012003452706731373, 0.011372085195330407, 0.011053268476871013, 0.010397017621326646, 0.009926094603157243, 0.009646236607675884, 0.00917453077431957, 0.0088198538506863, 0.008583947297054575, 0.008242552924509785, 0.007973166477571044, 0.00777882910453745, 0.007529908543374569, 0.007325052441550764, 0.0071663219378348885, 0.006982377305497058, 0.00682494000021885, 0.006693728261789058, 0.006554352884499804]
step_times_seconds [0.02369999885559082, 0.08458399772644043, 0.09312605857849121, 0.15340089797973633, 0.13653302192687988, 0.12911319732666016, 0.06769371032714844, 0.06585812568664551, 0.0777590274810791, 0.07179880142211914, 0.06618428230285645, 0.06276798248291016, 0.06474089622497559, 0.0655679702758789, 0.06890082359313965, 0.07143592834472656, 0.06341791152954102, 0.06462693214416504, 0.06607794761657715, 0.07217693328857422, 0.062285661697387695, 0.0720510482788086, 0.07064390182495117, 0.06312704086303711, 0.056771039962768555, 0.06505703926086426, 0.07004904747009277, 0.07327008247375488, 0.06669187545776367, 0.06131601333618164, 0.08337831497192383]
