date 2025-01-26T23:42:30.059438
sample_ratio 0.4
rank 16
seed 0
l2_regularization_strength 0
input_shape (100, 100, 100)
input_size 1000000
num_train_samples 400000
num_test_samples 1000000
num_iterations 10
max_num_richardson_iterations 1024
num_richardson_iterations [4, 4, 6, 6, 4, 4, 4, 4, 4, 4, 4, 4, 4, 4, 4, 4, 4, 4, 4, 4, 4, 4, 4, 4, 4, 4, 4, 4, 4, 4]
train_mses [4.315993885738515, 4.298262900384471, 3.9366298318040442, 0.43846520193190297, 0.08666173636610591, 0.05223431371608369, 0.03613416275686808, 0.029987815155936966, 0.025799472154022906, 0.0234486588359827, 0.021313885730443835, 0.01968351454263196, 0.018386947620270662, 0.016875415662879156, 0.015593620596185312, 0.014585394181954977, 0.013416866425633741, 0.012508261938041856, 0.011729030817807724, 0.010825020279663299, 0.010105206673817653, 0.009438688667884134, 0.008728053288576502, 0.008136552857682774, 0.0075782710994504576, 0.007027050859923277, 0.006548586525861707, 0.006096860463454179, 0.005676767275729182, 0.005299873077273799, 0.004949681760728957]
train_rres [0.9999999404158451, 0.9958917361952258, 0.9121026816676504, 0.10159077779400008, 0.02007920620295568, 0.012102498749209505, 0.008372152871495916, 0.006948066694030334, 0.0059776429948228665, 0.005432968178267438, 0.0049383490859202, 0.0045605980663798625, 0.0042601882698343335, 0.003909971863753974, 0.003612984651942889, 0.0033793822927070402, 0.00310863870093396, 0.002898118376413625, 0.0027175733862135364, 0.002508117462916964, 0.0023413392926941875, 0.0021869095173365333, 0.0020222579085116925, 0.0018852094299204255, 0.0017558575958475555, 0.0016281418897376363, 0.0015172834598557769, 0.0014126201893668018, 0.0013152861398255762, 0.0012279611375256786, 0.0011468230949450025]
test_mses [4.313541718804291, 4.31495618323917, 3.966955306367906, 0.4398595142308568, 0.08690432591660685, 0.05261398712141119, 0.03654830809241975, 0.03036959593150175, 0.02613280113189862, 0.023794412056224984, 0.021626587932138914, 0.01996581431898771, 0.018665070403284346, 0.01713411440812183, 0.01582363716025146, 0.014802942757557487, 0.013615941671287586, 0.012688054729665554, 0.011897003101571622, 0.010978755520640609, 0.010246666027764103, 0.009567834216573498, 0.008845774500087125, 0.008245332105377477, 0.007676216016984847, 0.007115869114866303, 0.006630836802155954, 0.006170902383181164, 0.005743385251402913, 0.005361948438818127, 0.005006340671685395]
test_rres [1.0000079051672364, 1.0003358203025627, 0.91965881505666, 0.10197258310412421, 0.02014702037793824, 0.012197494883244809, 0.008472990270055545, 0.007040580105170509, 0.006058364429892652, 0.005516255946083077, 0.00501368951635599, 0.004628672551154428, 0.0043271212313581945, 0.003972199870344889, 0.0036683920732163058, 0.0034317646014094816, 0.0031565822693278445, 0.0029414703410767617, 0.00275808092860375, 0.0025452036922880093, 0.0023754834651774407, 0.0022181099605906407, 0.002050714935444265, 0.0019115144407116816, 0.0017795763201483678, 0.0016496711590804356, 0.0015372261710425437, 0.0014305996249659742, 0.001331488375036721, 0.0012430599204691563, 0.0011606194106854287]
step_times_seconds [0.015105962753295898, 0.1491708755493164, 0.1690061092376709, 0.21774530410766602, 0.23204994201660156, 0.1544182300567627, 0.1583690643310547, 0.14444708824157715, 0.13377881050109863, 0.14319181442260742, 0.12596511840820312, 0.1389329433441162, 0.14025402069091797, 0.14795684814453125, 0.15886187553405762, 0.13860011100769043, 0.13666987419128418, 0.17090988159179688, 0.15104413032531738, 0.13387274742126465, 0.15570998191833496, 0.15191078186035156, 0.1382150650024414, 0.15630531311035156, 0.13264989852905273, 0.1317131519317627, 0.16772890090942383, 0.1452329158782959, 0.14183306694030762, 0.1428830623626709, 0.1465740203857422]
