date 2025-01-26T23:42:30.059438
sample_ratio 0.7
rank 16
seed 0
l2_regularization_strength 0
input_shape (100, 100, 100)
input_size 1000000
num_train_samples 700000
num_test_samples 1000000
num_iterations 10
max_num_richardson_iterations 1024
num_richardson_iterations [2, 4, 4, 4, 4, 4, 4, 3, 3, 3, 3, 3, 3, 3, 3, 3, 3, 3, 3, 3, 3, 3, 3, 3, 3, 3, 3, 3, 3, 3]
train_mses [4.315757786526374, 4.305504660826029, 3.7451165198531053, 0.18017043311464825, 0.06958402610334687, 0.041178435510327294, 0.03293087397614941, 0.02896247724455799, 0.026484363439035125, 0.024481388091839574, 0.022315716323198276, 0.02057999255949803, 0.019116351199220928, 0.017581672606303396, 0.016621309254051683, 0.015824275969569788, 0.014959343124932545, 0.014312080043123284, 0.013731260579445547, 0.013031783143806598, 0.012465269720888846, 0.01196784281840122, 0.011363026102501466, 0.010875231178168169, 0.010444555260369422, 0.009923058746757854, 0.009516064470534014, 0.009146080271047323, 0.00871523382526511, 0.008394601089574785, 0.00809848294369971]
train_rres [1.000004789926255, 0.9976290368559434, 0.8677814288784265, 0.04174731415192574, 0.016123323607951323, 0.009541460570506241, 0.007630417030218112, 0.006710899314856895, 0.00613669524732515, 0.00567258557287748, 0.0051707774897615695, 0.00476859271398292, 0.004429452186778002, 0.004073851613292149, 0.003851325697838881, 0.0036666450133248265, 0.0034662313130235534, 0.0033162539013688883, 0.0031816721489884747, 0.0030195961427148988, 0.0028883292448727838, 0.0027730703935353058, 0.002632928234766469, 0.0025199012103217944, 0.002420109238202972, 0.002299273214186631, 0.0022049685182727323, 0.0021192394319836908, 0.0020194079468039603, 0.0019451140945172328, 0.0018765005209789697]
test_mses [4.313541718804291, 4.307433369972651, 3.753166249364284, 0.18011621411295256, 0.0697233677080274, 0.04132706523181021, 0.03304716858030461, 0.029092214502156873, 0.026608105723586385, 0.02459915430210686, 0.02243211102686996, 0.02069210405766437, 0.01921982315351965, 0.017677411347230124, 0.016712404400861667, 0.015910705715064446, 0.015038000715089851, 0.014387267362192159, 0.013803269412025908, 0.01309692936291089, 0.012527317426382438, 0.012027300690286374, 0.011417294352225486, 0.010926523240578485, 0.01049327389071085, 0.00996823918123223, 0.009558826251897275, 0.009185662765446096, 0.008752701167743314, 0.0084304259988666, 0.008131050336279866]
test_rres [1.0000079051672364, 0.9985918073252867, 0.8700961213402925, 0.041756322229723454, 0.016163960714453647, 0.009580849015325665, 0.00766132147966327, 0.006744444908033064, 0.006168554241429192, 0.005702819252981377, 0.005200433847357642, 0.004797048221882805, 0.004455729500806518, 0.004098152340351847, 0.0038744348854579005, 0.00368857716676134, 0.0034862580620105737, 0.0033353986199384433, 0.003200010438986852, 0.0030362597026088976, 0.002904206629626456, 0.0027882878043529657, 0.002646870101678677, 0.002533094688510596, 0.0024326545390882556, 0.0023109357997801437, 0.0022160216451243917, 0.002129511194850043, 0.002029137754980628, 0.0019544247378070843, 0.0018850205106736555]
step_times_seconds [0.0338129997253418, 0.10426998138427734, 0.2462608814239502, 0.1692509651184082, 0.1410360336303711, 0.17851686477661133, 0.15477895736694336, 0.16460371017456055, 0.11584115028381348, 0.12853193283081055, 0.11877584457397461, 0.1148531436920166, 0.11114025115966797, 0.11301779747009277, 0.13161873817443848, 0.12479901313781738, 0.13094520568847656, 0.12291121482849121, 0.11806297302246094, 0.13328981399536133, 0.11174607276916504, 0.11218094825744629, 0.11784601211547852, 0.10767793655395508, 0.11853957176208496, 0.11107993125915527, 0.10866618156433105, 0.11535000801086426, 0.11400294303894043, 0.11397886276245117, 0.10814833641052246]
