date 2025-01-26T23:42:30.059438
sample_ratio 0.2
rank 16
seed 0
l2_regularization_strength 0
input_shape (100, 100, 100)
input_size 1000000
num_train_samples 200000
num_test_samples 1000000
num_iterations 10
max_num_richardson_iterations 1024
num_richardson_iterations [2, 4, 14, 15, 10, 9, 8, 7, 6, 5, 5, 4, 4, 3, 3, 3, 3, 3, 3, 3, 3, 3, 3, 3, 3, 3, 3, 3, 3, 3]
train_mses [4.322701599531434, 4.310122523505352, 4.12021571365391, 0.8720287521076369, 0.12433476527921601, 0.06842642287747205, 0.04869046941938963, 0.03769993529601599, 0.03214907839949461, 0.029204057523234104, 0.027034242052503342, 0.025489597392735708, 0.024420464285512426, 0.023459971714166195, 0.022879833920901246, 0.02234173541830896, 0.021897654985270822, 0.021407709261319654, 0.020954543244589997, 0.02054196980740204, 0.020104317817116423, 0.019701748598949995, 0.019314513594877705, 0.018914050667397927, 0.01854893240295057, 0.018187686971770096, 0.01782047154898469, 0.017488965846042186, 0.017156844345311707, 0.01682331821842314, 0.016525032220053748]
train_rres [1.0000030669854074, 0.9970930547358253, 0.9531604843466406, 0.2017329687299303, 0.028763296227896987, 0.015829598959069883, 0.011263932434666949, 0.008721409528997784, 0.00743728806164501, 0.006755994236293803, 0.006254034506813898, 0.005896700242210091, 0.005649369640820716, 0.005427171671553755, 0.005292964033302255, 0.005168481660290231, 0.005065749194307736, 0.0049524063656793006, 0.004847572063299431, 0.004752128347594099, 0.004650883021614317, 0.004557753657125224, 0.004468171671693158, 0.004375529571267548, 0.004291064017526961, 0.004207494395429036, 0.0041225436902798404, 0.0040458539831528, 0.0039690218188927736, 0.003891864711901052, 0.0038228599688393218]
test_mses [4.313541718804291, 4.311616678241461, 4.169649997105734, 0.8900005680436435, 0.12605122645781863, 0.0700422826687046, 0.05020000257173937, 0.039038401136085456, 0.033295659078872275, 0.030265897476961175, 0.02805158681734404, 0.02641153457057978, 0.025313079080931698, 0.024345257545836572, 0.023727956099276224, 0.02317259413068991, 0.02272911392057955, 0.022207301948723016, 0.021738957553842878, 0.0213289569507729, 0.020862886164992885, 0.020446395602582323, 0.02006178680668075, 0.01963556611619985, 0.0192575235716012, 0.01889821968585325, 0.018507563846208167, 0.018164248284429824, 0.017833330568367962, 0.017478400183104117, 0.0171696437618006]
test_rres [1.0000079051672364, 0.9995616232239775, 0.9666495030543277, 0.20632873440567617, 0.02922244205135118, 0.016237894734927594, 0.011637861108961402, 0.009050268268182317, 0.007718929004784295, 0.007016539703789403, 0.006503196305611485, 0.006122983172514403, 0.005868328356418891, 0.005643958395728098, 0.005500849468847791, 0.005372099964375744, 0.005269287995741644, 0.005148316383344191, 0.005039740153472759, 0.004944689758479254, 0.0048366406191569815, 0.004740085657598951, 0.004650921842485778, 0.004552111146400777, 0.0044644695846094195, 0.004381172204051141, 0.004290606503447897, 0.004211015694287845, 0.004134299076345066, 0.0040520156039259595, 0.003980436636524608]
step_times_seconds [0.015633106231689453, 0.08087396621704102, 0.15988993644714355, 0.4704587459564209, 0.48160386085510254, 0.34995007514953613, 0.29247283935546875, 0.23987889289855957, 0.259108304977417, 0.23326587677001953, 0.1642770767211914, 0.16970372200012207, 0.13679909706115723, 0.12804412841796875, 0.10343384742736816, 0.10888218879699707, 0.10208010673522949, 0.10673213005065918, 0.08893227577209473, 0.10364079475402832, 0.0929720401763916, 0.09884095191955566, 0.09771108627319336, 0.10759782791137695, 0.10203909873962402, 0.13525772094726562, 0.10735297203063965, 0.08721685409545898, 0.09421896934509277, 0.09575700759887695, 0.0979771614074707]
