date 2025-01-26T23:42:30.059438
sample_ratio 0.6
rank 16
seed 0
l2_regularization_strength 0
input_shape (100, 100, 100)
input_size 1000000
num_train_samples 600000
num_test_samples 1000000
num_iterations 10
max_num_richardson_iterations 1024
num_richardson_iterations [2, 4, 6, 5, 5, 4, 4, 4, 3, 3, 3, 3, 3, 3, 3, 3, 3, 3, 3, 3, 3, 3, 3, 3, 3, 3, 3, 3, 3, 3]
train_mses [4.315712483223459, 4.3050159556279235, 3.8227103266664337, 0.24105548774269972, 0.07308485753439493, 0.042435787974773924, 0.029800781453271325, 0.026414952531151267, 0.024216328737350336, 0.022679886936531255, 0.021237426497112206, 0.020220746965876724, 0.01911193361409879, 0.017973039262685227, 0.017019823687327205, 0.016200743088837143, 0.015435234662562415, 0.014832147942770338, 0.014310094861221994, 0.013762128930228431, 0.013319320586268325, 0.012908554071806423, 0.012471299768378595, 0.012101843056264603, 0.01174933817015019, 0.011381527709128076, 0.011055876051525894, 0.010739226125292782, 0.01041566266701027, 0.010117361106272014, 0.009820871495885515]
train_rres [1.0000037523399115, 0.9975252351138164, 0.8857690788334727, 0.05585552633589234, 0.01693466190292514, 0.009832894886588664, 0.006905208211107313, 0.006120669936126555, 0.005611221715854348, 0.005255209221499445, 0.004920973366439997, 0.004685396193466859, 0.004428470479176843, 0.004164574626670553, 0.003943702834156029, 0.0037539117683371365, 0.003576534034834654, 0.0034367914117746506, 0.00331582528103764, 0.00318885482383547, 0.0030862506751001516, 0.0029910710130178716, 0.0028897538039001753, 0.002804146131962492, 0.0027224664069569757, 0.0026372401916792466, 0.0025617826905542733, 0.002488411001489677, 0.0024134373618738807, 0.0023443172151480026, 0.002275616919642023]
test_mses [4.313541718804291, 4.308199171581859, 3.83645063376242, 0.24136633274018074, 0.07327438306319933, 0.04260603967898363, 0.02996079043954959, 0.02655204093427176, 0.0243550159144669, 0.022812938649397513, 0.021362576951222942, 0.020345482211424844, 0.019234348220106005, 0.01808149240508069, 0.01712569915905332, 0.016305145201895344, 0.015522968705553798, 0.014917339969937642, 0.014397393207979938, 0.01383638163934681, 0.013390742400040224, 0.012983782086404647, 0.012536631279276815, 0.012163495341931615, 0.011815391969313796, 0.011440237420932895, 0.011110209144419842, 0.010798083713116023, 0.010469017747332238, 0.010166053695411816, 0.009874045457464694]
test_rres [1.0000079051672364, 0.9987693430286414, 0.8894039310716909, 0.055955930535966474, 0.01698719221608997, 0.00987735352161217, 0.006945806772656812, 0.006155556747450694, 0.005646220677261002, 0.005288721073460827, 0.0049524838795086635, 0.004716690917157519, 0.004459096845405531, 0.004191830407824187, 0.0039702489640731885, 0.00378002002987809, 0.003598688138229113, 0.003458285294651081, 0.003337746093660592, 0.003207686843027237, 0.0031043743468905744, 0.003010028781864319, 0.0029063658591248834, 0.002819861795556763, 0.00273916102873314, 0.0026521889907892625, 0.0025756785715198606, 0.0025033185668983976, 0.0024270312400201744, 0.0023567951169797554, 0.002289098879095212]
step_times_seconds [0.020637035369873047, 0.0946199893951416, 0.190871000289917, 0.2303149700164795, 0.18991613388061523, 0.2059478759765625, 0.16852593421936035, 0.1657731533050537, 0.16005992889404297, 0.13460516929626465, 0.10746097564697266, 0.11446809768676758, 0.1270442008972168, 0.10284709930419922, 0.10903191566467285, 0.11224007606506348, 0.12209105491638184, 0.1229248046875, 0.12276792526245117, 0.11650896072387695, 0.12883996963500977, 0.11822009086608887, 0.11416792869567871, 0.11995911598205566, 0.1021270751953125, 0.11080002784729004, 0.1228940486907959, 0.13422799110412598, 0.1183769702911377, 0.09585309028625488, 0.11539030075073242]
