date 2025-01-26T23:42:30.059438
sample_ratio 0.1
rank 16
seed 0
l2_regularization_strength 0
input_shape (100, 100, 100)
input_size 1000000
num_train_samples 100000
num_test_samples 1000000
num_iterations 10
max_num_richardson_iterations 1024
num_richardson_iterations [8, 13, 31, 40, 33, 22, 23, 21, 19, 17, 16, 16, 15, 15, 14, 14, 14, 13, 13, 13, 13, 13, 13, 12, 12, 11, 11, 10, 10, 10]
train_mses [4.329567173196105, 4.277334860702866, 4.0833704568770415, 1.6638352003250985, 0.23505750368265296, 0.0788863980359919, 0.06078323574096855, 0.045354161251539564, 0.036980547732041694, 0.032413498944002965, 0.02925697734965133, 0.026892061660753332, 0.0250077505032328, 0.023472352305270252, 0.021967920730334163, 0.020821451377402746, 0.019829227329519434, 0.018841229709108585, 0.018049790759248993, 0.01724339313836231, 0.01646557238241275, 0.015808359919967287, 0.015155342689362092, 0.014546892976252475, 0.014070483025049336, 0.013626276627629904, 0.013237415917858996, 0.01290907227061868, 0.012613090912130049, 0.012327518733537693, 0.012086513037489748]
train_rres [0.9999992178307167, 0.9879351316185674, 0.9431352141317483, 0.3842956656787618, 0.054291182103169314, 0.018220374734419526, 0.01403909115315058, 0.01047544106895728, 0.0085413893185295, 0.007486539022151713, 0.006757477894526975, 0.006211253816107654, 0.005776034865045804, 0.00542140426674334, 0.005073926022837185, 0.004809126237931208, 0.0045799524586354655, 0.0043517548564026036, 0.004168956368895569, 0.003982702880292933, 0.003803049784164187, 0.0036512535601760736, 0.0035004263080022453, 0.0033598928059547922, 0.0032498564998964617, 0.0031472582418708406, 0.003057443165661052, 0.002981605702634092, 0.0029132429506219526, 0.002847284404697428, 0.002791619369856825]
test_mses [4.313541718804291, 4.323287313565996, 4.259334252944013, 1.7673088649816657, 0.2458255372467888, 0.08293258271524746, 0.06486692999164313, 0.0489828180488913, 0.04002498168895311, 0.03528579368612285, 0.031984977695959316, 0.02938697300932589, 0.02731356197904196, 0.025685184546810232, 0.024003515601077507, 0.022752312278553226, 0.021702292437493935, 0.020600816581102164, 0.019752345504604397, 0.018889110866124496, 0.018023443291620214, 0.017321107970645823, 0.016615255946140394, 0.015934349229276994, 0.015426569067926282, 0.014943531689244564, 0.014509174891682818, 0.014159049449801104, 0.013834989703563515, 0.013518756350984087, 0.013261121627409946]
test_rres [1.0000079051672364, 1.0022672253355742, 0.9874409942821397, 0.40971502098829865, 0.056989707429308194, 0.01922625158570906, 0.015038093289510137, 0.011355681354077128, 0.009278987129912812, 0.008180301693246234, 0.007415073883051101, 0.006812778740530694, 0.006332100088019684, 0.005954593525899533, 0.005564732398029616, 0.005274666068534923, 0.005031240083557363, 0.004775885056169809, 0.004579184099249721, 0.004379060507369087, 0.004178372888195858, 0.0040155505675049975, 0.0038519129698189386, 0.003694058440076818, 0.0035763398207751453, 0.0034643573180750493, 0.003363660429174836, 0.003282490886254792, 0.0032073641507067447, 0.0031340518071449846, 0.003074324377340241]
step_times_seconds [0.012925148010253906, 0.30712413787841797, 0.5157999992370605, 1.030972957611084, 1.2895410060882568, 1.1130099296569824, 0.7577009201049805, 0.763585090637207, 0.6845040321350098, 0.6248009204864502, 0.49785399436950684, 0.5056400299072266, 0.510117769241333, 0.48589611053466797, 0.46350693702697754, 0.46114110946655273, 0.46889781951904297, 0.44632411003112793, 0.41196608543395996, 0.40182018280029297, 0.43044614791870117, 0.4437696933746338, 0.38102293014526367, 0.4294910430908203, 0.36170291900634766, 0.39296841621398926, 0.3389449119567871, 0.34641194343566895, 0.2953770160675049, 0.2881968021392822, 0.3252229690551758]
