date 2025-01-26T23:42:30.059438
sample_ratio 0.5
rank 16
seed 0
l2_regularization_strength 0
input_shape (100, 100, 100)
input_size 1000000
num_train_samples 500000
num_test_samples 1000000
num_iterations 10
max_num_richardson_iterations 1024
num_richardson_iterations [2, 4, 7, 6, 5, 5, 5, 4, 4, 4, 4, 3, 3, 3, 3, 3, 3, 3, 3, 3, 3, 3, 3, 3, 4, 4, 4, 4, 4, 4]
train_mses [4.315148045733087, 4.3039980035243905, 3.8845028298995445, 0.3315453300916891, 0.0796553267117504, 0.04592274542287929, 0.02967664183820169, 0.024141615100863843, 0.02159729031175673, 0.02015989721612544, 0.018906229077804218, 0.017881466386714784, 0.017142243129188266, 0.01637765255230357, 0.01587703595247351, 0.015358349925108266, 0.014778282286910945, 0.014291997554916636, 0.013826920971086046, 0.013279175180083981, 0.012768089270305647, 0.012257172120602535, 0.011680454180157967, 0.011127339957788826, 0.010613799252864228, 0.010045051398175537, 0.009456943048124982, 0.008855013188227222, 0.00827081952835683, 0.0077479153842801105, 0.007260046522669022]
train_rres [1.0000006866070115, 0.9974167544345293, 0.900202138109145, 0.07683295085573642, 0.01845947822866036, 0.01064222512577934, 0.0068773219133783795, 0.005594624198476299, 0.005004997490633855, 0.004671893257054477, 0.004381365797553242, 0.004143885325542092, 0.0039725763096640975, 0.0037953886225315574, 0.0036793747712682277, 0.003559173476202211, 0.0034247474888830934, 0.0033120549321673017, 0.0032042771923941993, 0.0030773415319526555, 0.002958901502716839, 0.002840500582264616, 0.002706850860329022, 0.002578671109303289, 0.0024596622011308225, 0.0023278594821586783, 0.0021915701248488156, 0.0020520777443307882, 0.0019166955848334984, 0.001795516775308428, 0.0016824571093561357]
test_mses [4.313541718804291, 4.309061474008049, 3.9042598825477035, 0.3317859929761507, 0.07972181700631698, 0.046183877333438705, 0.029927979582073026, 0.02438410233381622, 0.021833719665407418, 0.020399599869739774, 0.019128278804155005, 0.0181000578672543, 0.01736421592194154, 0.01658484688072594, 0.01608225099568837, 0.015564740246281373, 0.01497103784466685, 0.014481643631826009, 0.014015687758260578, 0.013455604084855657, 0.012939241119527165, 0.012424756372825061, 0.011837300543885015, 0.011276849154049452, 0.010757761317804438, 0.01017846094438236, 0.00958162636797794, 0.00897173405306429, 0.008378398146904276, 0.00784799699530307, 0.007352997067176462]
test_rres [1.0000079051672364, 0.9989692505058488, 0.9051241418055127, 0.07691791048490969, 0.018481900122369, 0.01070680323395942, 0.006938200235154499, 0.005652963778679386, 0.005061708843438542, 0.004729237007969195, 0.004434506784299811, 0.004196134436890548, 0.004025544279141854, 0.0038448632395078498, 0.0037283464904171713, 0.0036083720299500376, 0.003470734067079964, 0.0033572778602116095, 0.003249255360975483, 0.0031194112241914574, 0.002999702854381782, 0.0028804299117909577, 0.002744240091181211, 0.0026143107067372632, 0.00249397063040086, 0.0023596714881523894, 0.0022213073935431447, 0.0020799161248426165, 0.0019423631265737015, 0.001819400285574904, 0.0017046445063445977]
step_times_seconds [0.0264132022857666, 0.08753490447998047, 0.19007325172424316, 0.2863140106201172, 0.2652759552001953, 0.18186688423156738, 0.18928170204162598, 0.19968390464782715, 0.15880513191223145, 0.14407825469970703, 0.16837620735168457, 0.15292692184448242, 0.10081887245178223, 0.10955309867858887, 0.11481785774230957, 0.1035456657409668, 0.10927009582519531, 0.1124880313873291, 0.12747597694396973, 0.12148189544677734, 0.12152409553527832, 0.1132969856262207, 0.10370397567749023, 0.11584091186523438, 0.11730217933654785, 0.15912795066833496, 0.15386295318603516, 0.14337396621704102, 0.1396961212158203, 0.16220378875732422, 0.13994789123535156]
