date 2025-01-26T23:42:30.059438
sample_ratio 0.9
rank 16
seed 0
l2_regularization_strength 0
input_shape (100, 100, 100)
input_size 1000000
num_train_samples 900000
num_test_samples 1000000
num_iterations 10
max_num_richardson_iterations 1024
num_richardson_iterations [2, 3, 4, 3, 3, 3, 3, 2, 2, 2, 2, 2, 2, 2, 2, 2, 2, 2, 2, 2, 2, 2, 2, 2, 2, 2, 2, 2, 2, 2]
train_mses [4.31329169148168, 4.304197214285221, 3.5389542835596006, 0.10582177462558941, 0.061289043800085506, 0.03638726062438861, 0.032364353433789746, 0.027975615208824283, 0.025337156561236703, 0.02307725382934053, 0.02169440450839979, 0.020567023079351897, 0.019470883556135188, 0.018552749313893578, 0.017842601962482947, 0.017165269261868104, 0.01649855239858165, 0.015986661865306895, 0.01550730833924752, 0.014956613065838767, 0.014539395793817191, 0.014119623345622261, 0.013590260648185502, 0.013183458173414372, 0.012700772486691008, 0.01212905434905462, 0.011720549527345222, 0.01124186831950908, 0.010807233031937456, 0.010458492097527935, 0.010114948610525585]
train_rres [1.0000081612099474, 0.9978996668003627, 0.8204831527386939, 0.024534078803039976, 0.014209459590660226, 0.008436145800276795, 0.007503461365710511, 0.006485961424529415, 0.005874252231336366, 0.0053503087243623425, 0.005029704252052857, 0.004768328321444939, 0.004514195620147163, 0.004301332266356099, 0.004136689298092501, 0.003979654189660838, 0.0038250802929268284, 0.0037064018571670103, 0.0035952669114106585, 0.0034675918532095003, 0.0033708627871360656, 0.003273541320360465, 0.003150812078857434, 0.0030564976146687647, 0.002944590129493149, 0.0028120410592141244, 0.002717331917142936, 0.002606352843921588, 0.0025055855261026183, 0.0024247322461711366, 0.0023450839600579246]
test_mses [4.313541718804291, 4.305975954025202, 3.5410323028317476, 0.10587478678819712, 0.061292454976870255, 0.036399575841247415, 0.032385082058669225, 0.027995309188480113, 0.025352741170114306, 0.023089507247691918, 0.021703715171880147, 0.02057663714841276, 0.019477703673755432, 0.018557931344820935, 0.017850154348945005, 0.01717069353860751, 0.01650310655320351, 0.015994028478245045, 0.015513013087792946, 0.014961748151850926, 0.014547242170420683, 0.014126393689166645, 0.013596777144943414, 0.013192539073437072, 0.01270942772645275, 0.01213792516083175, 0.011731735607165476, 0.011252837498875151, 0.01081823181224967, 0.010470976128382648, 0.010127003467089186]
test_rres [1.0000079051672364, 0.9982539347454965, 0.8209171317035203, 0.024544940248182278, 0.01420942313755285, 0.008438509688523839, 0.007507830033723667, 0.006490149469063537, 0.005877523214218725, 0.0053528379413723525, 0.005031569915914602, 0.004770279540932422, 0.004515513913624463, 0.004302283195145742, 0.004138199331557274, 0.003980680006167005, 0.0038259133883131687, 0.003707893873841682, 0.00359638012845184, 0.0034685804386098834, 0.00337248556224359, 0.00327492030483643, 0.003152139359280305, 0.0030584248913493083, 0.002946425240585705, 0.002813933863267398, 0.002719766983440576, 0.002608744087342863, 0.0025079894985182093, 0.002427485251285025, 0.002347742106816209]
step_times_seconds [0.021645784378051758, 0.08603405952453613, 0.13370084762573242, 0.1784529685974121, 0.11332464218139648, 0.12047696113586426, 0.11145710945129395, 0.10341405868530273, 0.07488608360290527, 0.07407069206237793, 0.06869196891784668, 0.07249712944030762, 0.071533203125, 0.07167887687683105, 0.06940221786499023, 0.07607507705688477, 0.06950497627258301, 0.06491589546203613, 0.07075190544128418, 0.07098102569580078, 0.07377934455871582, 0.07313084602355957, 0.06694889068603516, 0.06991815567016602, 0.07609009742736816, 0.0680692195892334, 0.07298088073730469, 0.07816815376281738, 0.08551287651062012, 0.0844118595123291, 0.08101820945739746]
