date 2025-01-26T23:42:30.059438
sample_ratio 0.5
rank 16
seed 0
l2_regularization_strength 0
input_shape (100, 100, 100)
input_size 1000000
num_train_samples 500000
num_test_samples 1000000
num_iterations 10
max_num_richardson_iterations 1024
num_richardson_iterations [2, 2, 6, 5, 4, 4, 3, 2, 2, 2, 2, 2, 2, 2, 2, 2, 2, 2, 2, 2, 2, 2, 2, 2, 2, 2, 2, 2, 2, 2]
train_mses [4.315148045733087, 4.3039980035243905, 3.9841613454859255, 0.36351048016867493, 0.09082292750677372, 0.04972285098790589, 0.030983184064556888, 0.024296854294679766, 0.022069955461321445, 0.021151079044458895, 0.020472515916647952, 0.019542814502486835, 0.01901540426564478, 0.018519981984914884, 0.01794595990676177, 0.017555278250850972, 0.01715122021601362, 0.016722250492317868, 0.01640355746788142, 0.016062721932408763, 0.015715475357894415, 0.015444694681143005, 0.015151575412071534, 0.014858932846535604, 0.014622549663809645, 0.014366063744950168, 0.014112358381102905, 0.013900627250674504, 0.01367197761301441, 0.013446105248011712, 0.013251085403525896]
train_rres [1.0000006866070115, 0.9974167544345293, 0.9232971937031613, 0.08424061605880863, 0.02104747946162364, 0.011522868879813077, 0.007180102515478044, 0.00563059962707318, 0.005114533819188632, 0.004901591635506626, 0.004744340114463653, 0.0045288893251402285, 0.004406666265032908, 0.0042918561552430035, 0.004158831177606766, 0.00406829386115435, 0.003974656676987291, 0.00387524641025182, 0.003801391877365412, 0.003722405996491695, 0.003641934409131061, 0.0035791831756156606, 0.003511255153860055, 0.0034434376042963176, 0.0033886577120369895, 0.003329219173139552, 0.0032704250053950602, 0.00322135802702943, 0.0031683703213402515, 0.0031160262261448165, 0.003070831953243647]
test_mses [4.313541718804291, 4.309061474008049, 3.998199008395102, 0.36390282285486963, 0.090921169406241, 0.05000623343717601, 0.03126868233154251, 0.02454702366576257, 0.02230677940872656, 0.02138837661838023, 0.02070277655152817, 0.019764260719090963, 0.019239106442426743, 0.018739162341741285, 0.018158364781978926, 0.017769976084909718, 0.017362100708056695, 0.01692722315220985, 0.01661032094983723, 0.016266126526204145, 0.015913590792283615, 0.015643966803521578, 0.01534792395757417, 0.015050516768115649, 0.014814646053339877, 0.014555616310429113, 0.014297566164605542, 0.014085744082941587, 0.013854840694048895, 0.01362493253706803, 0.013429274167448001]
test_rres [1.0000079051672364, 0.9989692505058488, 0.9269020390824487, 0.0843635516450775, 0.021078244765068352, 0.011592939631676027, 0.007249015207014926, 0.005690733813255959, 0.005171378232023164, 0.004958465013525636, 0.004799522424968663, 0.004581946402121718, 0.004460199943566038, 0.00434429795735185, 0.004209651722557765, 0.004119611613370072, 0.00402505390933814, 0.003924236293101615, 0.0038507688901654093, 0.003770974334557639, 0.003689246013897699, 0.003626739114054964, 0.003558107533438728, 0.003489159657215444, 0.003434477775191453, 0.0033744269382063865, 0.0033146032011069663, 0.003265496511068588, 0.003211966203661105, 0.0031586666207589547, 0.003113307162316902]
step_times_seconds [0.025054931640625, 0.0922091007232666, 0.09502601623535156, 0.2770509719848633, 0.19568800926208496, 0.15585899353027344, 0.16776800155639648, 0.10939788818359375, 0.08620476722717285, 0.058695077896118164, 0.06940507888793945, 0.07581591606140137, 0.07352709770202637, 0.0722048282623291, 0.07575798034667969, 0.0750739574432373, 0.0655069351196289, 0.07259106636047363, 0.07856011390686035, 0.07088494300842285, 0.1012117862701416, 0.07074213027954102, 0.0657038688659668, 0.07357287406921387, 0.07564473152160645, 0.0625619888305664, 0.07909512519836426, 0.07988405227661133, 0.07787108421325684, 0.05843830108642578, 0.07059502601623535]
