date 2025-01-26T23:42:30.059438
sample_ratio 0.8
rank 16
seed 0
l2_regularization_strength 0
input_shape (100, 100, 100)
input_size 1000000
num_train_samples 800000
num_test_samples 1000000
num_iterations 10
max_num_richardson_iterations 1024
num_richardson_iterations [3, 5, 6, 5, 5, 5, 5, 5, 5, 5, 5, 5, 5, 5, 5, 4, 4, 4, 4, 4, 4, 4, 4, 4, 4, 4, 4, 4, 4, 4]
train_mses [4.313941005736653, 4.303955147425327, 3.6697800878911764, 0.13946342326080638, 0.06533314352681342, 0.03721608583725416, 0.030632623133816806, 0.027478053374514165, 0.025144571482919438, 0.02310104116340861, 0.021487872254449227, 0.020021038099757648, 0.018621865516067843, 0.017435343076578885, 0.016370959793377413, 0.015382613843205478, 0.014544478608355694, 0.013752843896473637, 0.013064923822537662, 0.012392542228129, 0.011797711897876706, 0.01126938487944451, 0.010699610519868173, 0.010220432954836284, 0.009791896374575556, 0.009308865219004602, 0.008910958854747885, 0.00854396089201404, 0.008131723012547528, 0.007783670709583671, 0.007450966525220962]
train_rres [1.000006144108762, 0.9976913420166039, 0.8506844740201794, 0.03232874069297388, 0.015144746961971165, 0.008626987352734589, 0.007100887866396335, 0.0063696332810583844, 0.005828713452609596, 0.0053550067254045, 0.004981061226775888, 0.0046410372985094695, 0.004316697865379134, 0.0040416524421723644, 0.003794919855548507, 0.0035658133329134864, 0.003371526859517288, 0.00318801958050742, 0.0030285541868738655, 0.002872690737489608, 0.0027348042934785444, 0.002612333850830328, 0.002480255581893807, 0.002369178376963616, 0.002269840158692616, 0.0021578696605507606, 0.002065631772154151, 0.0019805586992676164, 0.0018849986506362872, 0.00180431733372161, 0.001727193833865916]
test_mses [4.313541718804291, 4.306916232324009, 3.674923908787809, 0.1395617685048323, 0.06542930557368194, 0.03727281942229831, 0.03069308694648407, 0.027525064151111965, 0.025204449264920485, 0.023161415246630245, 0.02153820716667781, 0.02007474714747057, 0.018675653407886916, 0.017479664436545472, 0.016417319073712855, 0.015426879859180202, 0.01458144441041515, 0.013791216651673464, 0.013102126848378356, 0.012424354115366035, 0.011831083885636017, 0.011302154553272574, 0.010727382256034725, 0.010250167473434003, 0.00982117720789993, 0.009333473135747863, 0.008937755030477314, 0.008570192823678512, 0.008153967187343047, 0.007807873217652337, 0.007474333068518803]
test_rres [1.0000079051672364, 0.9984719193607291, 0.8519572080769356, 0.032354589537304586, 0.015168468759222235, 0.008640953652466653, 0.007115574991813814, 0.006381132613451865, 0.0058431447180470825, 0.005369508364906129, 0.004993200213159838, 0.004653926436874417, 0.0043295746881584045, 0.004052308695663077, 0.003806025286320079, 0.0035764118714775696, 0.00338041466380294, 0.003197216248871804, 0.003037464635096695, 0.0028803366564882017, 0.002742798883978874, 0.0026201772546730856, 0.0024869278558314516, 0.0023762952049443584, 0.002276842438577518, 0.002163778056840296, 0.0020720387717504457, 0.0019868268655256448, 0.0018903333217506456, 0.001810098394587971, 0.001732773818272838]
step_times_seconds [0.01720881462097168, 0.12108016014099121, 0.2221980094909668, 0.2381751537322998, 0.19916415214538574, 0.19872093200683594, 0.21457481384277344, 0.2672891616821289, 0.22629809379577637, 0.20845699310302734, 0.20754694938659668, 0.2514517307281494, 0.18862605094909668, 0.18058228492736816, 0.18621397018432617, 0.2083752155303955, 0.16736102104187012, 0.1702282428741455, 0.16305780410766602, 0.15369009971618652, 0.1869218349456787, 0.16136813163757324, 0.163679838180542, 0.1743178367614746, 0.1668391227722168, 0.15320301055908203, 0.15108394622802734, 0.15584015846252441, 0.16829919815063477, 0.1711268424987793, 0.15851211547851562]
