date 2025-01-26T23:42:30.059438
sample_ratio 0.4
rank 16
seed 0
l2_regularization_strength 0
input_shape (100, 100, 100)
input_size 1000000
num_train_samples 400000
num_test_samples 1000000
num_iterations 10
max_num_richardson_iterations 1024
num_richardson_iterations [2, 2, 4, 4, 4, 4, 3, 2, 2, 2, 2, 2, 2, 2, 2, 2, 2, 2, 2, 2, 2, 2, 2, 2, 2, 2, 2, 2, 2, 2]
train_mses [4.315993885738515, 4.304624253579956, 4.06842238986172, 0.5013529965929235, 0.10818596736987857, 0.05700049113799604, 0.03543575568448948, 0.027957912841116626, 0.025315896354746646, 0.02425615992482921, 0.024027859808628583, 0.022786825312372312, 0.022185740807100424, 0.021862142881042674, 0.021137941090980907, 0.020710049090381384, 0.02037530686426815, 0.019858385282898145, 0.01950887083992599, 0.019191726330878917, 0.018776447230677146, 0.018472079386318084, 0.018178435343988372, 0.017822582731238466, 0.01754721292486785, 0.01727399512718488, 0.016955985695365806, 0.01669813726581225, 0.01643886297119705, 0.01614438106447158, 0.015894287344829]
train_rres [0.9999999404158451, 0.9973656383797188, 0.9426385335928383, 0.11616164897194746, 0.025066291516582462, 0.013206804562448198, 0.008210334516499546, 0.006477745778938726, 0.005865600257213646, 0.005620063216423189, 0.005567166917530844, 0.005279623780268516, 0.005140354706824515, 0.005065378255202163, 0.004897583358804414, 0.004798442352947609, 0.0047208838079102755, 0.004601114974993771, 0.0045201337615352576, 0.004446652542945437, 0.004350433899812058, 0.004279912987530579, 0.004211876740814967, 0.004129426996684749, 0.004065624823360812, 0.00400232126255033, 0.0039286396445291465, 0.0038688971098972285, 0.0038088242075645143, 0.0037405938307439918, 0.00368264803393289]
test_mses [4.313541718804291, 4.309865258256334, 4.084536268467033, 0.503343711730663, 0.10854638439564784, 0.057466262559951985, 0.035832957117530234, 0.028322186269707592, 0.025661738338091662, 0.024603131152319123, 0.02437100282141382, 0.023115294785376064, 0.022514805834617894, 0.02218703178101594, 0.021452359952550362, 0.021025216825307086, 0.020686507807160234, 0.02016176462072459, 0.019812691825659277, 0.019491938695320683, 0.0190704310562593, 0.018765996960937434, 0.018469132084003977, 0.018108059791154204, 0.017832103096534335, 0.01755599008689135, 0.01723342768214531, 0.016974504446140015, 0.016712523552004057, 0.016413916365830762, 0.016162257011155142]
test_rres [1.0000079051672364, 0.9991555917202689, 0.9469175966476006, 0.11669011767119504, 0.02516429642949149, 0.013322397367770836, 0.008307150531740252, 0.0065659293470743335, 0.005949157993895157, 0.005703741205731386, 0.005649926920151016, 0.005358816263414892, 0.00521960497559867, 0.005143617152580344, 0.004973298262892429, 0.004874273718393637, 0.004795750843740143, 0.004674099688187219, 0.0045931741802635595, 0.0045188140171179385, 0.004421095947228353, 0.004350519024186864, 0.004281696872216986, 0.004197989522033591, 0.0041340145116840485, 0.004070003262839783, 0.003995223655806052, 0.003935197510305237, 0.0038744625082542173, 0.0038052364369237156, 0.003746894276237562]
step_times_seconds [0.014946937561035156, 0.07829093933105469, 0.08597302436828613, 0.1522979736328125, 0.1194298267364502, 0.14656591415405273, 0.1512439250946045, 0.12591099739074707, 0.09872984886169434, 0.06826376914978027, 0.06748604774475098, 0.06958603858947754, 0.06483721733093262, 0.07813906669616699, 0.07057881355285645, 0.07147598266601562, 0.06782269477844238, 0.07519388198852539, 0.06975913047790527, 0.07116103172302246, 0.0664372444152832, 0.08072090148925781, 0.0728769302368164, 0.07462096214294434, 0.07624506950378418, 0.07507109642028809, 0.0708460807800293, 0.07715296745300293, 0.06693792343139648, 0.06932973861694336, 0.08857226371765137]
