date 2025-01-26T23:42:30.059438
sample_ratio 0.1
rank 16
seed 0
l2_regularization_strength 0
input_shape (100, 100, 100)
input_size 1000000
num_train_samples 100000
num_test_samples 1000000
num_iterations 10
max_num_richardson_iterations 1024
num_richardson_iterations [4, 4, 6, 8, 6, 6, 6, 4, 4, 4, 4, 4, 4, 4, 4, 4, 4, 4, 4, 4, 4, 4, 4, 4, 4, 4, 4, 4, 4, 4]
train_mses [4.329567173196105, 4.2623960829076095, 4.06882294210302, 1.6174450924205, 0.21569986939450994, 0.07811250161231839, 0.058211401228494504, 0.043970102505091965, 0.03616436633058555, 0.031694125082286376, 0.028651664656635444, 0.02560088487021668, 0.023421113855184403, 0.02154821526140172, 0.019775710919859434, 0.018286840682418815, 0.01696032063945149, 0.01602484229976293, 0.015163444053583133, 0.01432406087261795, 0.013556484420518614, 0.012878997931206837, 0.012184627268652042, 0.011567094711463572, 0.01110448247558572, 0.010617833819769962, 0.010189918216009026, 0.009840679922584654, 0.009461550587734853, 0.009114932659552905, 0.008817539048726761]
train_rres [0.9999992178307167, 0.9844847252585304, 0.9397751777092941, 0.3735809522296029, 0.04982015338994434, 0.018041628040489793, 0.013445075077643996, 0.010155765311886708, 0.008352876072190001, 0.007320385392870241, 0.006617668949349656, 0.005913030984825266, 0.005409569732722038, 0.004976986739102296, 0.004567591784771246, 0.004223707739707923, 0.003917321684857813, 0.0037012544498285067, 0.0035022974783895664, 0.003308425321925066, 0.003131138350498316, 0.002974659438796264, 0.0028142807931574657, 0.0026716494285267127, 0.002564799977870132, 0.0024523988403645364, 0.002353563263518039, 0.002272899768464076, 0.002185332345869589, 0.002105274076023604, 0.002036585136386606]
test_mses [4.313541718804291, 4.362525741874778, 4.2911477120650625, 1.713436375389634, 0.2249507645718375, 0.08185599615325012, 0.0619808422122689, 0.04739022391525081, 0.0390984813715267, 0.0344446232917848, 0.03124008334354653, 0.02793436955943498, 0.02551427817075469, 0.023509729959237204, 0.021593267030031577, 0.0199555264990653, 0.018521763757042096, 0.01749416685516604, 0.016549615140258447, 0.01564664989280235, 0.014790692588365597, 0.014044513483712016, 0.01330131824081392, 0.012615328559631735, 0.012108240129756698, 0.011582901833478532, 0.011114960847760725, 0.010731588755871116, 0.010324703972193696, 0.009949923843264274, 0.009622135521175221]
test_rres [1.0000079051672364, 1.0113638658813386, 0.9948163050327177, 0.39722576761485384, 0.05215031116184684, 0.018976666640720376, 0.01436901187508932, 0.010986470430157994, 0.00906419666259743, 0.007985293252673213, 0.007242385106753906, 0.0064760218415231725, 0.005914972319419953, 0.005450258126656333, 0.005005964735262676, 0.004626287526986354, 0.004293898467224368, 0.004055670789786657, 0.00383669546896637, 0.0036273611343496433, 0.003428924646024763, 0.0032559380257560174, 0.0030836431538318865, 0.002924610241027349, 0.00280705198575807, 0.002685262865955404, 0.00257678015838598, 0.0024879030482287193, 0.002393574993304408, 0.0023066897569810397, 0.00223069862610091]
step_times_seconds [0.01834583282470703, 0.1601877212524414, 0.1392803192138672, 0.22122693061828613, 0.2859058380126953, 0.2221367359161377, 0.23528409004211426, 0.19472813606262207, 0.1425309181213379, 0.1363520622253418, 0.13196897506713867, 0.12778902053833008, 0.1413118839263916, 0.14059090614318848, 0.13069891929626465, 0.1342332363128662, 0.14713501930236816, 0.15368390083312988, 0.12962985038757324, 0.15899014472961426, 0.13501381874084473, 0.16327118873596191, 0.128828763961792, 0.12647604942321777, 0.1305227279663086, 0.1258699893951416, 0.1376640796661377, 0.1279759407043457, 0.13437485694885254, 0.14330601692199707, 0.1345059871673584]
