date 2025-01-26T23:42:30.059438
sample_ratio 0.3
rank 16
seed 0
l2_regularization_strength 0
input_shape (100, 100, 100)
input_size 1000000
num_train_samples 300000
num_test_samples 1000000
num_iterations 10
max_num_richardson_iterations 1024
num_richardson_iterations [2, 4, 10, 10, 8, 7, 6, 6, 5, 5, 4, 4, 4, 4, 4, 4, 4, 4, 4, 3, 3, 3, 3, 3, 3, 3, 3, 3, 3, 2]
train_mses [4.3187702566143145, 4.3069222479684415, 4.042332680375311, 0.6403099671035162, 0.10279387348206964, 0.06056804862376392, 0.041217458866250015, 0.03276652161143715, 0.028129726163636418, 0.025664443064581096, 0.023650979556980214, 0.022277384745355674, 0.0212589236570302, 0.020416768991666487, 0.01947258596453228, 0.018666151370758572, 0.017909681976821485, 0.017142747154650955, 0.016488190090725427, 0.015909427550344874, 0.015465537578696748, 0.015141277943293719, 0.014882924455949357, 0.014576403618805025, 0.014325690961120411, 0.014089179816321818, 0.013845442139534397, 0.013632727995583314, 0.013419686533328725, 0.013211315203283756, 0.013084118156594578]
train_rres [0.9999939602574168, 0.9972506012957297, 0.9359859463548865, 0.14826120903641382, 0.023801509810831917, 0.014024289140081117, 0.009543737562859067, 0.007586956879657758, 0.006513325459776489, 0.005942499029358158, 0.005476289616223495, 0.0051582392375626295, 0.0049224186505511126, 0.004727421109833, 0.00450879931047571, 0.00432207260930857, 0.004146915150099405, 0.003969334462887102, 0.003817774395627935, 0.003683764246808973, 0.0035809833012406976, 0.003505902281021645, 0.003446081565492698, 0.003375107892983044, 0.003317056380967389, 0.00326229317239663, 0.003205856689279403, 0.00315660358097001, 0.003107274683418046, 0.003059027136279679, 0.0030295751694247738]
test_mses [4.313541718804291, 4.310799076183913, 4.078766210007167, 0.6465812257559811, 0.10383437753898953, 0.061412686582082786, 0.04192920019265694, 0.03349409272588895, 0.028771056820687486, 0.026262025213532172, 0.024218972688944265, 0.022807846567787938, 0.02176753339418405, 0.020909540690924697, 0.01994061227101889, 0.019115156291221548, 0.018345824677943004, 0.01755695584898707, 0.01688525718648112, 0.016295889517468014, 0.01583741389789707, 0.015505828690785844, 0.015242959004699047, 0.01492462898834001, 0.014669737629683356, 0.014429638517895374, 0.014176152128808368, 0.013960978690704524, 0.0137446393300957, 0.013528001183975038, 0.01339998952835326]
test_rres [1.0000079051672364, 0.999372078628346, 0.9455799246255613, 0.1498968548907267, 0.02407191239497085, 0.014237296417447037, 0.009720441897480794, 0.007764931855481853, 0.006669990957843011, 0.006088322434612575, 0.005614681791158657, 0.0052875405767378834, 0.005046364887415495, 0.004847456532804056, 0.0046228299631285935, 0.00443146459356084, 0.004253110529748315, 0.004070227155360869, 0.003914507327853924, 0.0037778742855690186, 0.0036715859327987846, 0.003594714570478993, 0.003533773519887162, 0.0034599751069905563, 0.003400883671174763, 0.0033452215203336275, 0.0032864557984595916, 0.0032365721638240833, 0.0031864182335016897, 0.003136195035766746, 0.003106518107636604]
step_times_seconds [0.021804094314575195, 0.06710505485534668, 0.20129680633544922, 0.3373990058898926, 0.34345006942749023, 0.3137209415435791, 0.2373659610748291, 0.20494413375854492, 0.21757984161376953, 0.20448517799377441, 0.1766808032989502, 0.12321591377258301, 0.15814805030822754, 0.1331179141998291, 0.14963793754577637, 0.1471261978149414, 0.12710785865783691, 0.14226984977722168, 0.15526223182678223, 0.12978816032409668, 0.10602807998657227, 0.11093807220458984, 0.11413908004760742, 0.09774112701416016, 0.10796332359313965, 0.10645103454589844, 0.10685610771179199, 0.09910130500793457, 0.08952903747558594, 0.10361862182617188, 0.06274986267089844]
