date 2025-01-26T23:42:30.059438
sample_ratio 0.3
rank 16
seed 0
l2_regularization_strength 0
input_shape (100, 100, 100)
input_size 1000000
num_train_samples 300000
num_test_samples 1000000
num_iterations 10
max_num_richardson_iterations 1024
num_richardson_iterations [2, 4, 6, 6, 4, 4, 4, 4, 4, 4, 4, 4, 4, 4, 4, 4, 4, 4, 4, 4, 4, 4, 4, 4, 4, 4, 4, 4, 4, 4]
train_mses [4.3187702566143145, 4.3069222479684415, 4.007789075277957, 0.6221494141405434, 0.09740790879038706, 0.057870875979989155, 0.039458339498561056, 0.032577315212005575, 0.027867044526066007, 0.025086179327388537, 0.022875202216764253, 0.02079358499192566, 0.01913992709454357, 0.01788508733554889, 0.01661627208605251, 0.015559650320174265, 0.014457153866413233, 0.013499217541002103, 0.01272741774925672, 0.012049458018107008, 0.011462715304318765, 0.010886251201620751, 0.01034142442558946, 0.009856310803416214, 0.009365831646070043, 0.008884586423774692, 0.00845686617387401, 0.00802474472368251, 0.007590863158489296, 0.007207475303669001, 0.006826256737621514]
train_rres [0.9999939602574168, 0.9972506012957297, 0.9279875129096328, 0.14405620571397626, 0.022554411252256455, 0.01339976961408514, 0.00913642051690908, 0.007543146895465185, 0.00645250257839292, 0.005808604376420131, 0.00529666147936384, 0.004814671345895091, 0.0044317734811194715, 0.0041412203593914195, 0.003847431268796551, 0.003602774729695742, 0.003347496090301169, 0.0031256897697970356, 0.002946982618359357, 0.0027900037572103657, 0.002654145831192031, 0.002520667876415354, 0.0023945154179502623, 0.002282189301165308, 0.002168620816195046, 0.0020571904119124724, 0.0019581535006701076, 0.0018580975091231217, 0.001757633969995114, 0.001668862047323567, 0.0015805924147813783]
test_mses [4.313541718804291, 4.310799076183913, 4.05949795582281, 0.6269919918627087, 0.09828994717192165, 0.05864026814050023, 0.04012386002337635, 0.03328371848593221, 0.028481327836526456, 0.02567159228070169, 0.0234105939689053, 0.02126819986136287, 0.01959586649153086, 0.018298561545198783, 0.016998452244515662, 0.015932623515996436, 0.01479975553582353, 0.013823825017011094, 0.013040251571906525, 0.01234237714825763, 0.011739708623257739, 0.011153227478479084, 0.010591222512757143, 0.010093226007179521, 0.009591597480814857, 0.009094516380997796, 0.008656768163382289, 0.008213421757756321, 0.0077651456819149605, 0.007374579403392472, 0.006983047143904494]
test_rres [1.0000079051672364, 0.999372078628346, 0.9411129673641697, 0.14535548493850273, 0.022786547709022227, 0.013594566953181531, 0.00930191008337399, 0.007716160818428197, 0.006602823119114558, 0.005951442432333328, 0.005427275440854012, 0.004930604449082543, 0.004542907586753239, 0.004242153522850445, 0.003940749325784985, 0.0036936583681556204, 0.003431025708143286, 0.0032047758426436827, 0.0030231200965156724, 0.002861331945164171, 0.0027216153668897336, 0.0025856515072025816, 0.002455361957430713, 0.0023399114819774866, 0.0022236189955422083, 0.0021083807385063923, 0.0020068976170658235, 0.0019041166683107147, 0.001800192874648422, 0.0017096479369904404, 0.0016188790560708187]
step_times_seconds [0.02282094955444336, 0.08593106269836426, 0.13279390335083008, 0.23622798919677734, 0.23111391067504883, 0.14864802360534668, 0.15684080123901367, 0.13731169700622559, 0.14344120025634766, 0.12894105911254883, 0.13816189765930176, 0.14442086219787598, 0.13295793533325195, 0.15166807174682617, 0.1499619483947754, 0.2486858367919922, 0.1505889892578125, 0.14611291885375977, 0.12947916984558105, 0.1317760944366455, 0.1469130516052246, 0.14574074745178223, 0.14427900314331055, 0.14540576934814453, 0.1457982063293457, 0.16286897659301758, 0.13859009742736816, 0.17883801460266113, 0.11773180961608887, 0.1448829174041748, 0.15838408470153809]
