date 2025-01-26T23:42:30.059438
sample_ratio 0.8
rank 16
seed 0
l2_regularization_strength 0
input_shape (100, 100, 100)
input_size 1000000
num_train_samples 800000
num_test_samples 1000000
num_iterations 10
max_num_richardson_iterations 1024
num_richardson_iterations [2, 3, 4, 3, 3, 3, 3, 2, 2, 2, 2, 2, 2, 2, 2, 2, 2, 2, 2, 2, 2, 2, 2, 2, 2, 2, 2, 2, 2, 2]
train_mses [4.313941005736653, 4.304343002927999, 3.671459868152269, 0.13911890325386103, 0.06592578384156678, 0.03775780007881468, 0.03046020121249192, 0.02721867655754986, 0.02489017303436104, 0.023147166509824766, 0.021917348309309723, 0.02060486997432803, 0.019380198896761146, 0.01838556500303531, 0.017480898675755488, 0.016661057808099754, 0.015967045188404187, 0.015317413730071366, 0.014710106733350955, 0.01416305959321017, 0.013651062856322319, 0.013175762680370505, 0.01271159618286941, 0.012291676212447184, 0.011903064903579718, 0.011498853723883852, 0.011145408065254185, 0.010817119231562469, 0.01046375298148632, 0.010159861807985086, 0.009874070508051759]
train_rres [1.000006144108762, 0.997781250034628, 0.8510738605647826, 0.032248878190622644, 0.015282125742814904, 0.008752561061135181, 0.007060919081363199, 0.0063095076534110065, 0.005769741850709656, 0.00536569895085542, 0.005080617222798312, 0.004776374212231873, 0.004492485628579335, 0.004261921510168353, 0.0040522125956409865, 0.003862166903370979, 0.0037012892087382324, 0.0035506994234641006, 0.0034099207880416292, 0.0032831108709541106, 0.0031644259186168777, 0.003054247523591138, 0.0029466500045770183, 0.002849309185614083, 0.0027592259656486645, 0.0026655265704376967, 0.0025835950303985025, 0.002507495044261127, 0.0024255819117618843, 0.002355137499045637, 0.002288888782272248]
test_mses [4.313541718804291, 4.306735764834899, 3.676549694621575, 0.13923600826539131, 0.06602846437081755, 0.03783227491727683, 0.030528828982062262, 0.02727359166485173, 0.024951159331673384, 0.023208366793096617, 0.021972429901554142, 0.020662263001798787, 0.01943700344660496, 0.018436339164033592, 0.01753280882460458, 0.016711543856634193, 0.016011906393587537, 0.015363358453041206, 0.014754555857768139, 0.014202911359742864, 0.013691924131611109, 0.013215608310796075, 0.012747572782951794, 0.012328760353476534, 0.011939511731845761, 0.011531811183056451, 0.01117965663274827, 0.010850899965930834, 0.010494318661006927, 0.010191879561538764, 0.0099056158361033]
test_rres [1.0000079051672364, 0.9984300816024554, 0.8523341138290667, 0.03227906857660307, 0.015307371677669537, 0.00877065215871475, 0.007077495085876561, 0.006322833774450025, 0.005784424540508939, 0.005380393136791265, 0.005093866022322346, 0.004790130173163342, 0.0045060783844130155, 0.0042740944931647686, 0.004064629153337731, 0.00387423538558371, 0.003712038509001339, 0.0035616857108357425, 0.003420547071720376, 0.0032926593880421473, 0.003174197274799182, 0.0030637730301246013, 0.0029552684048643313, 0.0028581751651184893, 0.0027679356997136846, 0.0026734185260526527, 0.002591778575147898, 0.0025155629530152343, 0.002432896748071794, 0.002362782324701001, 0.002296417836524116]
step_times_seconds [0.026451826095581055, 0.10262513160705566, 0.13723301887512207, 0.17214488983154297, 0.13917183876037598, 0.11150288581848145, 0.12552285194396973, 0.10935592651367188, 0.0860128402709961, 0.08049583435058594, 0.07014918327331543, 0.07018494606018066, 0.07154297828674316, 0.07370686531066895, 0.07199716567993164, 0.07943129539489746, 0.07396197319030762, 0.07250523567199707, 0.08194398880004883, 0.07156038284301758, 0.07375311851501465, 0.07086014747619629, 0.07071423530578613, 0.07137727737426758, 0.07630300521850586, 0.07606196403503418, 0.08224201202392578, 0.07989668846130371, 0.07137584686279297, 0.08163881301879883, 0.07642221450805664]
