date 2025-01-26T23:42:30.059438
sample_ratio 0.9
rank 16
seed 0
l2_regularization_strength 0
input_shape (100, 100, 100)
input_size 1000000
num_train_samples 900000
num_test_samples 1000000
num_iterations 10
max_num_richardson_iterations 1024
num_richardson_iterations [3, 4, 5, 4, 4, 4, 4, 4, 4, 4, 4, 4, 4, 4, 4, 4, 4, 4, 4, 4, 4, 4, 4, 4, 4, 4, 4, 4, 4, 4]
train_mses [4.31329169148168, 4.304105774388486, 3.538163093968247, 0.10583255553239479, 0.06123058803248666, 0.03616400564071138, 0.03221784822589039, 0.02788229879521897, 0.025308859528975356, 0.02295277135563541, 0.021193829801844092, 0.019987426051104377, 0.018784448041744083, 0.01775996732757801, 0.016983434207655534, 0.016222295468643427, 0.015390749060827007, 0.014750964803251242, 0.0140505858329444, 0.013257849389310895, 0.012694140654703449, 0.012106629838968251, 0.01156177770657271, 0.011103575386711391, 0.010712428099695288, 0.01034378337229988, 0.010009604237656757, 0.009726286070376039, 0.00945263575468404, 0.009194200184586476, 0.008960074865791258]
train_rres [1.0000081612099474, 0.9978784670648623, 0.8202997206629128, 0.02453657828500451, 0.014195907007424532, 0.00838438560836839, 0.007469495101882714, 0.0064643266309993485, 0.005867691751493268, 0.005321448285853497, 0.004913649315902917, 0.004633952582469248, 0.004355050084525006, 0.0041175310043312105, 0.003937496934549683, 0.0037610319502018024, 0.0035682434133441007, 0.0034199136631783665, 0.0032575354294897317, 0.003073744726234572, 0.0029430525830933937, 0.0028068420848109347, 0.0026805217202215837, 0.002574290541780404, 0.0024836056293679842, 0.002398137786627261, 0.0023206605636958335, 0.0022549751197785363, 0.002191531103332787, 0.002131614525060351, 0.0020773341178243936]
test_mses [4.313541718804291, 4.306038267796481, 3.540245465295879, 0.10588879695339769, 0.06123492562367957, 0.03617540892582964, 0.03223782881811237, 0.02789999852190079, 0.025321730957420466, 0.022961657064120577, 0.0212004929170863, 0.019995378694300094, 0.018788851285270265, 0.017763912046930924, 0.016990785759761987, 0.016227265762742683, 0.015395648050483742, 0.01475992553525703, 0.014058186588081889, 0.013265955251757933, 0.01270543756594758, 0.012117162513225234, 0.011572329668435143, 0.011116129291518608, 0.010724221002265832, 0.010355240685686497, 0.010022298916959117, 0.009738392189404805, 0.00946448742953729, 0.009206578287037906, 0.008972196683607039]
test_rres [1.0000079051672364, 0.9982683809402806, 0.8207347192435872, 0.02454818822324931, 0.014196086113891053, 0.008386541097025697, 0.00747369233106128, 0.0064680536076486385, 0.005870334119999566, 0.005323198447290013, 0.004914907955591793, 0.004635526457051486, 0.004355817339698791, 0.004118205788108294, 0.003938972005462547, 0.0037619652480121468, 0.003569171404681345, 0.0034217919234656785, 0.00325910786004751, 0.003075444955944483, 0.0029455002021119467, 0.0028091204609422956, 0.002682811922089014, 0.0025770510385746503, 0.0024861949827157583, 0.002400654316255547, 0.0023234684624045647, 0.0022576503967888296, 0.0021941510862486325, 0.002134360037934446, 0.002080023376430773]
step_times_seconds [0.021502017974853516, 0.13485169410705566, 0.1919560432434082, 0.23676395416259766, 0.14713692665100098, 0.18010711669921875, 0.16852402687072754, 0.1774430274963379, 0.1513810157775879, 0.15504908561706543, 0.16552495956420898, 0.17191386222839355, 0.1799619197845459, 0.15469884872436523, 0.1530609130859375, 0.16138315200805664, 0.1606273651123047, 0.18355512619018555, 0.17290806770324707, 0.16712093353271484, 0.1729137897491455, 0.14161205291748047, 0.15169882774353027, 0.16722893714904785, 0.16083788871765137, 0.16554498672485352, 0.17215585708618164, 0.15970110893249512, 0.16579198837280273, 0.16325092315673828, 0.15268182754516602]
