date 2025-01-26T23:42:30.059438
sample_ratio 0.7
rank 16
seed 0
l2_regularization_strength 0
input_shape (100, 100, 100)
input_size 1000000
num_train_samples 700000
num_test_samples 1000000
num_iterations 10
max_num_richardson_iterations 1024
num_richardson_iterations [4, 4, 6, 5, 4, 4, 4, 4, 4, 4, 4, 4, 4, 4, 4, 4, 4, 4, 4, 4, 4, 4, 4, 4, 4, 4, 4, 4, 4, 4]
train_mses [4.315757786526374, 4.304487012837049, 3.7459838256977425, 0.1810449539114056, 0.06970701315163409, 0.04106166275090002, 0.03277739387229203, 0.02874625111575012, 0.026302260072321983, 0.02429458503114721, 0.022191206796563938, 0.020513539303991322, 0.019096022964421974, 0.017660449841572324, 0.016748559596512554, 0.01598666469474505, 0.015150462205785035, 0.014508474896535782, 0.01394221625155995, 0.013261755323948613, 0.01270701032429862, 0.012222256252052643, 0.011627025499897215, 0.011144855528462156, 0.01071599246235433, 0.01019097057701044, 0.009784129965932599, 0.00941024243669447, 0.008973389239043164, 0.00864867162813813, 0.008344674588602089]
train_rres [1.000004789926255, 0.9973932375099709, 0.8679823924268619, 0.04194994947784179, 0.0161518209526749, 0.009514403139450971, 0.0075948541356796575, 0.006660797530834137, 0.006094500052881346, 0.005629301411739326, 0.005141927371385023, 0.004753194821631229, 0.004424741928886986, 0.004092105096574278, 0.0038808108910019217, 0.0037042721256507903, 0.0035105155397462534, 0.003361760578027737, 0.0032305527148152025, 0.003072883026054313, 0.0029443429910760914, 0.0028320205628583573, 0.002694099568977484, 0.002582375903089888, 0.0024830039870687467, 0.0023613510987164138, 0.0022670820085731918, 0.002180448481247101, 0.0020792251708218147, 0.002003984811575472, 0.0019335456185770807]
test_mses [4.313541718804291, 4.308209839065536, 3.7541794911200093, 0.18099761819929872, 0.06984737324701268, 0.041207431891254864, 0.03289424731701712, 0.028878263855111906, 0.026426513640866223, 0.024413791558251935, 0.022309524800344087, 0.02062665901985845, 0.019201319322276717, 0.017758638982942606, 0.01684158476375741, 0.016074805995605044, 0.015231555693038808, 0.014585213535469476, 0.014015455340881762, 0.013328268456232549, 0.01276986624119982, 0.012283071145987876, 0.011682566282577838, 0.011197047970519972, 0.01076667264831334, 0.01023788857067939, 0.009828114220766166, 0.009452279955071025, 0.00901299920051401, 0.008685982241563946, 0.008379761044964457]
test_rres [1.0000079051672364, 0.9987718160702163, 0.8703310210657671, 0.04196065804271686, 0.01619270890500185, 0.009553114431061558, 0.007625869759910796, 0.006694844752915075, 0.006126455768741583, 0.005659846628335059, 0.005172014695861763, 0.004781876105921902, 0.00445143975963208, 0.004116983334260268, 0.0039043827548676177, 0.0037266205168616498, 0.003531129891391438, 0.0033812884596522903, 0.003249201479679957, 0.003089891019326522, 0.002960436694853125, 0.0028475830411405743, 0.0027083680642960082, 0.002595810407082505, 0.002496036543178662, 0.0023734485882609345, 0.0022784506455120284, 0.0021913210287774886, 0.0020894826194652887, 0.0020136703136173547, 0.001942679087082018]
step_times_seconds [0.016384124755859375, 0.17116308212280273, 0.17224502563476562, 0.2526588439941406, 0.1668229103088379, 0.17629694938659668, 0.1643390655517578, 0.15985393524169922, 0.1647779941558838, 0.15448880195617676, 0.1508941650390625, 0.16757798194885254, 0.16733217239379883, 0.14248108863830566, 0.15207910537719727, 0.16242194175720215, 0.16402912139892578, 0.16558623313903809, 0.16296601295471191, 0.16937804222106934, 0.17681884765625, 0.1504368782043457, 0.17119193077087402, 0.155897855758667, 0.13952207565307617, 0.17589282989501953, 0.1604480743408203, 0.14688491821289062, 0.15448403358459473, 0.1684260368347168, 0.16407084465026855]
