date 2025-01-26T23:42:30.059438
sample_ratio 0.6
rank 16
seed 0
l2_regularization_strength 0
input_shape (100, 100, 100)
input_size 1000000
num_train_samples 600000
num_test_samples 1000000
num_iterations 10
max_num_richardson_iterations 1024
num_richardson_iterations [4, 4, 6, 5, 5, 4, 4, 4, 4, 4, 4, 4, 4, 4, 4, 4, 4, 4, 4, 4, 4, 4, 4, 4, 4, 4, 4, 4, 4, 4]
train_mses [4.315712483223459, 4.302980743630122, 3.821650078443566, 0.23889902293775925, 0.07247590429645948, 0.04268166692093267, 0.030391598903002415, 0.02686517770113517, 0.02446312777685182, 0.022617880772333156, 0.020795719858078144, 0.019424746281303227, 0.018085436528588048, 0.0167677417260774, 0.015792145095798054, 0.015032873742788722, 0.01423014138379703, 0.013622764824728005, 0.013070021988847888, 0.012484679295504264, 0.012006186782825555, 0.01154515732050639, 0.01107529203651981, 0.010649087879213074, 0.010215884118234061, 0.009780130443286466, 0.009322480749608748, 0.008837770964702688, 0.008365088851680707, 0.007843956539851076, 0.0073604808615163]
train_rres [1.0000037523399115, 0.9970536514199255, 0.885523406257878, 0.05535584687274174, 0.01679355993533527, 0.009889868067665007, 0.007042107893135643, 0.00622499265482757, 0.005668408093893839, 0.005240841629333067, 0.0048186244963091505, 0.004500953028049108, 0.004190618457924951, 0.003885292338061367, 0.0036592345793849063, 0.0034833020525993352, 0.0032972990752840377, 0.003156562443612349, 0.0030284851186960543, 0.002892854005172205, 0.0027819813949125265, 0.0026751551885675516, 0.0025662816134840952, 0.0024675248593614787, 0.0023671462108322307, 0.0022661767158212863, 0.002160133643509596, 0.002047820414677472, 0.0019382941456029194, 0.0018175413685537027, 0.001705514097418452]
test_mses [4.313541718804291, 4.309748234602211, 3.836157174335549, 0.23908886881066718, 0.07265773078659694, 0.042855188486917835, 0.030544096859990065, 0.027005201127927203, 0.024600454947781368, 0.022747539274151372, 0.020917680819680526, 0.019541612355837887, 0.018201401127155487, 0.016861429436284638, 0.015882835177883827, 0.015126298059395747, 0.014302071798737185, 0.01369318072373907, 0.013145581994049102, 0.012544488881172655, 0.01206223730386569, 0.01160776717172507, 0.011127232284892865, 0.01069475768600696, 0.010268906480792192, 0.009825831578612597, 0.009360474692939848, 0.008883813004252089, 0.008406994012980914, 0.007879165604329887, 0.007403025620638837]
test_rres [1.0000079051672364, 0.9991284621393252, 0.8893358984048367, 0.0554279463221316, 0.01684423378621006, 0.009935113662521682, 0.007081034636347667, 0.006260612825611954, 0.005703120781525928, 0.005273559543446167, 0.0048493436579637415, 0.004530329856405929, 0.004219628833755846, 0.00390898334313043, 0.0036821159431732206, 0.0035067280256894334, 0.0033156477417752048, 0.0031744885904148516, 0.0030475388367675635, 0.0029081874861135, 0.002796387155660219, 0.002691027394603127, 0.002579625044314962, 0.0024793645053280302, 0.0023806394669718903, 0.0022779214608310764, 0.0021700378248926365, 0.0020595333977069287, 0.0019489925030805014, 0.0018266261007986234, 0.0017162426204252756]
step_times_seconds [0.021610736846923828, 0.17467713356018066, 0.19292998313903809, 0.2242732048034668, 0.1750352382659912, 0.20526885986328125, 0.14416790008544922, 0.15387296676635742, 0.17201995849609375, 0.1536400318145752, 0.14165091514587402, 0.1467909812927246, 0.14647769927978516, 0.13896608352661133, 0.1515340805053711, 0.15120887756347656, 0.1528778076171875, 0.16843008995056152, 0.15974903106689453, 0.15411972999572754, 0.16692590713500977, 0.15108799934387207, 0.14833807945251465, 0.1441030502319336, 0.18683600425720215, 0.16214299201965332, 0.15714788436889648, 0.16346192359924316, 0.15162992477416992, 0.15471100807189941, 0.14530706405639648]
