date 2025-01-26T23:42:30.059438
sample_ratio 0.4
rank 16
seed 0
l2_regularization_strength 0
input_shape (100, 100, 100)
input_size 1000000
num_train_samples 400000
num_test_samples 1000000
num_iterations 10
max_num_richardson_iterations 1024
num_richardson_iterations [3, 7, 11, 10, 8, 8, 7, 7, 6, 6, 6, 6, 6, 6, 6, 6, 6, 6, 6, 6, 6, 6, 6, 6, 6, 6, 6, 6, 6, 6]
train_mses [4.315993885738515, 4.30055604540038, 3.936255018211548, 0.4422842513757875, 0.08695845157928819, 0.05206402605974831, 0.03553296073228848, 0.02933250641468449, 0.02568111083890977, 0.02381145942305495, 0.02211751879907615, 0.020837220404853488, 0.019849087680687775, 0.018767415201507428, 0.017821942465802494, 0.017013931627873652, 0.016098523596859798, 0.015217213468371779, 0.0143895460293067, 0.013426533368060675, 0.012511714842537535, 0.011713997904345675, 0.010830666112562174, 0.01011635260554044, 0.009466408017315317, 0.008769665013383776, 0.008212084339890324, 0.007675908898154052, 0.007147553371540695, 0.006697262135571178, 0.006266433198422335]
train_rres [0.9999999404158451, 0.9964230494778629, 0.9120158387341138, 0.10247563753139431, 0.020147954028684353, 0.012063043724319034, 0.008232856569259704, 0.006796234064152934, 0.0059502191125852715, 0.005517027742543906, 0.005124547917990835, 0.004827907479697423, 0.004598960754690748, 0.004348341211807704, 0.004129278649533485, 0.003942065504386515, 0.0037299688238293773, 0.003525772502122796, 0.003334004994646916, 0.0031108784960094077, 0.002898918401710545, 0.00271409031534636, 0.0025094255816752245, 0.0023439217641604924, 0.0021933319888490957, 0.002031899192403538, 0.0019027097970911603, 0.0017784799154037896, 0.0016560618793454896, 0.0015517310528753209, 0.0014519095696007807]
test_mses [4.313541718804291, 4.310389923504663, 3.9653242434289515, 0.44376486909802143, 0.08722563477186697, 0.052443723857028744, 0.03594981652014121, 0.029714531476976728, 0.026034545011352023, 0.024185860254379046, 0.022456546347535165, 0.021150071600178715, 0.02016440551283271, 0.019063840487367274, 0.01809729256167482, 0.017285756642635736, 0.016357754893577547, 0.015453815991423144, 0.014614793696959586, 0.013639174418235601, 0.012699984499527783, 0.011886883629744471, 0.010989175093373854, 0.010258759065501598, 0.0095981039199839, 0.008888788456232782, 0.008322137325221173, 0.00777736104476124, 0.007238373840535546, 0.006782680941541055, 0.006344756133736173]
test_rres [1.0000079051672364, 0.9992772248074391, 0.9192806859138098, 0.10287796109609378, 0.020221509374731675, 0.012158022769274107, 0.008334242034273928, 0.006888716584281538, 0.006035585724206481, 0.005607005339072844, 0.005206098685076489, 0.004903218787204544, 0.004674711925915975, 0.004419568056362513, 0.004195493356400326, 0.00400735507299659, 0.003792216528950132, 0.0035826564720711253, 0.0033881460252572046, 0.003161968314513286, 0.002944236018319907, 0.002755734932556197, 0.0025476192606958188, 0.002378286992794262, 0.002225127382623564, 0.0020606868561957575, 0.0019293201864326467, 0.0018030247608818422, 0.001678071416241631, 0.0015724281812784639, 0.001470904120953595]
step_times_seconds [0.019974231719970703, 0.13357901573181152, 0.3270902633666992, 0.39192867279052734, 0.4033060073852539, 0.31014394760131836, 0.3135819435119629, 0.24893999099731445, 0.27209019660949707, 0.21529698371887207, 0.22544384002685547, 0.2167668342590332, 0.20538115501403809, 0.23334193229675293, 0.2236030101776123, 0.2129521369934082, 0.22496485710144043, 0.23334884643554688, 0.19007396697998047, 0.2448270320892334, 0.23321080207824707, 0.2595341205596924, 0.2282121181488037, 0.22264909744262695, 0.22896409034729004, 0.2247931957244873, 0.25058817863464355, 0.21731090545654297, 0.22907423973083496, 0.23491597175598145, 0.22240591049194336]
