date 2025-01-26T23:42:30.059438
sample_ratio 0.1
rank 16
seed 0
l2_regularization_strength 0
input_shape (100, 100, 100)
input_size 1000000
num_train_samples 100000
num_test_samples 1000000
num_iterations 10
max_num_richardson_iterations 1024
num_richardson_iterations [19, 24, 45, 55, 45, 34, 35, 33, 31, 29, 30, 28, 27, 27, 25, 25, 25, 26, 26, 26, 26, 25, 25, 24, 24, 24, 23, 23, 23, 23]
train_mses [4.329567173196105, 4.263232463717692, 4.068603675110202, 1.6167178950090872, 0.215190466268649, 0.07733832511748873, 0.05817342001672598, 0.044015951713683714, 0.036233696067562146, 0.03164749870954245, 0.028368022863793058, 0.02529341330989648, 0.02312345225402435, 0.021356010479105188, 0.019888741036770685, 0.018839891846459584, 0.017801991664688925, 0.01680939362975994, 0.015885867000471596, 0.014900426578584602, 0.013913559645843485, 0.01307182192560285, 0.012356606083700344, 0.011753051817852338, 0.011261912720289938, 0.010807274322040499, 0.010382028774116077, 0.010008334142349518, 0.009646799481118355, 0.009303621081109171, 0.008991655811218963]
train_rres [0.9999992178307167, 0.9846779039580248, 0.9397245336581582, 0.3734129915966964, 0.04970249665728636, 0.017862816658584132, 0.013436302565163781, 0.010166355093935537, 0.00836888914693295, 0.007309616109380921, 0.006552156264215105, 0.005842014343316869, 0.005340818895414077, 0.004932593241029378, 0.004593698327060813, 0.004351445850548428, 0.004111722264231869, 0.0038824621052269788, 0.0036691553542307974, 0.003441548387602235, 0.0032136119400622363, 0.0030191959561573435, 0.0028540027038363113, 0.002714599902211489, 0.0026011616083217275, 0.0024961538732622356, 0.0023979349986497653, 0.00231162282828142, 0.0022281192437457473, 0.0021488554009971785, 0.0020768008483361415]
test_mses [4.313541718804291, 4.348415620372209, 4.283286741002591, 1.714416426015529, 0.22486838987666843, 0.08103718947709262, 0.06191583850478837, 0.04738846962047346, 0.03915848482011707, 0.03437374453452373, 0.030943282005579147, 0.027530599549724383, 0.025150236377758744, 0.02329337184087097, 0.021685284256389936, 0.02055119162969564, 0.019431655220849844, 0.01835434237148076, 0.01734155108294886, 0.016268298576095064, 0.015208016998761936, 0.014314384862254332, 0.013538512047377849, 0.01287866668800145, 0.01235711409692101, 0.01185579939750008, 0.011396800820371623, 0.010989825764061939, 0.010588885909876476, 0.010225782960974407, 0.00987854172571487]
test_rres [1.0000079051672364, 1.0080927179557422, 0.9929938969705694, 0.39745297264432805, 0.05213121424526998, 0.01878684277848863, 0.01435394207268951, 0.01098606373219152, 0.009078107255525299, 0.007968861438124971, 0.007173577685015589, 0.00638241588430712, 0.005830576550342261, 0.00540009984772509, 0.005027297078791146, 0.004764380509109622, 0.004504838505820809, 0.004255085185710123, 0.004020289891995621, 0.003771477880646429, 0.0035256729184701906, 0.0033185022779444726, 0.0031386317680805018, 0.0029856598905424244, 0.002864748410361941, 0.0027485286783927245, 0.002642119088429096, 0.0025477701056103143, 0.002454820263040296, 0.0023706421460862647, 0.0022901412484721733]
step_times_seconds [0.01425480842590332, 0.7319512367248535, 0.9526510238647461, 1.4530599117279053, 1.7802577018737793, 1.5605597496032715, 1.1566801071166992, 1.1178910732269287, 1.0911612510681152, 0.9819951057434082, 0.9585528373718262, 0.9742169380187988, 0.8975741863250732, 0.9553563594818115, 0.9287810325622559, 0.8410570621490479, 0.8129768371582031, 0.8289690017700195, 0.858644962310791, 0.8907418251037598, 0.8826508522033691, 1.0500547885894775, 0.8151857852935791, 0.8590288162231445, 0.813988208770752, 0.8290688991546631, 0.8450579643249512, 0.8183510303497314, 0.7595851421356201, 0.7475888729095459, 0.7612771987915039]
