date 2025-01-26T23:42:30.059438
sample_ratio 0.2
rank 16
seed 0
l2_regularization_strength 0
input_shape (100, 100, 100)
input_size 1000000
num_train_samples 200000
num_test_samples 1000000
num_iterations 10
max_num_richardson_iterations 1024
num_richardson_iterations [2, 2, 7, 9, 5, 2, 2, 2, 2, 2, 2, 2, 2, 2, 2, 2, 2, 2, 2, 2, 2, 2, 2, 2, 2, 2, 2, 2, 2, 2]
train_mses [4.322701599531434, 4.310122523505352, 4.216651011691805, 1.207795105106008, 0.21425711997217708, 0.10823529096094615, 0.09950047848777374, 0.09144906611682163, 0.08377231028364933, 0.0778315420636827, 0.07213455603771698, 0.06671512387364611, 0.062434224897751085, 0.05826498551576709, 0.05432858962101527, 0.05117644543450544, 0.048095233953778085, 0.045217979321349966, 0.042908997773521425, 0.04066295445150555, 0.038577501107899974, 0.03691525115987428, 0.03529394954696735, 0.033768053997825044, 0.03256743872585592, 0.031371955666002545, 0.03021352092941101, 0.029321983151262488, 0.028405430986054213, 0.027492135121650423, 0.02681290816670913]
train_rres [1.0000030669854074, 0.9970930547358253, 0.975469587018451, 0.27940832407374405, 0.04956571073952047, 0.025038883768598894, 0.023018193914906098, 0.02115560014591008, 0.01937967849115081, 0.018005355905279963, 0.016687429287547142, 0.015433711291843325, 0.0144433787401322, 0.013478877241941283, 0.0125682411785944, 0.011839031960351869, 0.011126232138339636, 0.010460615187764566, 0.009926461123164886, 0.009406867031626983, 0.008924423427403504, 0.008539882647095603, 0.0081648147530751, 0.007811817861222308, 0.007534070501939218, 0.0072575104158782095, 0.006989520997034323, 0.006783274858605865, 0.006571241953915024, 0.006359962353776102, 0.006202831674620716]
test_mses [4.313541718804291, 4.311616678241461, 4.238436731285737, 1.2426060788611777, 0.21951824084377491, 0.11166822713197676, 0.10276186824609464, 0.09446695481728082, 0.08654394287568178, 0.08050464337069105, 0.07466400138716917, 0.06907237962508307, 0.0647158844940225, 0.0604422628578232, 0.05636991891888188, 0.05315242876389918, 0.04998710064222749, 0.04699820022503236, 0.04463391035980045, 0.042318887491423485, 0.04014276066670554, 0.03843730482890101, 0.036760915477822426, 0.03516269140753964, 0.0339303558000094, 0.03269158018646196, 0.03147536705866789, 0.03056021291482605, 0.029608935000022794, 0.02864877118373689, 0.027950603962822448]
test_rres [1.0000079051672364, 0.9995616232239775, 0.9825963241203607, 0.288073231436021, 0.05089088977978656, 0.02588803288981329, 0.023823272682832512, 0.021900263809328198, 0.02006347281695321, 0.01866338267285292, 0.017309347280239966, 0.01601304221834265, 0.015003076428307179, 0.014012323191526684, 0.013068232141300314, 0.012322321750367004, 0.011588504077914475, 0.010895587620905844, 0.01034747455988413, 0.009810783061358037, 0.009306291817451011, 0.00891091617699218, 0.008522279016973831, 0.008151762905458309, 0.0078660706762683, 0.007578885461187263, 0.007296930904712178, 0.007084770819578685, 0.006864236164571811, 0.006641641491995513, 0.006479785461485944]
step_times_seconds [0.01904892921447754, 0.08092284202575684, 0.07211804389953613, 0.21675682067871094, 0.32965898513793945, 0.195540189743042, 0.07060694694519043, 0.06755566596984863, 0.07166814804077148, 0.07536482810974121, 0.06304001808166504, 0.0606689453125, 0.061038970947265625, 0.06655097007751465, 0.07354092597961426, 0.04700589179992676, 0.0693521499633789, 0.058892011642456055, 0.06821894645690918, 0.06709623336791992, 0.05723690986633301, 0.07141518592834473, 0.06650781631469727, 0.07037115097045898, 0.058386802673339844, 0.0717470645904541, 0.06864094734191895, 0.06584620475769043, 0.07344508171081543, 0.07050299644470215, 0.06619501113891602]
