date 2025-01-26T23:42:30.059438
sample_ratio 0.2
rank 16
seed 0
l2_regularization_strength 0
input_shape (100, 100, 100)
input_size 1000000
num_train_samples 200000
num_test_samples 1000000
num_iterations 10
max_num_richardson_iterations 1024
num_richardson_iterations [4, 6, 8, 8, 6, 6, 6, 6, 6, 6, 6, 6, 6, 6, 6, 6, 6, 6, 6, 6, 6, 6, 6, 6, 6, 6, 6, 6, 6, 6]
train_mses [4.322701599531434, 4.28795843485389, 4.052473668295264, 0.8156746779095504, 0.1109351050515386, 0.06358650486034496, 0.04394836713462816, 0.03483306048156265, 0.02949421825754121, 0.026441886447523443, 0.02420606218423848, 0.021984929990994696, 0.02044551181480965, 0.01872725387730334, 0.01699128038453428, 0.015653843512717112, 0.014443182955469144, 0.013279292871986356, 0.012431915857845756, 0.011630315255398628, 0.01082815624866525, 0.010195135904183998, 0.009584566906612812, 0.008994075249375214, 0.00848449947554566, 0.007988099652956045, 0.007523129851928888, 0.007088625467120064, 0.006668808671230162, 0.006273794367563607, 0.00589037914968744]
train_rres [1.0000030669854074, 0.9919656694379828, 0.9374892075854007, 0.18869615697282954, 0.02566345206430904, 0.014709944328824378, 0.010166906253346914, 0.008058193819769247, 0.006823119300919428, 0.006117000430302555, 0.0055997703904664235, 0.005085939177674735, 0.0047298139948203375, 0.004332316465135526, 0.00393072066283388, 0.0036213213339832584, 0.0033412501233178117, 0.00307199867805431, 0.0028759685812450855, 0.0026905282859835825, 0.002504958810859439, 0.0023585174543674643, 0.0022172699367864275, 0.0020806670613228747, 0.0019627830656415044, 0.0018479471618413352, 0.0017403822012775172, 0.0016398650345421288, 0.0015427456581994742, 0.0014513640288932833, 0.0013626657033260947]
test_mses [4.313541718804291, 4.331351217850049, 4.148590792053437, 0.830272859934172, 0.11229654089209339, 0.06509388248387245, 0.04529526358553327, 0.03599810622281598, 0.03044427136371817, 0.02735425901114316, 0.025111689736450036, 0.022762869293269546, 0.02119611328099346, 0.019475906588496655, 0.017652356515353664, 0.01625719286553289, 0.015025257435476926, 0.01379595741207186, 0.01290445412030266, 0.01209213942043099, 0.011251795757054494, 0.010580984893157052, 0.009961983025384773, 0.009351609950834295, 0.00880904677745433, 0.008304021730030451, 0.007827166341282431, 0.007363901427107413, 0.006934794412485926, 0.006529762906174678, 0.0061222037237769235]
test_rres [1.0000079051672364, 1.0041366793842998, 0.9617673498489863, 0.19248206636335355, 0.02603369480014162, 0.015090707660976014, 0.010500796005914794, 0.008345437030766586, 0.0070578921024586445, 0.0063415348765232075, 0.005821640286701106, 0.005277113500102645, 0.004913892625035118, 0.004515097295545356, 0.004092343881416612, 0.003768903244980739, 0.0034833037888908473, 0.0031983152988367632, 0.00299163818815405, 0.002803319360075022, 0.0026085025804504502, 0.0024529885711978743, 0.002309485435853874, 0.002167982712699291, 0.0020422003515209253, 0.0019251204499797548, 0.0018145711173302495, 0.00170717246291546, 0.0016076926306204452, 0.0015137942207853559, 0.001419309820079426]
step_times_seconds [0.015741348266601562, 0.1679222583770752, 0.23918509483337402, 0.2766411304473877, 0.28025031089782715, 0.21421408653259277, 0.2027149200439453, 0.207489013671875, 0.22308778762817383, 0.21821212768554688, 0.21323108673095703, 0.23336076736450195, 0.23075604438781738, 0.20784711837768555, 0.22883296012878418, 0.211439847946167, 0.2069380283355713, 0.21431303024291992, 0.17435789108276367, 0.20778179168701172, 0.2166597843170166, 0.21224498748779297, 0.22067785263061523, 0.21214795112609863, 0.22659683227539062, 0.1802370548248291, 0.2147979736328125, 0.22279000282287598, 0.21315598487854004, 0.22372031211853027, 0.22952508926391602]
