date 2025-01-26T23:42:30.059438
sample_ratio 0.8
rank 16
seed 0
l2_regularization_strength 0
input_shape (100, 100, 100)
input_size 1000000
num_train_samples 800000
num_test_samples 1000000
num_iterations 10
max_num_richardson_iterations 1024
num_richardson_iterations [3, 4, 6, 5, 5, 4, 4, 4, 4, 4, 4, 4, 4, 4, 4, 4, 4, 4, 4, 4, 4, 4, 4, 4, 4, 4, 4, 4, 4, 4]
train_mses [4.313941005736653, 4.303955147425327, 3.6698253097659244, 0.13949040201541563, 0.06535709000952009, 0.03721715484426844, 0.030604390785170684, 0.027439977030989472, 0.025102153940613804, 0.023060120076973632, 0.02144412829582439, 0.01997475093122232, 0.01857702321264475, 0.01740126912729731, 0.016344095862277502, 0.015372626540489391, 0.014546678111083717, 0.013764020952945275, 0.013079485860922785, 0.012409888370135515, 0.011818157156741952, 0.01129345841650557, 0.010727211412055444, 0.010251981095461531, 0.009826481151331308, 0.009348362704088535, 0.00895415827189313, 0.008589947901159212, 0.008182118422630643, 0.007837288024205144, 0.007507355697833949]
train_rres [1.000006144108762, 0.9976913420166039, 0.8506949568136475, 0.03233499458479433, 0.015150297948830885, 0.008627235157139182, 0.007094343381418169, 0.0063608068790702126, 0.005818880725906282, 0.005345520889180925, 0.004970921026125414, 0.004630307561392719, 0.004306303059590309, 0.004033753827288593, 0.0037886925807389766, 0.003563498195996714, 0.003372036721900451, 0.003190610511892394, 0.003031929784230553, 0.0028767117124079093, 0.0027395436685548266, 0.0026179142899089985, 0.0024866536901974328, 0.0023764914891314694, 0.0022778571874842455, 0.002167025494556894, 0.00207564574371976, 0.0019912188570289776, 0.001896680711112075, 0.0018167462575248761, 0.0017402652965955198]
test_mses [4.313541718804291, 4.306916232324009, 3.6749685502388783, 0.13958758490254364, 0.06545367535679346, 0.037273686575968475, 0.030664374105052475, 0.027487050464333675, 0.02516163186841658, 0.02312023344438168, 0.021494529964878134, 0.020028246828861267, 0.018630359550970567, 0.017445492334213584, 0.01639018589843816, 0.015416585911663184, 0.014583622204996956, 0.013802382442045326, 0.013116648605428962, 0.01244178964950145, 0.011851670959567412, 0.011326375364322685, 0.010755205405847148, 0.01028198266985955, 0.009856027246396646, 0.009373298412088601, 0.008981302647559797, 0.008616515087972535, 0.00820475476008808, 0.00786188739037576, 0.007531112128564384]
test_rres [1.0000079051672364, 0.9984719193607291, 0.8519675572996573, 0.03236057454996408, 0.015174118403377176, 0.00864115468460722, 0.00710891849692326, 0.0063723199046012416, 0.0058332183656958515, 0.005359961192192331, 0.004983074532240871, 0.004643146273094064, 0.004319074218260453, 0.004044386580914747, 0.00379973500526201, 0.0035740254267499065, 0.0033809195416827907, 0.0031998048128332067, 0.0030408312124463976, 0.0028843787344609777, 0.002747571583078064, 0.0026257923626513127, 0.002493378093611182, 0.002383670918454048, 0.002284921719192835, 0.0021730107463011615, 0.0020821344110585898, 0.00199756575099355, 0.0019021073991886553, 0.0018226204943462788, 0.0017459369015568186]
step_times_seconds [0.01938629150390625, 0.13507080078125, 0.1829509735107422, 0.24402475357055664, 0.1919417381286621, 0.20346689224243164, 0.17112088203430176, 0.17015409469604492, 0.1631300449371338, 0.15041208267211914, 0.16588902473449707, 0.17543816566467285, 0.16405677795410156, 0.1556077003479004, 0.16402292251586914, 0.1636509895324707, 0.1692349910736084, 0.20803403854370117, 0.18963289260864258, 0.15574407577514648, 0.1629350185394287, 0.16721415519714355, 0.15641999244689941, 0.15041422843933105, 0.14365696907043457, 0.15074491500854492, 0.16684818267822266, 0.1501162052154541, 0.15776801109313965, 0.15715909004211426, 0.17724990844726562]
