date 2025-01-26T23:42:30.059438
sample_ratio 1.0
rank 16
seed 0
l2_regularization_strength 0
input_shape (100, 100, 100)
input_size 1000000
num_train_samples 1000000
num_test_samples 1000000
num_iterations 10
max_num_richardson_iterations 1024
num_richardson_iterations [3, 3, 3, 3, 3, 3, 3, 3, 3, 3, 3, 3, 3, 3, 3, 3, 3, 3, 3, 3, 3, 3, 3, 3, 3, 3, 3, 3, 3, 3]
train_mses [4.31354171880429, 4.305276404557638, 3.3891102194357465, 0.05485950093799066, 0.046741172687814275, 0.03658272400802955, 0.03378595447502363, 0.031815905033111054, 0.030369728596899733, 0.029009709154920103, 0.02798619584473881, 0.027139186124421504, 0.026198888258298896, 0.025470950621917586, 0.0248337893810601, 0.024126408801646668, 0.023572366719725808, 0.0230891693452269, 0.0225616832637839, 0.02211844382396091, 0.021724354583864926, 0.021290628432750612, 0.020896967464211384, 0.020544179378211555, 0.02014628473989768, 0.019767209363005585, 0.01942815714002704, 0.019026692615549137, 0.018638803692892374, 0.018293809923123842, 0.017868003957302942]
train_rres [1.0000079051672366, 0.9980917582688975, 0.7856970517160734, 0.01271807210589057, 0.01083600095504766, 0.008480968908009447, 0.007832594132881024, 0.00737587778610393, 0.007040610860975225, 0.006725317702401634, 0.0064880367235801515, 0.006291674552703643, 0.006073685401182201, 0.005904927698509083, 0.005757214677687698, 0.0055932227152843995, 0.005464779199993731, 0.005352759605480825, 0.005230472564878165, 0.005127716413993468, 0.005036354748538989, 0.00493580406233575, 0.00484454168302946, 0.004762754859614562, 0.004670510989107189, 0.0045826299859181375, 0.004504027546126028, 0.004410956069299464, 0.004321031822759178, 0.0042410519548242015, 0.004142337404311797]
test_mses [4.313541718804291, 4.305276404557637, 3.3891102194357474, 0.05485950093799066, 0.04674117268781426, 0.03658272400802956, 0.03378595447502364, 0.03181590503311106, 0.03036972859689975, 0.029009709154920096, 0.02798619584473882, 0.027139186124421504, 0.026198888258298896, 0.02547095062191759, 0.024833789381060102, 0.02412640880164666, 0.023572366719725818, 0.02308916934522689, 0.0225616832637839, 0.022118443823960904, 0.02172435458386493, 0.021290628432750616, 0.020896967464211387, 0.02054417937821157, 0.02014628473989769, 0.019767209363005585, 0.01942815714002705, 0.01902669261554912, 0.018638803692892374, 0.01829380992312384, 0.01786800395730295]
test_rres [1.0000079051672364, 0.9980917582688968, 0.7856970517160733, 0.012718072105890562, 0.010836000955047652, 0.008480968908009444, 0.007832594132881022, 0.007375877786103929, 0.007040610860975226, 0.006725317702401629, 0.0064880367235801515, 0.00629167455270364, 0.006073685401182198, 0.005904927698509081, 0.005757214677687696, 0.005593222715284395, 0.005464779199993731, 0.0053527596054808195, 0.005230472564878162, 0.0051277164139934646, 0.0050363547485389884, 0.004935804062335749, 0.004844541683029459, 0.004762754859614562, 0.004670510989107189, 0.004582629985918136, 0.004504027546126028, 0.004410956069299458, 0.004321031822759176, 0.004241051954824199, 0.004142337404311797]
step_times_seconds [0.03380608558654785, 0.13206100463867188, 0.12934303283691406, 0.13051605224609375, 0.12249994277954102, 0.1384599208831787, 0.12260913848876953, 0.11428093910217285, 0.12001919746398926, 0.12362313270568848, 0.11834502220153809, 0.12210988998413086, 0.12561511993408203, 0.10856294631958008, 0.11852693557739258, 0.13564801216125488, 0.11770796775817871, 0.12438416481018066, 0.10577011108398438, 0.1193077564239502, 0.12930917739868164, 0.10539889335632324, 0.12367105484008789, 0.12156295776367188, 0.13101983070373535, 0.11873888969421387, 0.13468599319458008, 0.1397402286529541, 0.12152314186096191, 0.12898612022399902, 0.13478398323059082]
