date 2025-01-26T23:42:30.059438
sample_ratio 0.9
rank 16
seed 0
l2_regularization_strength 0
input_shape (100, 100, 100)
input_size 1000000
num_train_samples 900000
num_test_samples 1000000
num_iterations 10
max_num_richardson_iterations 1024
num_richardson_iterations [3, 4, 5, 4, 4, 4, 4, 4, 4, 3, 3, 3, 3, 3, 3, 3, 3, 3, 3, 3, 3, 3, 3, 3, 3, 3, 3, 3, 3, 3]
train_mses [4.31329169148168, 4.304104786828982, 3.5381082756194333, 0.10585065840949312, 0.0612226044856636, 0.03614792618207553, 0.03220732189905627, 0.02787461450706461, 0.025308011680901774, 0.02295713231345521, 0.021189984125874507, 0.019982946231285867, 0.018776850038033113, 0.01774441706052929, 0.01696019697572097, 0.01618102628022065, 0.015325603830972647, 0.014670155912709117, 0.013952862770064233, 0.013169047833729462, 0.012605570794414633, 0.012037779018431987, 0.01151023213333446, 0.011060598483862342, 0.01068329404860602, 0.010322097140459832, 0.009996834019788256, 0.009719916459081742, 0.009450560684420165, 0.009196768460042777, 0.00896654698110131]
train_rres [1.0000081612099474, 0.9978782381057207, 0.8202870113911735, 0.02454077531737203, 0.014194056074877068, 0.008380657692193502, 0.007467054642601355, 0.006462545079595667, 0.005867495183522982, 0.005322459345091411, 0.004912757721355173, 0.004632913965862793, 0.0043532885375990515, 0.004113925777727031, 0.003932109535959324, 0.0037514639617184844, 0.003553139922512049, 0.0034011786561766295, 0.003234878983459987, 0.00305315667268722, 0.0029225182465677747, 0.0027908794772789096, 0.002668571219861431, 0.002564326630997961, 0.002476851092243608, 0.0023931099771543314, 0.0023176998731137075, 0.0022534983675128336, 0.002191050012011498, 0.002132209962744663, 0.0020788346349684406]
test_mses [4.313541718804291, 4.306054427431105, 3.5401914125586895, 0.10590724923377404, 0.06122696936070173, 0.0361592505449934, 0.03222728130129993, 0.027892078461364236, 0.025320715221183513, 0.022965819636332863, 0.02119663479341253, 0.0199909308789183, 0.01878124734725564, 0.01774843570103656, 0.016967693261479413, 0.0161861390028147, 0.015330721201578454, 0.014679370292760927, 0.01396072834556633, 0.013177465344861356, 0.01261704231975819, 0.012048400819291665, 0.011520815716948801, 0.01107317806985108, 0.010695054406571525, 0.010333567282334567, 0.010009531367045308, 0.00973199746413405, 0.009462459148541227, 0.009209181634831472, 0.008978676382069407]
test_rres [1.0000079051672364, 0.9982721272266093, 0.820722188203433, 0.024552466013391984, 0.014194241614314582, 0.008382795101362667, 0.007471247101391576, 0.006466217500880172, 0.005870098641978781, 0.005324163455950987, 0.0049140135272022255, 0.0046344953204977045, 0.004354054519580029, 0.004114617908531287, 0.003933618474109884, 0.0037524308357535126, 0.0035541194203966343, 0.003403116810403112, 0.00323651412633806, 0.003054930350501274, 0.002925007541850138, 0.0027931794449538565, 0.0026708694483468048, 0.0025670936615503647, 0.0024794332940240795, 0.002395629773525538, 0.0023205085627036374, 0.002256167908328303, 0.002193680870087022, 0.0021349635717688624, 0.0020815255642170232]
step_times_seconds [0.026498079299926758, 0.13962817192077637, 0.195692777633667, 0.21401095390319824, 0.16491293907165527, 0.1573948860168457, 0.16631817817687988, 0.17696905136108398, 0.15633678436279297, 0.18036603927612305, 0.11662912368774414, 0.13028621673583984, 0.12215900421142578, 0.12347531318664551, 0.10647773742675781, 0.12941527366638184, 0.10834813117980957, 0.11824917793273926, 0.1171259880065918, 0.1187446117401123, 0.11467385292053223, 0.12167096138000488, 0.12019562721252441, 0.11835289001464844, 0.11743688583374023, 0.12537813186645508, 0.13656401634216309, 0.11690402030944824, 0.12419891357421875, 0.1281569004058838, 0.13823604583740234]
