date 2025-01-26T23:42:30.059438
sample_ratio 0.2
rank 16
seed 0
l2_regularization_strength 0
input_shape (100, 100, 100)
input_size 1000000
num_train_samples 200000
num_test_samples 1000000
num_iterations 10
max_num_richardson_iterations 1024
num_richardson_iterations [2, 4, 6, 6, 4, 4, 4, 4, 4, 4, 4, 4, 4, 4, 4, 4, 4, 4, 4, 4, 4, 4, 4, 4, 4, 4, 4, 4, 4, 4]
train_mses [4.322701599531434, 4.310122523505352, 4.055393296879827, 0.8302608602753746, 0.11142035318754755, 0.0642630423099438, 0.04387169255545978, 0.0354653569262869, 0.030071201571435998, 0.026915787015823613, 0.024399748525644735, 0.022109090780845546, 0.020560847043279724, 0.01921827979626657, 0.017756245490924527, 0.016681395615549346, 0.01567420271287761, 0.014713407059647327, 0.013977404528429915, 0.013332372349796567, 0.012768419895145877, 0.012273883134177826, 0.011828479562317433, 0.01141649179258483, 0.011024797898462103, 0.010662236782065607, 0.010320301921550831, 0.00998511209096507, 0.009670583795462472, 0.009369009038135494, 0.009075234579305851]
train_rres [1.0000030669854074, 0.9970930547358253, 0.9381646272209682, 0.19207048822507553, 0.025775708164593757, 0.014866452824484282, 0.010149168546368364, 0.008204467711086835, 0.006956597189737092, 0.0062266314124174585, 0.005644577308311605, 0.005114662226858523, 0.004756495360523221, 0.0044459091833989805, 0.004107685793299973, 0.003859032688944915, 0.003626031180854038, 0.0034037630973757153, 0.003233498097217894, 0.0030842779528046068, 0.002953814590645681, 0.002839409682900329, 0.002736371125264306, 0.0026410628964155364, 0.0025504494024180227, 0.0024665754129653506, 0.002387473050391661, 0.0023099310663129047, 0.002237168870516095, 0.0021674033141138097, 0.0020994422594198046]
test_mses [4.313541718804291, 4.311616678241461, 4.149887997614094, 0.8440031332819871, 0.11268769101056993, 0.06587800926627657, 0.04531541166451078, 0.036751630808886604, 0.031127197719088624, 0.027867509713840638, 0.025268970302366682, 0.02284999299493823, 0.021314998211279797, 0.019960385469507572, 0.01840102293909339, 0.01733309956641719, 0.01632022915042503, 0.015280017304583803, 0.014534790847089288, 0.01388562127306533, 0.013269314387244947, 0.012768589681552147, 0.012319558737087658, 0.011873023762038087, 0.01147552859897211, 0.011107317399966978, 0.010740217528717604, 0.010398840245168236, 0.01007758591538169, 0.00975620004089365, 0.00945548504856704]
test_rres [1.0000079051672364, 0.9995616232239775, 0.962068080872319, 0.19566515413275343, 0.02612437508935233, 0.015272491687229696, 0.01050546693286181, 0.008520126553189325, 0.007216214844775094, 0.0064605217308273295, 0.005858102623105591, 0.005297311378337208, 0.004941453705428366, 0.004627413981572862, 0.0042659071365972155, 0.0040183305778419, 0.0037835169400169347, 0.0035423647414986885, 0.0033695989733166978, 0.003219102061929932, 0.003076223703957258, 0.002960140750169543, 0.0028560419553968638, 0.002752521800940816, 0.0026603705407364977, 0.002575008178719443, 0.0024899034556945298, 0.0024107619973644323, 0.002336285641205578, 0.0022617787890529535, 0.002192064065252329]
step_times_seconds [0.020084857940673828, 0.07808828353881836, 0.16559529304504395, 0.2254772186279297, 0.2331709861755371, 0.1620941162109375, 0.1360609531402588, 0.13608598709106445, 0.14113211631774902, 0.13832998275756836, 0.13907408714294434, 0.14638805389404297, 0.14980006217956543, 0.132537841796875, 0.12992525100708008, 0.11486196517944336, 0.1265578269958496, 0.14331579208374023, 0.14962410926818848, 0.14752888679504395, 0.15969610214233398, 0.13643479347229004, 0.15581798553466797, 0.13328218460083008, 0.1491250991821289, 0.14833617210388184, 0.14672303199768066, 0.15180325508117676, 0.1500711441040039, 0.3741130828857422, 0.13154983520507812]
