date 2025-01-26T23:42:30.059438
sample_ratio 0.9
rank 16
seed 0
l2_regularization_strength 0
input_shape (100, 100, 100)
input_size 1000000
num_train_samples 900000
num_test_samples 1000000
num_iterations 10
max_num_richardson_iterations 1024
num_richardson_iterations [2, 3, 4, 3, 3, 3, 3, 2, 2, 2, 2, 2, 2, 2, 2, 2, 2, 2, 2, 2, 2, 2, 2, 2, 2, 2, 2, 2, 2, 2]
train_mses [4.31329169148168, 4.304197214285221, 3.5390405034164503, 0.10584013140998311, 0.061319277576720704, 0.03630240967881635, 0.03225798389795426, 0.027951566008432488, 0.025339619190519948, 0.023078846831744385, 0.0216776489159441, 0.02053955775545264, 0.019435665875527183, 0.018516623988148434, 0.017802756065219635, 0.01713118447330858, 0.016473651360127083, 0.0159679963295098, 0.015512034637314886, 0.014993745813791403, 0.014606716687825731, 0.014262169103792856, 0.013837843097655001, 0.013530589803286364, 0.013244880984237107, 0.012887983065777254, 0.012617847467799056, 0.012316189819371862, 0.011940928352710921, 0.01162001267391346, 0.011184917833620514]
train_rres [1.0000081612099474, 0.9978996668003627, 0.8205031422424593, 0.02453833470213521, 0.014216469091881557, 0.008416473669540491, 0.007478800292092497, 0.006480385776420602, 0.005874823175653937, 0.0053506780514374925, 0.005025819578722117, 0.004761960667686725, 0.0045060306337409714, 0.004292956848425785, 0.0041274512902543725, 0.0039717518567859355, 0.003819307151795115, 0.003702074376100215, 0.003596362672369513, 0.003476200835318019, 0.0033864706913177937, 0.0033065896119466726, 0.003208212432867992, 0.003136977787983187, 0.0030707380872592215, 0.0029879936645058197, 0.0029253645121243513, 0.002855427180755285, 0.0027684252907626225, 0.0026940231123772675, 0.0025931492502982052]
test_mses [4.313541718804291, 4.305975954025202, 3.541114858903049, 0.1058957891429853, 0.06132426724649499, 0.036315106094387636, 0.032278409261072706, 0.027971498969681777, 0.025355147154982376, 0.02309108559499451, 0.021686697364169123, 0.020548668061780812, 0.01944221272920926, 0.018521449395072668, 0.017809732100474443, 0.017136158944258913, 0.01647776405241984, 0.01597470652662624, 0.015517076790840524, 0.01499822342741416, 0.014613579840850124, 0.0142678053175966, 0.013843112231164677, 0.013537837963465143, 0.013251451445325545, 0.01289448445180328, 0.012625983736468062, 0.012324092491644267, 0.011949188284960789, 0.011629790806124914, 0.01119461037149523]
test_rres [1.0000079051672364, 0.9982539347454965, 0.820936270668506, 0.024549809221797104, 0.014216798172542629, 0.008418927076342526, 0.007483100090717021, 0.006484629548642158, 0.005878080993427697, 0.005353203849454987, 0.005027624679413132, 0.004763795470635773, 0.004507286051829756, 0.004293825588723358, 0.004128828246112806, 0.003972673854934066, 0.003820038239126621, 0.0037034144679099325, 0.0035973222162851664, 0.0034770364977566802, 0.0033878646171280314, 0.003307703747197972, 0.003209247195392668, 0.0031384754952807014, 0.003072082540084639, 0.0029893269209956, 0.002927080429508622, 0.0028570930152201483, 0.0027701790139646196, 0.0026961331313586907, 0.002595245298767047]
step_times_seconds [0.019482135772705078, 0.09400606155395508, 0.10938191413879395, 0.14313220977783203, 0.12674808502197266, 0.11537694931030273, 0.10790681838989258, 0.1202239990234375, 0.08840489387512207, 0.07214999198913574, 0.06839871406555176, 0.0767674446105957, 0.0784299373626709, 0.0686647891998291, 0.06946301460266113, 0.0787351131439209, 0.07231807708740234, 0.0876760482788086, 0.06583619117736816, 0.07158899307250977, 0.07988977432250977, 0.08663702011108398, 0.07930397987365723, 0.08462810516357422, 0.07573390007019043, 0.08123207092285156, 0.0875861644744873, 0.08609294891357422, 0.08707308769226074, 0.09268403053283691, 0.07980799674987793]
