date 2025-01-26T23:42:30.059438
sample_ratio 0.9
rank 16
seed 0
l2_regularization_strength 0
input_shape (100, 100, 100)
input_size 1000000
num_train_samples 900000
num_test_samples 1000000
num_iterations 10
max_num_richardson_iterations 1024
num_richardson_iterations [3, 4, 5, 4, 4, 4, 4, 4, 4, 3, 3, 3, 3, 3, 3, 3, 3, 3, 3, 3, 3, 3, 3, 3, 3, 3, 3, 3, 3, 3]
train_mses [4.31329169148168, 4.304105774388486, 3.538163093968247, 0.10583255553239479, 0.06123058803248666, 0.03616400564071138, 0.03221784822589039, 0.02788229879521897, 0.025308859528975356, 0.02295277135563541, 0.021194018126429646, 0.019996671019414148, 0.018815986562144015, 0.01780240176313592, 0.01703491859347209, 0.01628082610109105, 0.015460244624207302, 0.014828256853681328, 0.014136655988454594, 0.013349640690524824, 0.012790112789572435, 0.012202088846220266, 0.011652452607331568, 0.011195098731654427, 0.010800520214223163, 0.01042822074902845, 0.010091889095951202, 0.00980724660594452, 0.009531930091376168, 0.00927293979763314, 0.009039270120987418]
train_rres [1.0000081612099474, 0.9978784670648623, 0.8202997206629128, 0.02453657828500451, 0.014195907007424532, 0.00838438560836839, 0.007469495101882714, 0.0064643266309993485, 0.005867691751493268, 0.005321448285853497, 0.004913692977712964, 0.004636095967248478, 0.0043623620819618365, 0.0041273691476587425, 0.003949433249010658, 0.0037746018903577153, 0.003584355500241777, 0.003437833314051825, 0.0032774902259893016, 0.003095025932540023, 0.0029653030880400603, 0.002828973624512165, 0.0027015440964626423, 0.002595509624196049, 0.0025040292036975598, 0.0024177140341614784, 0.0023397377640625404, 0.002273745284677029, 0.002209914971037922, 0.0021498697837558575, 0.0020956950141397686]
test_mses [4.313541718804291, 4.306038267796481, 3.540245465295879, 0.10588879695339769, 0.06123492562367957, 0.03617540892582964, 0.03223782881811237, 0.02789999852190079, 0.025321730957420466, 0.022961657064120577, 0.021200707301625207, 0.02000461690387111, 0.018820506056702154, 0.017806426579120935, 0.01704227677020675, 0.0162858200420219, 0.015465128527065407, 0.014837141063957433, 0.014144167338579166, 0.013357621181530476, 0.01280130489855943, 0.01221251639652418, 0.011662927593471196, 0.011207610484821717, 0.010812278024147132, 0.010439650203992927, 0.010104599728655402, 0.009819354443789717, 0.009543772136634147, 0.009285363451127647, 0.009051408208959574]
test_rres [1.0000079051672364, 0.9982683809402806, 0.8207347192435872, 0.02454818822324931, 0.014196086113891053, 0.008386541097025697, 0.00747369233106128, 0.0064680536076486385, 0.005870334119999566, 0.005323198447290013, 0.0049149576563360135, 0.004637668150166527, 0.004363155861899737, 0.004128061927458741, 0.003950909160785594, 0.0037755398801770164, 0.0035852790559725237, 0.0034396927910440443, 0.0032790407680369383, 0.003096695858423863, 0.002967725115352317, 0.00283122634128458, 0.002703815229147074, 0.0025982591136185147, 0.0025066092324731925, 0.0024202229656579196, 0.0023425482505840057, 0.002276419867373089, 0.0022125316512284707, 0.0021526247939135483, 0.0020983869756948247]
step_times_seconds [0.016135215759277344, 0.13202214241027832, 0.19231295585632324, 0.21623682975769043, 0.15390396118164062, 0.16929292678833008, 0.17890214920043945, 0.1676180362701416, 0.15614628791809082, 0.1648712158203125, 0.12413382530212402, 0.11800813674926758, 0.13066816329956055, 0.11260485649108887, 0.1073920726776123, 0.11026406288146973, 0.12674498558044434, 0.1366269588470459, 0.1262798309326172, 0.11934614181518555, 0.11472582817077637, 0.10345911979675293, 0.11390829086303711, 0.1250293254852295, 0.11420321464538574, 0.1176602840423584, 0.12038922309875488, 0.12999892234802246, 0.12637782096862793, 0.13046503067016602, 0.11333918571472168]
