date 2025-01-26T23:42:30.059438
sample_ratio 0.7
rank 16
seed 0
l2_regularization_strength 0
input_shape (100, 100, 100)
input_size 1000000
num_train_samples 700000
num_test_samples 1000000
num_iterations 10
max_num_richardson_iterations 1024
num_richardson_iterations [2, 3, 5, 4, 3, 3, 3, 2, 2, 2, 2, 2, 2, 2, 2, 2, 2, 2, 2, 2, 2, 2, 2, 2, 2, 2, 2, 2, 2, 2]
train_mses [4.315757786526374, 4.305504660826029, 3.7498448545071943, 0.18150938278837983, 0.07032287669732952, 0.04157321443174017, 0.03307475632279898, 0.02918549320215837, 0.02712467108617721, 0.02571799332473611, 0.02462368627622247, 0.023444315756494034, 0.02244335415395354, 0.021338990085192768, 0.020397012880826085, 0.019538812184205726, 0.01858264879671689, 0.017837756096037705, 0.017169390671332264, 0.01645261201900764, 0.01591820574535438, 0.015435983240818735, 0.014878856015353024, 0.014452996948183666, 0.014065816569276027, 0.013598310532263886, 0.013233678565397788, 0.012903018943770913, 0.012497464143353666, 0.012177773984343027, 0.01188500938233987]
train_rres [1.000004789926255, 0.9976290368559434, 0.8688770319072213, 0.04205756235245774, 0.01629452277379172, 0.00963293484499108, 0.00766375602720367, 0.006762574370979512, 0.00628506101432151, 0.005959119529904693, 0.005705557503421162, 0.005432285409118692, 0.005200352467886974, 0.004944460127952834, 0.004726194469182813, 0.004527340675761484, 0.00430578793468179, 0.00413318875152424, 0.003978321713292122, 0.0038122368398825737, 0.00368840949371215, 0.003576673655373083, 0.0034475816345457388, 0.003348905775503694, 0.003259192160276753, 0.00315086627651397, 0.0030663773567315158, 0.0029897601734191455, 0.0028957890186289107, 0.002821713570905456, 0.0027538770474476258]
test_mses [4.313541718804291, 4.307433369972651, 3.7574359109540683, 0.18146472471697214, 0.07047131938461945, 0.041724718670583444, 0.03319206495246721, 0.029313248924687434, 0.027248436925343608, 0.025840197018302053, 0.024747043463342507, 0.023564505888766126, 0.022560634982922177, 0.021453412816466448, 0.02050929085364009, 0.01964679796448681, 0.018685520467003808, 0.01793909832767032, 0.017266459915792905, 0.016544116785724323, 0.0160082016143224, 0.015522824929762197, 0.014960079082954244, 0.01453268936545192, 0.014143320085793895, 0.013670362116515776, 0.013304075438503522, 0.012971881918594561, 0.012561438760967698, 0.012240026240201334, 0.011945987255336984]
test_rres [1.0000079051672364, 0.9985918073252867, 0.8710859565199454, 0.04206894729565078, 0.016337358269881135, 0.009673036968569896, 0.007694912789783441, 0.006795687294047568, 0.006317002153939462, 0.005990530050221431, 0.005737104381065219, 0.005462956824411595, 0.005230229542040574, 0.004973542348219009, 0.00475466665677674, 0.004554715024561416, 0.004331862167394928, 0.004158819204422905, 0.004002881514921897, 0.0038354207860357365, 0.0037111796304292637, 0.003598654806703062, 0.0034681934985500073, 0.0033691117870584147, 0.0032788443495163407, 0.0031691985551965244, 0.0030842823546708836, 0.003007269967261687, 0.002912116974893633, 0.0028376039453372184, 0.0027694369196168303]
step_times_seconds [0.016241073608398438, 0.08177781105041504, 0.13658905029296875, 0.21963906288146973, 0.16947293281555176, 0.1254281997680664, 0.10360193252563477, 0.11963295936584473, 0.06797170639038086, 0.06862401962280273, 0.07550311088562012, 0.08441019058227539, 0.07607698440551758, 0.06750988960266113, 0.06688809394836426, 0.06997895240783691, 0.09540796279907227, 0.06778097152709961, 0.09021782875061035, 0.06830024719238281, 0.07944202423095703, 0.08021807670593262, 0.07384586334228516, 0.08158612251281738, 0.08873271942138672, 0.06682085990905762, 0.0648050308227539, 0.07625985145568848, 0.07220292091369629, 0.08263874053955078, 0.0768582820892334]
