date 2025-01-26T23:42:30.059438
sample_ratio 0.4
rank 16
seed 0
l2_regularization_strength 0
input_shape (100, 100, 100)
input_size 1000000
num_train_samples 400000
num_test_samples 1000000
num_iterations 10
max_num_richardson_iterations 1024
num_richardson_iterations [2, 4, 9, 8, 6, 6, 5, 5, 4, 4, 4, 3, 3, 3, 3, 3, 3, 3, 3, 3, 3, 3, 3, 3, 3, 3, 3, 3, 3, 3]
train_mses [4.315993885738515, 4.304624253579956, 3.953616535458988, 0.4530226025454478, 0.08895322008718713, 0.05273086024053741, 0.03525029317189308, 0.029020272141435145, 0.025814445208346207, 0.024351471685041707, 0.022950897090430612, 0.021965535325892148, 0.02127370304051941, 0.0205895890772167, 0.020100128888894113, 0.019605011513058074, 0.019070584208440506, 0.018591304650038526, 0.018159646434663012, 0.017684376723935608, 0.0172479102747859, 0.01686599077684803, 0.01644246193020765, 0.01605493081062233, 0.01571536788326943, 0.01532921727282808, 0.014978945320137936, 0.014666785838962493, 0.014305361890133305, 0.013980638770437929, 0.013685953737007064]
train_rres [0.9999999404158451, 0.9973656383797188, 0.916038438550656, 0.10496367407966371, 0.02061013456967949, 0.012217546756230126, 0.00816736353311641, 0.006723890529173226, 0.005981112196547322, 0.005642146601399329, 0.005317638608979087, 0.005089333905146563, 0.004929038904165088, 0.004770532210075252, 0.004657126081124084, 0.004542409202592138, 0.004418584357858206, 0.004307537043489154, 0.004207523419493563, 0.004097405172111584, 0.003996277498000308, 0.003907788152256907, 0.0038096580731564124, 0.0037198685352761262, 0.003641193051457125, 0.003551723372477999, 0.0034705666467984516, 0.003398240440867724, 0.0033144998386188855, 0.0032392626837609937, 0.0031709852432284563]
test_mses [4.313541718804291, 4.309865258256334, 3.9787094832728562, 0.4545866235792738, 0.08921688354302983, 0.05312128174039919, 0.03563748753408648, 0.0293822094537286, 0.02615424729939848, 0.02470387788503057, 0.02328131984045684, 0.02227949069142488, 0.021592234642055137, 0.020894410447881907, 0.020396427381017417, 0.019902956244583034, 0.019356977610074766, 0.018871274933894965, 0.01843908522081591, 0.01795358369811123, 0.017511892110873135, 0.017127747670873206, 0.016695021269857464, 0.016302651998711195, 0.015959975136072804, 0.015565679624249313, 0.015210676454933141, 0.014895078987826629, 0.01452642885041893, 0.014197080975795815, 0.01389894181658626]
test_rres [1.0000079051672364, 0.9991555917202689, 0.922383784603713, 0.10538676725458183, 0.02068314035969161, 0.01231510093931361, 0.00826183483957681, 0.006811674405957267, 0.006063336292559914, 0.005727097309763491, 0.005397305833786459, 0.0051650518916739815, 0.005005725396870946, 0.004843948890213298, 0.0047285015302554675, 0.004614100170636061, 0.004487526003477658, 0.004374925605149919, 0.004274731111208449, 0.0041621773462688595, 0.004059780033879726, 0.003970723870344474, 0.003870404956097306, 0.003779442030856434, 0.003699999291248183, 0.0036085898058416635, 0.0035262894599036618, 0.0034531245336015806, 0.0033676604125426387, 0.003291307730769008, 0.003222190162078352]
step_times_seconds [0.023615121841430664, 0.0633847713470459, 0.17546892166137695, 0.37233996391296387, 0.28955817222595215, 0.23348498344421387, 0.20812010765075684, 0.18963027000427246, 0.20406579971313477, 0.1472158432006836, 0.15605568885803223, 0.14655184745788574, 0.09735512733459473, 0.09604907035827637, 0.11687517166137695, 0.11432027816772461, 0.11448311805725098, 0.11983919143676758, 0.11222290992736816, 0.10802888870239258, 0.10130190849304199, 0.11214518547058105, 0.10597991943359375, 0.10580229759216309, 0.10677289962768555, 0.09972882270812988, 0.1162567138671875, 0.11634111404418945, 0.12719488143920898, 0.08787298202514648, 0.09465289115905762]
