date 2025-01-26T23:42:30.059438
sample_ratio 0.7
rank 16
seed 0
l2_regularization_strength 0
input_shape (100, 100, 100)
input_size 1000000
num_train_samples 700000
num_test_samples 1000000
num_iterations 10
max_num_richardson_iterations 1024
num_richardson_iterations [3, 4, 5, 4, 4, 4, 4, 4, 4, 4, 4, 4, 4, 4, 4, 4, 4, 4, 4, 4, 4, 4, 4, 4, 4, 4, 4, 4, 4, 4]
train_mses [4.315757786526374, 4.304487937525851, 3.7453808200208862, 0.18082400405075363, 0.06967832707233679, 0.04100959969282499, 0.032779106443450785, 0.028763724598215606, 0.026315430907503937, 0.024317174359675255, 0.02220448255534548, 0.020514047685519003, 0.019087048127332827, 0.01763241667839927, 0.016711055428964637, 0.015942880210442094, 0.015102211561924084, 0.014458647236694884, 0.013889283041593774, 0.013205005189563227, 0.012646530098468188, 0.012158539744860314, 0.01156188252063713, 0.011077756755851742, 0.010649063436629514, 0.01012700427715026, 0.009719859718124762, 0.009347523251021528, 0.008913531236701055, 0.008589163045975191, 0.008287366344801003]
train_rres [1.000004789926255, 0.9973934517697317, 0.867842669904182, 0.04189875315730793, 0.016145174097563834, 0.009502339601590767, 0.007595250955762375, 0.006664846313696032, 0.006097551868789645, 0.005634535587948145, 0.005145003499154031, 0.004753312618780175, 0.004422662368234631, 0.0040856095287420515, 0.003872120795531967, 0.0036941268171804906, 0.0034993353768722818, 0.003350215004578904, 0.00321828755394876, 0.003059733445141427, 0.0029303291101963366, 0.0028172568028093986, 0.002679005280902855, 0.002566828437887353, 0.0024674958539388325, 0.002346529459176368, 0.0022521899412152333, 0.0021659158106952406, 0.0020653554654262987, 0.0019901960703744615, 0.0019202667180599428]
test_mses [4.313541718804291, 4.308203113638027, 3.753556089113782, 0.18077682498011702, 0.06981827099327458, 0.041155106007611506, 0.032895403228805575, 0.028895144362143386, 0.0264393191190675, 0.024435705052624927, 0.022322481697663453, 0.020626515579765393, 0.01919165946274857, 0.017730116069447965, 0.016803372626522317, 0.016030228980649854, 0.015182689372634851, 0.014534812285583473, 0.013961815403921813, 0.01327104275513874, 0.012708939715108123, 0.012218650680388155, 0.011616914671970914, 0.01112944813405712, 0.010698934764449502, 0.010173266485961513, 0.009763272414780363, 0.009388657559279819, 0.008952361297018813, 0.008625847785325717, 0.008321537810387688]
test_rres [1.0000079051672364, 0.9987702569150919, 0.8701864978468059, 0.04190947157484836, 0.016185962132698847, 0.009540983727176138, 0.007626137734814364, 0.006698758159015014, 0.006129424461353249, 0.005664926831340236, 0.005175018491951023, 0.004781842852220808, 0.0044492003154535656, 0.004110370870342579, 0.003895524039269285, 0.0037162862323571965, 0.0035198012176736525, 0.003369603943400461, 0.0032367661389577883, 0.003076624391297152, 0.0029463121049690235, 0.0028326484516422415, 0.002693148058585229, 0.002580138744384502, 0.0024803328769667783, 0.002358467257424478, 0.0022634183767180458, 0.002176571455715629, 0.0020754249409261844, 0.001999729349200803, 0.0019291812009743314]
step_times_seconds [0.024775981903076172, 0.13651204109191895, 0.18114614486694336, 0.21545076370239258, 0.14440202713012695, 0.1582040786743164, 0.1511979103088379, 0.1622481346130371, 0.16259407997131348, 0.16151905059814453, 0.14949989318847656, 0.16652607917785645, 0.14840316772460938, 0.17411208152770996, 0.15579485893249512, 0.17294907569885254, 0.14895987510681152, 0.17644190788269043, 0.1518237590789795, 0.1675279140472412, 0.1539299488067627, 0.15892887115478516, 0.15914487838745117, 0.17105507850646973, 0.17174506187438965, 0.1494913101196289, 0.1698598861694336, 0.15365314483642578, 0.1650853157043457, 0.16946625709533691, 0.17748785018920898]
