date 2025-01-26T23:42:30.059438
sample_ratio 0.6
rank 16
seed 0
l2_regularization_strength 0
input_shape (100, 100, 100)
input_size 1000000
num_train_samples 600000
num_test_samples 1000000
num_iterations 10
max_num_richardson_iterations 1024
num_richardson_iterations [3, 5, 8, 7, 6, 6, 5, 5, 5, 5, 5, 5, 5, 5, 5, 5, 4, 4, 4, 4, 4, 4, 4, 4, 4, 4, 4, 5, 5, 5]
train_mses [4.315712483223459, 4.303310405483806, 3.8209397910003675, 0.23943563899065945, 0.0726362374403113, 0.04247930159450476, 0.030073643438183754, 0.026657978360360303, 0.024327890202327916, 0.022631945195427196, 0.020911562105083558, 0.019613199075539007, 0.01833251940395765, 0.01702450012320417, 0.016004660905884763, 0.015195421955458515, 0.014387349773854263, 0.013768259104971564, 0.013226532879790632, 0.01268732446836179, 0.01223200899873273, 0.011798608478562208, 0.011351422365088607, 0.01095253310747472, 0.010552084121004269, 0.010148683905919375, 0.009745918105704885, 0.009321070041255585, 0.008894443695630043, 0.008401876550634178, 0.007877359490977115]
train_rres [1.0000037523399115, 0.9971300381328888, 0.8853588239064819, 0.055480187423358134, 0.016830711100084904, 0.00984297752837212, 0.00696843369469642, 0.006176982014854987, 0.005637071881737222, 0.005244100529438949, 0.004845466572127505, 0.004544619862229397, 0.004247870604231969, 0.003944786421962845, 0.0037084771107964366, 0.0035209664760839435, 0.0033337261960822073, 0.0031902752608477737, 0.003064750620356143, 0.0029398093883305698, 0.00283430718448881, 0.002733882944430798, 0.002630264412564678, 0.0025378368572229856, 0.0024450478934892237, 0.0023515750937260853, 0.00225824929570447, 0.002159806765004111, 0.0020609521846466283, 0.0019468183086782927, 0.001825281243857054]
test_mses [4.313541718804291, 4.308637008098226, 3.835154020320309, 0.23966059718547914, 0.07281935767042254, 0.042651211553935836, 0.030228140795160435, 0.0267952766718982, 0.024465494247513368, 0.022763027565617735, 0.021034201020169313, 0.01973295469710405, 0.01845100635367701, 0.017122088553693834, 0.016099100081274412, 0.0152913008686653, 0.014462155171146306, 0.013841121866645361, 0.013304037910967847, 0.012750725047484916, 0.012291816731247322, 0.011864179777428608, 0.011406670479041125, 0.011002388544498254, 0.010608322591711078, 0.010197364867224163, 0.009787951869800093, 0.009369960567489838, 0.008937552801530527, 0.008438261851917447, 0.007921253573970057]
test_rres [1.0000079051672364, 0.998870846620372, 0.8891033373191362, 0.05556049004876996, 0.016881703729020286, 0.009887825712444709, 0.007007786576374632, 0.006211946061917101, 0.0056718328571350365, 0.005277150192363826, 0.004876356523306506, 0.004574688730466479, 0.004277494786136566, 0.003969411917827364, 0.003732252612086849, 0.0035449806089263222, 0.003352759852502472, 0.0032087857694037165, 0.0030842736546663903, 0.0029559991940064784, 0.002849610529215312, 0.0027504715009555153, 0.0026444071703196174, 0.0025506825336256565, 0.002459326266865434, 0.0023640539825184608, 0.002269139812077616, 0.002172236934152682, 0.002071991889035817, 0.0019562413227633435, 0.0018363833501997663]
step_times_seconds [0.02545309066772461, 0.125197172164917, 0.23511409759521484, 0.3377542495727539, 0.28029322624206543, 0.2566568851470947, 0.24947714805603027, 0.17214512825012207, 0.19358205795288086, 0.20913195610046387, 0.18505215644836426, 0.22777199745178223, 0.21302080154418945, 0.2102527618408203, 0.20473384857177734, 0.1905219554901123, 0.18412303924560547, 0.16002988815307617, 0.16175603866577148, 0.14867901802062988, 0.1643667221069336, 0.15158891677856445, 0.15629005432128906, 0.14931511878967285, 0.16161274909973145, 0.1645679473876953, 0.15914487838745117, 0.15320301055908203, 0.1991899013519287, 0.20264077186584473, 0.19173693656921387]
