date 2025-01-26T23:42:30.059438
sample_ratio 0.5
rank 16
seed 0
l2_regularization_strength 0
input_shape (100, 100, 100)
input_size 1000000
num_train_samples 500000
num_test_samples 1000000
num_iterations 10
max_num_richardson_iterations 1024
num_richardson_iterations [3, 4, 6, 5, 4, 4, 4, 4, 4, 4, 4, 4, 4, 4, 4, 4, 4, 4, 4, 4, 4, 4, 4, 4, 4, 4, 4, 4, 4, 4]
train_mses [4.315148045733087, 4.3003094171101095, 3.8774069993265163, 0.3248142781994036, 0.07816277266876062, 0.04468564680984641, 0.02949265155740145, 0.02434226124002574, 0.021813806603103957, 0.020250076397340055, 0.018599914805486114, 0.01743475355868608, 0.016524699163546337, 0.015466256585649684, 0.014679329971061842, 0.014009003622647382, 0.013243694539882068, 0.012630297118466883, 0.012088762014797316, 0.011500424383108724, 0.01099423408357201, 0.010531575274266021, 0.010048315947640446, 0.00959281213119988, 0.009150127677700548, 0.00870411367119447, 0.008267082561205029, 0.007861198282965819, 0.0074753662033975755, 0.007127346862764786, 0.006805671768957682]
train_rres [1.0000006866070115, 0.9965619543424356, 0.8985577367190022, 0.07527308397688652, 0.018113590891315416, 0.010355537519856588, 0.00683468365272561, 0.005641122319699589, 0.00505517339137101, 0.004692791553515348, 0.0043103799404310235, 0.004040363237768863, 0.0038294654863256987, 0.003584179972731939, 0.003401816089371018, 0.0032464733753874127, 0.0030691191803236648, 0.0029269692850993983, 0.002801472901255315, 0.0026651304097787838, 0.0025478248986524495, 0.002440607458586109, 0.0023286160151146213, 0.002223056686821565, 0.0021204681422900937, 0.0020171080007571856, 0.001915829572896475, 0.001821769171579874, 0.0017323557052528556, 0.0016517050355894039, 0.0015771594322260248]
test_mses [4.313541718804291, 4.311981941758344, 3.899241508614756, 0.3248998743942925, 0.07821399322393478, 0.04492389614793872, 0.029750846113850742, 0.02460200373784227, 0.022052071110119826, 0.02049265661842486, 0.01882504214888297, 0.01765714151487372, 0.016750289519549363, 0.01567177159721209, 0.01488218630200554, 0.014211716717995513, 0.01342841482940521, 0.01280970385874071, 0.012267100830826756, 0.011665384776179588, 0.011151998102147074, 0.010687944258822172, 0.010195282657660712, 0.009731642479395116, 0.009286608719883769, 0.008832843245415934, 0.008387309051842986, 0.007978008477153475, 0.0075856411753281085, 0.007229870937971163, 0.006904477611717609]
test_rres [1.0000079051672364, 0.9996463022251701, 0.9039607327251842, 0.07532150236678303, 0.01813234149971603, 0.010414701933450557, 0.006897135402578572, 0.005703479837356453, 0.005112329234998733, 0.004750810343845043, 0.004364207463654185, 0.00409345318733231, 0.0038832177883821356, 0.003633185096336959, 0.0034501356236569473, 0.0032947007332833653, 0.003113107942072374, 0.002969672245373073, 0.0028438806447224495, 0.002704384877545772, 0.002585366501021912, 0.0024777849492485407, 0.0023635712641029674, 0.0022560856122550784, 0.0021529134844331626, 0.002047717084087328, 0.0019444289406916123, 0.001849540833201032, 0.00175857836450761, 0.0016761001892695625, 0.001600664290012185]
step_times_seconds [0.022541046142578125, 0.12449502944946289, 0.1770918369293213, 0.23690295219421387, 0.20312094688415527, 0.15558815002441406, 0.15869903564453125, 0.14621520042419434, 0.1678180694580078, 0.1458721160888672, 0.15014100074768066, 0.15427303314208984, 0.16492080688476562, 0.15226197242736816, 0.1617720127105713, 0.14956116676330566, 0.1474311351776123, 0.16116094589233398, 0.15658974647521973, 0.1464998722076416, 0.1602649688720703, 0.14944815635681152, 0.156494140625, 0.15732383728027344, 0.14687108993530273, 0.14610600471496582, 0.18616104125976562, 0.1579148769378662, 0.16755294799804688, 0.15502595901489258, 0.13393902778625488]
