date 2025-01-26T23:42:30.059438
sample_ratio 0.6
rank 16
seed 0
l2_regularization_strength 0
input_shape (100, 100, 100)
input_size 1000000
num_train_samples 600000
num_test_samples 1000000
num_iterations 10
max_num_richardson_iterations 1024
num_richardson_iterations [3, 4, 5, 4, 4, 4, 4, 4, 4, 4, 4, 4, 4, 4, 4, 4, 4, 4, 4, 4, 4, 4, 4, 4, 4, 4, 4, 4, 4, 4]
train_mses [4.315712483223459, 4.302983490386041, 3.8207553167390698, 0.2390012057570793, 0.07252780070131135, 0.042612317292069164, 0.0303552845145785, 0.026859407125896267, 0.024475430659477077, 0.022665931224875722, 0.020871152993090034, 0.01954709534131929, 0.018229455903581146, 0.016899449401016068, 0.015874793511258194, 0.015066248558304721, 0.014245413281671965, 0.013617929876234213, 0.013048299165806779, 0.01245207979281735, 0.0119614927953797, 0.011486466770321464, 0.01100490473359997, 0.010561138768280794, 0.010105161126316741, 0.009647136766484803, 0.009154847139481885, 0.008639294188439084, 0.00815334509608873, 0.007631419883685993, 0.007169429912467252]
train_rres [1.0000037523399115, 0.9970542878771124, 0.8853160789473993, 0.05537952389087998, 0.01680558497170796, 0.00987379890426349, 0.007033693401941198, 0.006223655541450696, 0.005671258823370763, 0.0052519755111732, 0.004836103283034607, 0.004529302812606568, 0.004223989521442874, 0.003915810628995396, 0.003678385235483145, 0.003491035408535207, 0.003300837762172855, 0.0031554421264793245, 0.0030234516729702398, 0.002885300298770758, 0.002771625247387263, 0.002661555865016696, 0.0025499720082194847, 0.0024471459668172868, 0.0023414903294874845, 0.00223536044241194, 0.002121290870781618, 0.0020018309003649506, 0.0018892305087296012, 0.0017682940068489872, 0.0016612452387584212]
test_mses [4.313541718804291, 4.309734186485745, 3.8352303819703017, 0.2392059939156559, 0.07271226985167821, 0.04278782350965114, 0.030513046904841325, 0.026999818689620536, 0.024614530229773567, 0.02279795362206957, 0.020994693772820105, 0.019666840143853687, 0.01834839385788422, 0.016996421269125084, 0.01596849924423013, 0.015161977862943845, 0.01431895755160883, 0.01368978128856034, 0.013125081228002405, 0.012512887635340768, 0.01201841123379963, 0.011549916154308908, 0.011057555725166852, 0.010607289077808515, 0.010158730631709845, 0.009693465608784061, 0.009193366023024655, 0.00868582599882404, 0.00819646841067358, 0.00766795202202685, 0.007212712695549046]
test_rres [1.0000079051672364, 0.9991252053660205, 0.8891210402321069, 0.055455099422418455, 0.01685687757170631, 0.009919496447205453, 0.007073836328639532, 0.006259365015527661, 0.005706383852611644, 0.005285247096213369, 0.004867197562471984, 0.004559361400813275, 0.004253706142453256, 0.003940278484982188, 0.0037019754343105456, 0.003514999670645913, 0.003319562364017696, 0.003173700499728951, 0.003042786146415849, 0.002900861372746552, 0.0027862269626273296, 0.0026776157995590977, 0.002563471935089862, 0.0024590866674503737, 0.0023550974119221943, 0.002247235072514342, 0.0021312970402124556, 0.0020136340918800407, 0.0019001863757096536, 0.0017776604791005732, 0.0016721223958043705]
step_times_seconds [0.02029585838317871, 0.13817715644836426, 0.1852579116821289, 0.20012688636779785, 0.1576671600341797, 0.13275694847106934, 0.15434694290161133, 0.16326189041137695, 0.16112160682678223, 0.14559388160705566, 0.15566802024841309, 0.15342211723327637, 0.15278911590576172, 0.152601957321167, 0.17055797576904297, 0.15884709358215332, 0.13759326934814453, 0.1698460578918457, 0.1553189754486084, 0.12981891632080078, 0.1466517448425293, 0.163316011428833, 0.1461009979248047, 0.1471879482269287, 0.1733839511871338, 0.1407020092010498, 0.15581989288330078, 0.16677498817443848, 0.1531531810760498, 0.18083405494689941, 0.1582329273223877]
