date 2025-01-26T23:42:30.059438
sample_ratio 0.3
rank 16
seed 0
l2_regularization_strength 0
input_shape (100, 100, 100)
input_size 1000000
num_train_samples 300000
num_test_samples 1000000
num_iterations 10
max_num_richardson_iterations 1024
num_richardson_iterations [4, 4, 6, 6, 4, 4, 4, 4, 4, 4, 4, 4, 4, 4, 4, 4, 4, 4, 4, 4, 4, 4, 4, 4, 4, 4, 4, 4, 4, 4]
train_mses [4.3187702566143145, 4.2955587436525855, 4.00546842863815, 0.613369421023727, 0.09790366177200399, 0.058104842399741126, 0.03975394788307338, 0.03304964511187834, 0.028698554894377514, 0.025956770849438458, 0.023515645449228, 0.02163831782537191, 0.0202136214090603, 0.018848545986367322, 0.017641796299916516, 0.01676301484669941, 0.015945831076918857, 0.01524893092836381, 0.014650620452503866, 0.014106203248528664, 0.01360576843374069, 0.013125134549385808, 0.012685348932363836, 0.012272842134552209, 0.011866813987166906, 0.011493715390792058, 0.011147832818837428, 0.01080827811222636, 0.010497831092972214, 0.010213091865787761, 0.009936591531368898]
train_rres [0.9999939602574168, 0.9946194273716684, 0.927450176472219, 0.142023233463491, 0.022669200870119848, 0.013453943601760611, 0.009204867454706028, 0.007652512992538391, 0.006645035474749111, 0.006010186357440749, 0.005444953545460812, 0.005010265851109546, 0.00468038310049783, 0.004364305352231833, 0.0040848872942452616, 0.0038814089674559468, 0.0036921933376248828, 0.003530828898664457, 0.003392292503656558, 0.003266234879961098, 0.003150361202373343, 0.003039072350943044, 0.002937241752254329, 0.0028417274549274465, 0.0027477132631658053, 0.0026613237770883834, 0.002581236052490575, 0.0025026135197758486, 0.0024307307555193783, 0.002364800527580827, 0.002300777982273038]
test_mses [4.313541718804291, 4.320566964917494, 4.057765153498152, 0.6183092099636706, 0.09878466072502068, 0.05887888970470636, 0.04042995621784081, 0.0337763551332342, 0.029311769107469316, 0.026570775614988044, 0.02409831637398799, 0.022155575086792688, 0.020719692388547668, 0.019337367469107553, 0.01809977627331642, 0.01720334812004992, 0.016368219943443372, 0.01565636141104867, 0.01504345762868835, 0.014480152222032349, 0.013966568419870217, 0.013473701325535953, 0.013018814576000386, 0.01259213206089237, 0.012176811847700642, 0.011791842734341555, 0.011432507355521511, 0.011086220653623136, 0.010767140325311739, 0.010470967931342844, 0.010189513574098164]
test_rres [1.0000079051672364, 1.0016365672057472, 0.9407112519906528, 0.14334255655994332, 0.02290123709796119, 0.013649886564328272, 0.009372872330678026, 0.007830368718523259, 0.006795344228183647, 0.0061599000064333055, 0.005586710050851004, 0.005136324550597025, 0.004803444021615864, 0.004482979786640768, 0.00419606915499871, 0.003988250314213404, 0.0037946426403166165, 0.003629612554563145, 0.003487523137693631, 0.003356932106842168, 0.0032378680301255653, 0.0031236067055202036, 0.00301815036009798, 0.002919232599260157, 0.0028229489596336, 0.0027337016121636373, 0.0026503969305698965, 0.0025701173223205863, 0.0024961449646860798, 0.002427483350966183, 0.0023622338180912666]
step_times_seconds [0.020075082778930664, 0.1666851043701172, 0.15245914459228516, 0.22976469993591309, 0.2227017879486084, 0.1731870174407959, 0.13888120651245117, 0.14707589149475098, 0.1378190517425537, 0.14239501953125, 0.14305377006530762, 0.144287109375, 0.1325981616973877, 0.13913607597351074, 0.12950778007507324, 0.1392381191253662, 0.14796996116638184, 0.13873982429504395, 0.13141512870788574, 0.15483903884887695, 0.15230417251586914, 0.14812183380126953, 0.14470601081848145, 0.16620087623596191, 0.1406693458557129, 0.14205288887023926, 0.1490650177001953, 0.15335512161254883, 0.13215088844299316, 0.16374707221984863, 0.1277761459350586]
