date 2025-01-26T23:42:30.059438
sample_ratio 0.1
rank 16
seed 0
l2_regularization_strength 0
input_shape (100, 100, 100)
input_size 1000000
num_train_samples 100000
num_test_samples 1000000
num_iterations 10
max_num_richardson_iterations 1024
num_richardson_iterations [2, 3, 17, 26, 21, 9, 11, 9, 8, 7, 7, 6, 5, 4, 4, 3, 3, 2, 2, 2, 2, 2, 2, 2, 2, 2, 2, 2, 2, 2]
train_mses [4.329567173196105, 4.316602724330779, 4.230205087644415, 1.8831299670929966, 0.3070455251460044, 0.09037410562175296, 0.07682258988116891, 0.060261574248496555, 0.050963923439498786, 0.04461954485693632, 0.04077963806680208, 0.03740423068187136, 0.034974077888741927, 0.03325304692794907, 0.032087161714446935, 0.031111012164714413, 0.030453671091412567, 0.02982319384080545, 0.02954445266878404, 0.0292532147245613, 0.028990610177880422, 0.028733039601358, 0.02846643404937819, 0.02822254420996051, 0.027984158076600374, 0.027739546883562748, 0.02751279728042093, 0.027291753149178012, 0.02706676710297861, 0.026855608025059288, 0.02665017825439306]
train_rres [0.9999992178307167, 0.9970048218076697, 0.9770495778646574, 0.43494613175765695, 0.07091824025397067, 0.02087368813524818, 0.017743697399707537, 0.013918603108139072, 0.011771126659633636, 0.010305766875066307, 0.009418864412748702, 0.008639247280189237, 0.008077955401549871, 0.007680449243125997, 0.007411164980994576, 0.00718570392515011, 0.007033877995939594, 0.006888256798197151, 0.006823876008421148, 0.0067566088418026474, 0.006695955124981848, 0.00663646410318798, 0.006574886275016225, 0.006518555090189152, 0.006463495095190657, 0.006406997299469961, 0.006354624991404383, 0.006303570474981252, 0.006251605495291113, 0.006202834127551529, 0.00615538605670113]
test_mses [4.313541718804291, 4.312549872395805, 4.272001272920864, 1.9989733772478817, 0.3232178020746131, 0.09652497736107923, 0.08283684839395687, 0.06585483585515135, 0.055721480894926276, 0.04898428195504893, 0.04489743320677687, 0.0411321505324767, 0.038496628224069164, 0.03665320746688539, 0.03535174271348625, 0.03428103386715073, 0.03357257268852213, 0.03286796219655827, 0.03256145566409358, 0.03224715343407526, 0.03195170275825791, 0.03166817027945949, 0.031379886112575674, 0.031105250921070162, 0.03084259097875024, 0.03057764352816821, 0.030322014140841912, 0.030078270015826893, 0.02983424986081056, 0.029595876420606123, 0.029369206190667276]
test_rres [1.0000079051672364, 0.9997779655227736, 0.9903775881387706, 0.46342177954426916, 0.07493154772477514, 0.02237737495069935, 0.019204057508468757, 0.015267119397861567, 0.012917904825085931, 0.011356020731281637, 0.010408567032693607, 0.009535661961884845, 0.008924669113209511, 0.00849730908057161, 0.008195590649051156, 0.007947368334241874, 0.007783125856640641, 0.0076197760833079855, 0.007548718707390209, 0.007475854055760705, 0.007407359757880991, 0.007341628454313426, 0.007274795567416418, 0.007211126920989426, 0.007150234495272144, 0.007088811756764498, 0.007029549223842893, 0.0069730420499837615, 0.006916470884119598, 0.006861208795533047, 0.006808659860903117]
step_times_seconds [0.017718076705932617, 0.0711207389831543, 0.11685800552368164, 0.5533339977264404, 0.8386380672454834, 0.8050119876861572, 0.2607128620147705, 0.34893202781677246, 0.32953977584838867, 0.2790241241455078, 0.2308211326599121, 0.27921199798583984, 0.19750499725341797, 0.15467619895935059, 0.13817596435546875, 0.1654500961303711, 0.09012794494628906, 0.0987401008605957, 0.05862569808959961, 0.05698204040527344, 0.054474830627441406, 0.06767797470092773, 0.0651998519897461, 0.07276415824890137, 0.07211017608642578, 0.05115103721618652, 0.07409477233886719, 0.06278824806213379, 0.06873202323913574, 0.07462620735168457, 0.06033897399902344]
