date 2025-01-26T23:42:30.059438
sample_ratio 0.05
rank 16
seed 0
l2_regularization_strength 0
input_shape (256, 256, 14, 20)
input_size 18350080
num_train_samples 917504
num_test_samples 18350080
num_iterations 10
max_num_richardson_iterations None
num_richardson_iterations None
train_mses [22654.834029848662, 22557.549579519873, 22232.061207723094, 22146.54932037163, 21739.24868846907, 18844.68972632116, 13180.57538599343, 9296.483974018558, 8117.53850292152, 6956.649388347222, 5426.833153268729, 4777.829337473398, 4454.830177501375, 3788.4068585585314, 3130.7172794429966, 2953.466158516218, 2913.1973831508326, 2740.6626062411146, 2602.4690740228475, 2557.8440700324636, 2549.888284885047, 2492.638246289593, 2427.6268332689647, 2402.3890573711774, 2400.9788523639468, 2365.8823202141257, 2327.732687880904, 2313.0469329312705, 2312.661672067526, 2293.4113540653866, 2271.7893113712976, 2263.437748422745, 2263.20808797414, 2251.087369007622, 2236.504136063411, 2230.428680406004, 2230.169328472813, 2220.5967284065446, 2208.6111381174746, 2203.175029015211, 2202.6803415064937]
train_rres [0.9999999938286182, 0.9957057911167274, 0.9813385099722607, 0.977563956306978, 0.9595854255946225, 0.8318175973037251, 0.5817996851040764, 0.410353212228256, 0.3583137462905226, 0.3070713003789573, 0.23954415700541423, 0.21089668110976245, 0.19663927549146895, 0.1672228907167206, 0.13819201923957147, 0.13036803255313806, 0.12859054104453482, 0.1209747370347761, 0.11487477924283879, 0.11290500079925404, 0.11255382695759905, 0.110026770782007, 0.10715712218807939, 0.10604310935934787, 0.10598086193803946, 0.10443167681106014, 0.10274772573697491, 0.10209948638816076, 0.10208248070801058, 0.10123275839894509, 0.10027834652675202, 0.09990970278007931, 0.0998995654095347, 0.09936454851752183, 0.09872083456071251, 0.09845265975917089, 0.09844121178602536, 0.09801867061911237, 0.09748961840008878, 0.09724966479629928, 0.09722782894859398]
test_mses [22614.471529869315, 22706.778983376822, 22957.07288192568, 22965.472660216372, 22589.77866428472, 19753.396904502704, 13713.053127579968, 9535.63355192032, 8303.418559907519, 7162.191679897064, 5640.79809054789, 4956.044446789676, 4615.515497656877, 3925.0199830240867, 3256.4607864494933, 3074.7548687922463, 3033.593716909024, 2847.7267759068427, 2706.6500771771066, 2660.8144637370983, 2651.230456894788, 2587.818939034267, 2521.49377617062, 2496.558272524341, 2495.362258570426, 2459.3847535319414, 2421.023547189588, 2407.6813429780786, 2407.6987315789515, 2389.0134205063264, 2367.5048044094374, 2360.0326831453654, 2359.9002927801935, 2348.602298359311, 2333.9497134710446, 2328.347617603428, 2328.043568480098, 2319.122949836159, 2307.0955149431757, 2301.921285920132, 2301.225316575256]
test_rres [0.9999999994115928, 1.0040817863032863, 1.0151496504393547, 1.0155210842035554, 0.9989080939236644, 0.8734847890117295, 0.6063839741467686, 0.42166068456274863, 0.3671727877458701, 0.31670833723542546, 0.24943311541808116, 0.21915367057450508, 0.20409566011060118, 0.17356231276642434, 0.14399897783294283, 0.13596403802414245, 0.13414391360493427, 0.12592497553922175, 0.1196866383549815, 0.11765981171202865, 0.11723601198608712, 0.114431988122896, 0.11149912441493724, 0.1103964895999396, 0.11034360249392734, 0.10875269620324549, 0.10705638389857305, 0.10646639866783104, 0.10646716758258723, 0.10564091298552752, 0.10468981332990106, 0.1043594000699756, 0.10435354583787829, 0.10385395448553064, 0.10320602491263342, 0.10295830318909363, 0.10294485829727962, 0.10255039324745928, 0.10201854642229599, 0.10178974474487608, 0.10175896934764661]
step_times_seconds [3.8749728202819824, 3.011449098587036, 2.9901750087738037, 2.9519028663635254, 2.9489238262176514, 3.0378928184509277, 3.0017800331115723, 2.941295862197876, 2.966282844543457, 3.0205397605895996, 3.008155107498169, 2.953986883163452, 2.972907781600952, 3.02419114112854, 3.051039934158325, 2.956146001815796, 2.968169927597046, 3.031729221343994, 3.016900062561035, 2.941112995147705, 2.959556818008423, 3.0684280395507812, 3.0593960285186768, 2.9879372119903564, 3.0185158252716064, 3.0796749591827393, 3.0220508575439453, 2.9968807697296143, 3.0000979900360107, 3.066087007522583, 3.0566577911376953, 3.00575590133667, 3.036505937576294, 3.1040260791778564, 3.090830087661743, 3.009690761566162, 3.0000321865081787, 3.066650152206421, 3.0315768718719482, 2.9529659748077393, 2.9666800498962402]
