date 2025-01-26T23:42:30.059438
sample_ratio 0.02
rank 16
seed 0
l2_regularization_strength 0
input_shape (256, 256, 14, 20)
input_size 18350080
num_train_samples 367001
num_test_samples 18350080
num_iterations 10
max_num_richardson_iterations None
num_richardson_iterations None
train_mses [22684.16392337435, 22441.87662142421, 21668.161927780984, 21518.45178677943, 21136.739830191058, 18807.52017022503, 13986.4616187753, 10364.417992663568, 9207.580075801015, 8287.821462708946, 7220.664077961725, 6902.995704454662, 6668.463990867642, 6305.679937304228, 5818.311767461673, 5595.283759221044, 5479.951373288742, 5151.672166926606, 4814.153750987481, 4596.552929591492, 4391.399787435657, 4166.991418992601, 3929.850649633741, 3854.6045212425206, 3833.6756438884536, 3752.4600810963257, 3655.580819123793, 3612.342394492847, 3587.1111806642202, 3486.865991403942, 3374.5120236652424, 3316.321619275844, 3284.6090819260653, 3198.1351585655366, 3116.907883305584, 3069.5688818827243, 3037.6618014104733, 2954.014653846482, 2885.4440180342026, 2852.6470463577716, 2845.1292013094703]
train_rres [0.9999999835488452, 0.9893190830412194, 0.9552109411882385, 0.9486111767426826, 0.9317839332260968, 0.8291035069377121, 0.61657381051941, 0.45690102827537576, 0.405903429168838, 0.36535714317532003, 0.31831298625615656, 0.30430901549690287, 0.2939700093725892, 0.2779771762745452, 0.25649222476956207, 0.24666034358033534, 0.24157607490618288, 0.22710434026035375, 0.21222530784255456, 0.202632676676987, 0.19358878422964695, 0.18369605177059245, 0.17324202903214517, 0.1699249075632865, 0.16900228695974742, 0.16542201123389835, 0.1611512230000446, 0.159245116869544, 0.1581328337147064, 0.15371366323305452, 0.14876069400439476, 0.14619545053195898, 0.1447974471964517, 0.14098536391976424, 0.13740457186597507, 0.13531769748065556, 0.13391111798074, 0.1302236492042643, 0.12720080759035954, 0.1257549984678515, 0.12542358466966086]
test_mses [22614.471529869315, 22855.477950635093, 23564.823592908426, 23636.243150690436, 23349.097809086146, 21376.250283336383, 15834.487924942361, 11459.306309522868, 10067.92251269437, 9275.780942261978, 8167.070175511927, 7755.589220655506, 7459.406163445946, 7168.958278975651, 6678.948700717249, 6450.991986458436, 6301.134468261937, 5964.9140715301855, 5612.769995200985, 5323.780409064777, 5060.2993794527765, 4832.9332315065985, 4608.586480459723, 4514.525708398011, 4493.212567935224, 4423.646441186057, 4348.393937369976, 4297.158383418233, 4264.992709810443, 4153.884870773798, 4033.5810587370934, 3960.276346840915, 3920.917492480996, 3821.834231031317, 3736.57699510762, 3677.043842605458, 3639.3415244165603, 3552.6499177404476, 3500.907656015321, 3465.6527293179815, 3462.785149629686]
test_rres [0.9999999994115928, 1.010657176180267, 1.042024066223178, 1.045182201386569, 1.0324847858818083, 0.9452465091887987, 0.7001927015942405, 0.5067244789534266, 0.445198221566777, 0.4101701392646978, 0.361143534126776, 0.3429480634048175, 0.329851004884388, 0.3170075526765499, 0.2953395876603049, 0.2852594620282026, 0.2786328416399973, 0.2637653530900289, 0.24819372782976662, 0.23541476080484783, 0.2237637686908398, 0.21370975758949312, 0.20378926262596725, 0.1996299449128768, 0.19868748908665523, 0.1956113116656463, 0.1922836856509323, 0.19001807648761743, 0.18859572737163746, 0.18368259735113196, 0.17836282625645838, 0.17512133057276644, 0.17338090279912713, 0.16899949325522035, 0.16522946326531224, 0.16259693867200034, 0.16092976205383724, 0.15709630494604676, 0.15480828943233735, 0.15324933517466077, 0.15312253231381037]
step_times_seconds [1.8339729309082031, 1.225512981414795, 1.214850902557373, 1.189148187637329, 1.1868159770965576, 1.227207899093628, 1.2131850719451904, 1.1884658336639404, 1.1895592212677002, 1.222151279449463, 1.2158210277557373, 1.1902599334716797, 1.1898128986358643, 1.2189009189605713, 1.2085177898406982, 1.1887760162353516, 1.1861441135406494, 1.222513198852539, 1.2153739929199219, 1.1868622303009033, 1.1892662048339844, 1.220907211303711, 1.2265808582305908, 1.1900370121002197, 1.1919190883636475, 1.2287659645080566, 1.2245540618896484, 1.1949748992919922, 1.1939079761505127, 1.2233929634094238, 1.2232770919799805, 1.2047102451324463, 1.2022240161895752, 1.2332191467285156, 1.2281708717346191, 1.1996569633483887, 1.192708969116211, 1.2262599468231201, 1.2141060829162598, 1.1979188919067383, 1.1917719841003418]
