date 2025-01-26T23:42:30.059438
sample_ratio 0.03
rank 1
seed 0
l2_regularization_strength 0
input_shape (256, 256, 14, 20)
input_size 18350080
num_train_samples 550502
num_test_samples 18350080
num_iterations 10
max_num_richardson_iterations None
num_richardson_iterations None
train_mses [22613.264295090532, 22603.74465764414, 22570.340747287035, 22566.080601172616, 22562.24127552262, 22544.881144725136, 22531.379187922736, 22527.90137561907, 22524.5413487847, 22516.40953048324, 22508.33355292065, 22504.12510105688, 22500.477277225305, 22489.57465768092, 22470.77930174965, 22453.295589225516, 22380.289109122743, 21755.13521927597, 19329.552845620685, 15755.576840296635, 11749.125370282367, 10965.286412776582, 9722.029899292047, 9544.197681128227, 9543.230278924655, 9507.899411896686, 9476.629511994885, 9473.078300463058, 9473.050587618985, 9472.130609735003, 9471.448499512071, 9471.365696775963, 9471.364980006567, 9471.344316531624, 9471.328659756458, 9471.326695114276, 9471.32667926169, 9471.32619946182, 9471.325831837863, 9471.325785119885, 9471.32578475899]
train_rres [1.0000000026489566, 0.9995790268293058, 0.9981018446759604, 0.9979134532049144, 0.9977436711862698, 0.9969759743771347, 0.9963788930950176, 0.9962250978592879, 0.9960765113129395, 0.9957169074000818, 0.9953597728670662, 0.995173667410552, 0.9950123539533865, 0.9945302201300256, 0.9936990550343636, 0.992925893214721, 0.9896974128262432, 0.9620519617606709, 0.8547882625252115, 0.696740491617263, 0.5195678628297858, 0.4849050671646631, 0.4299259849519378, 0.42206191825575995, 0.4220191379568384, 0.4204567422469351, 0.41907392994807463, 0.4189168888639174, 0.41891566335114827, 0.4188749802425792, 0.41884481607804996, 0.4188411543892621, 0.4188411226924053, 0.4188402089156623, 0.41883951654436186, 0.4188394296642829, 0.4188394289632525, 0.41883940774562267, 0.4188393914886173, 0.41883938942266274, 0.41883938940670323]
test_mses [22614.47155940971, 22623.85161408915, 22656.429093397037, 22660.57349673462, 22664.46510096703, 22682.034688104657, 22695.77924876671, 22699.19163316584, 22703.262131284842, 22710.663497047673, 22716.927386039475, 22719.81418456306, 22722.7283629977, 22718.040288900313, 22706.814603824303, 22700.635585062402, 22634.43506417506, 21852.47527740539, 19313.843324956004, 15800.981793559662, 11800.865376465095, 11011.955047761985, 9754.88820725009, 9579.115090693906, 9577.77478259181, 9543.189752041539, 9509.043590478375, 9505.115769119087, 9505.057972010072, 9504.090137395831, 9502.96736501156, 9502.790677862346, 9502.783260074511, 9502.748549307398, 9502.66529400232, 9502.647396618133, 9502.64597817816, 9502.642616216353, 9502.631849613825, 9502.629276326841, 9502.629024573607]
test_rres [1.0000000007178536, 1.0004147817867601, 1.0018553407335253, 1.0020386040624814, 1.0022106887483861, 1.002987606621708, 1.0035953838424057, 1.0037462776801243, 1.003926272959308, 1.0042535574482998, 1.0045305433146219, 1.0046581960222287, 1.0047870594550565, 1.0045797552919484, 1.00408336142068, 1.0038101284711456, 1.0008827763656167, 0.966304927165084, 0.8540479616373866, 0.6987110781426941, 0.5218280406833622, 0.48694284218571376, 0.4313560097403087, 0.4235834152659875, 0.42352414754887385, 0.4219948157453762, 0.4204848904969364, 0.4203112043087896, 0.4203086485511234, 0.4202658514151216, 0.420216203012676, 0.42020839000015975, 0.4202080619894955, 0.4202065270976875, 0.42020284559202326, 0.4202020541791374, 0.4202019914564702, 0.4202018427922929, 0.42020136669880964, 0.42020125290941696, 0.4202012417770218]
step_times_seconds [2.5080180168151855, 1.671757698059082, 1.666349172592163, 1.6529672145843506, 1.63975191116333, 1.6644370555877686, 1.661958932876587, 1.6644296646118164, 1.6493308544158936, 1.6717138290405273, 1.6733810901641846, 1.6556000709533691, 1.6584300994873047, 1.6847350597381592, 1.656627893447876, 1.6466760635375977, 1.6534340381622314, 1.6869258880615234, 1.6753709316253662, 1.6623830795288086, 1.6589279174804688, 1.680042028427124, 1.6682851314544678, 1.6531357765197754, 1.652627944946289, 1.6712028980255127, 1.674375057220459, 1.6533842086791992, 1.6541790962219238, 1.6697652339935303, 1.6743459701538086, 1.6552510261535645, 1.664275884628296, 1.67161226272583, 1.6602001190185547, 1.6528050899505615, 1.6533989906311035, 1.682661771774292, 1.6652491092681885, 1.6437790393829346, 1.6478428840637207]
