date 2025-01-26T23:42:30.059438
sample_ratio 0.01
rank 16
seed 0
l2_regularization_strength 0
input_shape (256, 256, 14, 20)
input_size 18350080
num_train_samples 183500
num_test_samples 18350080
num_iterations 10
max_num_richardson_iterations None
num_richardson_iterations None
train_mses [22726.036230488815, 22244.478971140645, 20836.305506109293, 20596.123227569144, 20377.78738566151, 19437.252813015253, 18627.58801334245, 18050.27844396052, 16877.369748999532, 12811.656724627082, 9718.027001475277, 8153.389915440021, 7629.251308037136, 7126.520342688707, 6376.8685338018295, 6145.85337186458, 6079.4236588833555, 5801.945859308554, 5507.16134716184, 5421.928659683554, 5364.970748601417, 5225.568146172865, 5048.683691853953, 5005.322722161984, 4976.08754530076, 4862.86740663713, 4763.9512839430445, 4745.063800504571, 4734.293160203556, 4677.264080294089, 4629.699852190755, 4618.962231461797, 4611.966404300175, 4580.390710932629, 4550.007530935728, 4541.819221827782, 4535.996959384533, 4512.347524210138, 4487.860603992514, 4480.976490448762, 4475.849197173567]
train_rres [0.9999999883207091, 0.9788103163145598, 0.916847313426458, 0.9062787183006276, 0.8966714186755083, 0.8552856463339295, 0.8196584572365953, 0.794255454408286, 0.742644664503415, 0.5637435602521896, 0.4276164479108809, 0.35876867120698225, 0.3357053179690717, 0.31358395222019403, 0.28059747835697996, 0.27043225830293327, 0.2675091919339616, 0.25529950461674267, 0.24232828052319122, 0.23857783827191634, 0.23607155385701714, 0.22993750569364194, 0.222154166335249, 0.22024617988544426, 0.2189597621299117, 0.21397780503924205, 0.20962525888752415, 0.20879416440952883, 0.20832023045703552, 0.20581081444339303, 0.20371787456309812, 0.2032453935508068, 0.20293756041136432, 0.2015481543275879, 0.20021122168636973, 0.19985091648711428, 0.19959472300417697, 0.19855409125219292, 0.19747660815380805, 0.19717369068093546, 0.1969480775047832]
test_mses [22614.471529869315, 23118.47037486895, 24527.87156998081, 24668.661905344085, 24830.33381719371, 25684.692935815157, 25742.8257940208, 25002.325842742674, 22843.758040028424, 16758.046520977205, 12636.597444541352, 10330.376702360192, 9544.442420832027, 9356.095913744502, 8674.818242421776, 8410.943963180833, 8361.373377714219, 8199.848439988535, 7969.161546645026, 7887.887378586892, 7839.4862177569685, 7772.880364829919, 7582.257985164102, 7550.11961365481, 7545.262396336706, 7458.57631968438, 7368.550884399709, 7371.827200258932, 7394.813035855086, 7388.649963537158, 7385.334723907691, 7400.387665016963, 7424.406825198101, 7458.013663563615, 7489.878927199114, 7507.761077013804, 7529.916957619034, 7583.766297103275, 7636.916908959752, 7655.88182173071, 7679.636572820392]
test_rres [0.9999999994115928, 1.022286562422247, 1.084609539654813, 1.0908352140020767, 1.0979842606442218, 1.135763570100571, 1.1383341744189013, 1.1055896572691482, 1.0101389279167914, 0.7410319754314193, 0.5587836717924362, 0.4568038073601369, 0.42205020809837, 0.4137216249286094, 0.38359588575216996, 0.37192750434705285, 0.36973551921169506, 0.3625929716877655, 0.35239211897701, 0.3487982181466075, 0.34665794435168307, 0.3437126686772157, 0.335283447622818, 0.3338623057912287, 0.33364752220414245, 0.3298143096310861, 0.3258334323811891, 0.3259783093398644, 0.3269947308623514, 0.3267222030561561, 0.32657560490889725, 0.3272412380226551, 0.3283033526130969, 0.32978942927428934, 0.3311984944197941, 0.3319892336497845, 0.3329689550004661, 0.33535014438096655, 0.33770043639442354, 0.33853905483106267, 0.3395894773909854]
step_times_seconds [1.1402957439422607, 0.60943603515625, 0.6134898662567139, 0.5983097553253174, 0.595684289932251, 0.6169929504394531, 0.6155660152435303, 0.5932879447937012, 0.5968620777130127, 0.6151180267333984, 0.6138460636138916, 0.5970349311828613, 0.6012461185455322, 0.6203129291534424, 0.6169521808624268, 0.5946578979492188, 0.603715181350708, 0.6178991794586182, 0.6175808906555176, 0.5977540016174316, 0.5996799468994141, 0.6178770065307617, 0.6137878894805908, 0.596336841583252, 0.5939188003540039, 0.61456298828125, 0.6131091117858887, 0.5899527072906494, 0.5953328609466553, 0.6182839870452881, 0.6168861389160156, 0.5945658683776855, 0.5957901477813721, 0.6139101982116699, 0.6140820980072021, 0.5944240093231201, 0.593735933303833, 0.6136829853057861, 0.6224451065063477, 0.5901298522949219, 0.5946969985961914]
