date 2025-01-26T23:42:30.059438
sample_ratio 0.1
rank 4
seed 0
l2_regularization_strength 0
input_shape (256, 256, 14, 20)
input_size 18350080
num_train_samples 1835008
num_test_samples 18350080
num_iterations 10
max_num_richardson_iterations None
num_richardson_iterations None
train_mses [22671.671206245785, 22659.22963703254, 22594.16367073191, 22356.719198976676, 20802.124786589353, 15741.412140565646, 10659.981014635649, 9780.253059490982, 9752.734712177638, 9462.725682879702, 8721.856931549251, 8227.168736681762, 7878.872384495394, 7362.901579877713, 6843.384890950513, 6754.698711665202, 6725.332311272658, 6614.863375842712, 6457.945996864141, 6338.9467765103855, 6310.199544544172, 6251.975186585164, 6136.0471035005485, 6043.450973384811, 6043.210865218527, 5991.044072209265, 5894.7703992147335, 5805.224342586832, 5805.147153518591, 5745.053604642308, 5660.843487747816, 5624.394427221435, 5624.318740721041, 5600.396905344985, 5578.434721486182, 5575.503398772896, 5575.48594220722, 5567.621210079268, 5562.869083329059, 5562.015461308258, 5562.013154710384]
train_rres [1.0000000030245795, 0.9994512314259754, 0.9965813077266804, 0.9861081286516422, 0.9175382202868347, 0.6943207690767949, 0.47018946904720926, 0.43138650874478934, 0.4301727319946662, 0.41738104021610883, 0.3847028689939023, 0.3628832072731806, 0.3475205835798788, 0.32476219045197685, 0.30184739578278647, 0.2979356338863314, 0.2966403433797685, 0.2917677896646443, 0.28484649224348413, 0.2795976854999876, 0.2783297052178264, 0.27576155055443874, 0.27064820525313105, 0.2665639836025325, 0.2665533929334624, 0.2642524247916576, 0.2600059944156209, 0.2560563051278691, 0.2560529004794966, 0.2534022997138377, 0.24968796756853062, 0.24808027573562405, 0.2480769373623769, 0.24702179523232434, 0.24605308923242525, 0.24592379471789716, 0.24592302474529265, 0.24557612785885696, 0.24536652148615723, 0.24532887000402265, 0.24532876826481428]
test_mses [22614.471572134324, 22624.121482886017, 22624.002132392758, 22390.043870728845, 20826.253982916336, 15783.078629238005, 10699.964767005391, 9805.53607277707, 9781.102785833196, 9497.69975683135, 8747.176530678107, 8251.686771405655, 7891.975982229317, 7376.530185619192, 6865.172276215791, 6776.087329514515, 6744.032709782431, 6628.8041734362505, 6469.364472180628, 6348.505169714308, 6318.096930124203, 6258.0664645025, 6143.58132242969, 6050.686359208668, 6050.305825032555, 5997.029520815756, 5900.021677623244, 5811.152613686796, 5810.957106068482, 5750.06247827035, 5664.418990333254, 5628.797197306244, 5628.61237429821, 5604.29334217363, 5582.024831715807, 5579.365689203016, 5579.302467370926, 5571.062110013659, 5566.279046005035, 5565.538743201546, 5565.52633871968]
test_rres [1.0000000012805292, 1.000426715242572, 1.0004214376267306, 0.9900759267348561, 0.9209259629682077, 0.6979194096622932, 0.47314679658009623, 0.4335956316315513, 0.43251520457415915, 0.4199832721581941, 0.3867955310818512, 0.3648852353525675, 0.3489790140424841, 0.32618627287114926, 0.3035742959152823, 0.2996350065743311, 0.2982175682021417, 0.2931222231207328, 0.2860718836533162, 0.2807275490649278, 0.27938291275396876, 0.2767283972368985, 0.27166592465803535, 0.26755815839678687, 0.26754133137629305, 0.26518548131297925, 0.2608958456693913, 0.25696610255039876, 0.25695745730666886, 0.25426472899409824, 0.25047761914394834, 0.24890244225073638, 0.2488942694748357, 0.2478188947052706, 0.24683419292193207, 0.24671660704300874, 0.24671381140695028, 0.24634942715231337, 0.2461379225854482, 0.24610518678606969, 0.24610463826642634]
step_times_seconds [7.290220022201538, 5.6709067821502686, 5.5789430141448975, 5.51764702796936, 5.499828815460205, 5.650166034698486, 5.590073823928833, 5.48931097984314, 5.5313661098480225, 5.654469728469849, 5.623031139373779, 5.523535966873169, 5.5097270011901855, 5.677014112472534, 5.575325965881348, 5.514463901519775, 5.48490309715271, 5.64731502532959, 5.638745069503784, 5.546040058135986, 5.540004253387451, 5.685119867324829, 5.620126008987427, 5.511487007141113, 5.507349014282227, 5.6713480949401855, 5.608614921569824, 5.508795261383057, 5.518487930297852, 5.6826958656311035, 5.56883978843689, 5.499651908874512, 5.538466691970825, 5.6267101764678955, 5.6055378913879395, 5.522209167480469, 5.49973201751709, 5.679118871688843, 5.590353012084961, 5.511397123336792, 5.481365919113159]
