date 2025-01-26T23:42:30.059438
sample_ratio 0.06
rank 2
seed 0
l2_regularization_strength 0
input_shape (256, 256, 14, 20)
input_size 18350080
num_train_samples 1101004
num_test_samples 18350080
num_iterations 10
max_num_richardson_iterations None
num_richardson_iterations None
train_mses [22709.94280554784, 22698.544850268754, 22660.559867155447, 22641.164843569662, 22454.840013044843, 20533.11176497911, 14786.798497199332, 10178.615106473892, 9745.299407798593, 9615.295176398367, 9510.840674628906, 9504.952363005033, 9503.66690060534, 9496.057079525863, 9490.396100670449, 9489.116847490943, 9487.469196280244, 9483.104317888445, 9479.202207878378, 9478.327850725462, 9476.558460658658, 9474.099909740786, 9471.579690610608, 9471.24156001943, 9469.526672494945, 9467.97616748135, 9466.223105308598, 9466.079009303681, 9464.945330054115, 9463.933685553344, 9462.866112593505, 9462.80496989753, 9461.931681670729, 9460.912952352457, 9459.645193514763, 9459.513668491647, 9457.570801680089, 9454.095814255286, 9446.674135435638, 9442.723704698885, 9411.109484636514]
train_rres [0.9999999991473032, 0.9994981064139326, 0.9978254917620085, 0.9969714595112312, 0.9887669108709579, 0.9041463434445345, 0.65111561976186, 0.44820082485227897, 0.4291203849755234, 0.4233958337336941, 0.4187963284608373, 0.4185370450417081, 0.41848044153505887, 0.41814535389797647, 0.41789608075365114, 0.4178397506611728, 0.4177671986858815, 0.4175749974802047, 0.4174031736213711, 0.4173646725489705, 0.4172867599764711, 0.4171785011870577, 0.41706752692571286, 0.4170526378265291, 0.41697712519588503, 0.4169088509150756, 0.41683165731814453, 0.41682531225571856, 0.41677539230399047, 0.416730845978684, 0.41668383692330807, 0.4166811445917401, 0.4166426905879791, 0.4165978322928206, 0.41654200833731936, 0.41653621682017944, 0.41645066544620485, 0.41629764932231605, 0.4159708462617859, 0.41579689466854713, 0.41440480749747377]
test_mses [22614.471543462947, 22624.338913598847, 22648.349092958437, 22630.972203735484, 22435.085926177126, 20470.870746643937, 14771.462002665145, 10168.471178600494, 9738.496668853333, 9618.062367508923, 9526.087456518268, 9523.600399950355, 9525.119699370816, 9527.017851323097, 9531.617845039456, 9533.005602329047, 9535.255926781434, 9540.791034462382, 9543.775826000281, 9544.693645019834, 9547.737396435181, 9550.82044932284, 9552.496556235665, 9552.864070895565, 9556.101268414357, 9558.796122069212, 9561.051820341205, 9561.227964181848, 9562.71551638546, 9564.497615309481, 9565.903998147169, 9565.929697905785, 9565.39188544977, 9565.480215011034, 9564.935858820698, 9564.741228381847, 9559.648557478014, 9554.375579616939, 9539.581215554332, 9534.351197556869, 9473.127857685675]
test_rres [1.000000000012696, 1.0004363299139745, 1.0014980473772257, 1.0007296505040213, 0.9920676626621046, 0.9052111037642729, 0.6531862561750905, 0.4496444305225846, 0.4306311845607567, 0.425305643297744, 0.42123856126069276, 0.42112858493145766, 0.42119576755023164, 0.42127970282807603, 0.42148311212320705, 0.42154447801835704, 0.42164398617834614, 0.4218887457196151, 0.4220207316266128, 0.42206131709940625, 0.4221959101810767, 0.4223322411531171, 0.4224063577164701, 0.4224226090208262, 0.4225657561871268, 0.42268492119391066, 0.4227846669813674, 0.42279245596906523, 0.42285823474266043, 0.42293703821682593, 0.42299922772388576, 0.42300036415365233, 0.422976582370603, 0.4229804882571984, 0.42295641711367, 0.42294781065835313, 0.42272261543793377, 0.42248944713899705, 0.42183524816581464, 0.4216039795293808, 0.4188967157423714]
step_times_seconds [4.554902791976929, 3.363616943359375, 3.3563129901885986, 3.3029959201812744, 3.3049638271331787, 3.394853115081787, 3.352710008621216, 3.3254199028015137, 3.310840129852295, 3.3721821308135986, 3.3482062816619873, 3.3192598819732666, 3.3145480155944824, 3.4294421672821045, 3.3623030185699463, 3.3237640857696533, 3.3230578899383545, 3.3893818855285645, 3.3689463138580322, 3.3079020977020264, 3.310842990875244, 3.4168460369110107, 3.3594141006469727, 3.3362069129943848, 3.306647777557373, 3.37845778465271, 3.374558925628662, 3.3120501041412354, 3.311973810195923, 3.413006067276001, 3.371155261993408, 3.331768274307251, 3.3235692977905273, 3.3773231506347656, 3.377042770385742, 3.320080041885376, 3.3113272190093994, 3.4184348583221436, 3.3703460693359375, 3.3041188716888428, 3.3420159816741943]
