date 2025-01-26T23:42:30.059438
sample_ratio 0.06
rank 1
seed 0
l2_regularization_strength 0
input_shape (256, 256, 14, 20)
input_size 18350080
num_train_samples 1101004
num_test_samples 18350080
num_iterations 10
max_num_richardson_iterations None
num_richardson_iterations None
train_mses [22709.942831811695, 22705.333498668868, 22689.33065250918, 22685.454024935723, 22682.4958319688, 22667.729603503394, 22626.85871130553, 22563.07108673608, 22126.118295405107, 17870.437835904777, 12259.530777680804, 10093.525017134625, 9799.220942901464, 9747.448542106356, 9556.766872254808, 9534.903822685852, 9534.858188355542, 9530.176852242803, 9526.311716203525, 9525.871580240382, 9525.869603481999, 9525.753867081758, 9525.66903479683, 9525.65863296309, 9525.658585887424, 9525.65596437867, 9525.653990945591, 9525.653741815866, 9525.653740787315, 9525.653679335597, 9525.653632528689, 9525.653626559044, 9525.653626535726, 9525.653625074185, 9525.653623957201, 9525.653623814216, 9525.65362381368, 9525.653623778766, 9525.653623752056, 9525.653623748627, 9525.653623748625]
train_rres [1.0000000003037948, 0.9997970348811883, 0.9990923723339038, 0.9989216705578868, 0.998791410742187, 0.9981412008944897, 0.9963415093447148, 0.9935327121116597, 0.9742921180379644, 0.7868992878441385, 0.5398309838205425, 0.4444540039115444, 0.4314947430053341, 0.4292150190450291, 0.42081862318786417, 0.41985591492666274, 0.4198539054838974, 0.419647769513022, 0.419477573750352, 0.4194581929898395, 0.4194581059460984, 0.4194530096584884, 0.419449274189598, 0.41944881615965834, 0.41944881408674844, 0.41944869865234263, 0.4194486117550267, 0.4194486007849539, 0.4194486007396631, 0.4194485980337242, 0.4194485959726486, 0.4194485957097838, 0.41944859570875703, 0.41944859564440024, 0.4194485955952154, 0.4194485955889192, 0.41944859558889563, 0.41944859558735825, 0.41944859558618214, 0.4194485955860311, 0.41944859558603104]
test_mses [22614.47155940971, 22618.688365159098, 22633.94472329299, 22636.85254773827, 22636.889705206093, 22642.719967303932, 22616.05917005095, 22563.13618490556, 22110.964952026658, 17806.767360781403, 12197.2501398013, 10054.855283323617, 9764.120947769397, 9713.943613063231, 9524.097432932977, 9503.14876991391, 9503.089394641784, 9498.456247142787, 9494.420927257892, 9494.02029261618, 9494.014848960247, 9493.90020896992, 9493.771194712937, 9493.764659423443, 9493.764334010655, 9493.760751457605, 9493.751018921144, 9493.751324247165, 9493.751286364295, 9493.75094185181, 9493.749644578356, 9493.749724673973, 9493.74971876473, 9493.749662627239, 9493.749465289871, 9493.749478595451, 9493.749477648911, 9493.749468387046, 9493.749437848288, 9493.749439938445, 9493.749439788906]
test_rres [1.0000000007178536, 1.000186465643259, 1.0008610937505207, 1.0009896762132913, 1.0009913192969138, 1.0012491304107711, 1.0000702040227685, 0.9977299775423777, 0.9777352041948946, 0.7874058576511284, 0.5393559657812103, 0.44462039557841365, 0.431764276654779, 0.4295454613881756, 0.4211505634677091, 0.4202242246417467, 0.42022159909854034, 0.4200167237606333, 0.4198382840444016, 0.4198205681919242, 0.419820327476331, 0.41981525815644405, 0.4198095532140696, 0.4198092642270162, 0.41980924983743445, 0.4198090914188288, 0.41980866105120146, 0.419808674552557, 0.4198086728773965, 0.41980865764323616, 0.4198086002784885, 0.41980860382027446, 0.4198086035589708, 0.4198086010766005, 0.4198085923504463, 0.419808592938812, 0.4198085928969565, 0.4198085924874017, 0.4198085911369939, 0.41980859122941955, 0.41980859122280706]
step_times_seconds [4.553699731826782, 3.3732688426971436, 3.3358330726623535, 3.2726898193359375, 3.3027238845825195, 3.3769569396972656, 3.3132331371307373, 3.2936389446258545, 3.295846939086914, 3.377788782119751, 3.3158299922943115, 3.3041019439697266, 3.310072183609009, 3.365035057067871, 3.3213841915130615, 3.2883942127227783, 3.309670925140381, 3.371211051940918, 3.330018997192383, 3.293241024017334, 3.299873113632202, 3.3860368728637695, 3.3364269733428955, 3.3127832412719727, 3.3160970211029053, 3.3662211894989014, 3.326076030731201, 3.2934410572052, 3.3019230365753174, 3.3702588081359863, 3.332444906234741, 3.292846202850342, 3.2976861000061035, 3.3738157749176025, 3.3389601707458496, 3.298018217086792, 3.308265209197998, 3.3664960861206055, 3.3162660598754883, 3.3076059818267822, 3.3069722652435303]
