date 2025-01-26T23:42:30.059438
sample_ratio 0.1
rank 8
seed 0
l2_regularization_strength 0
input_shape (256, 256, 14, 20)
input_size 18350080
num_train_samples 1835008
num_test_samples 18350080
num_iterations 10
max_num_richardson_iterations None
num_richardson_iterations None
train_mses [22671.671138608704, 22645.63254716506, 22556.607170749132, 22532.92863521894, 22049.412423029957, 17365.667608563937, 11307.625243350169, 9373.948081596618, 8578.392067105222, 7702.316366911442, 6409.29613562416, 6097.534376852038, 6017.430650044336, 5673.864505449705, 5387.073021031401, 5273.323086913723, 5266.369541917825, 5144.082287566591, 4956.092465124407, 4813.863641875619, 4699.926723220878, 4615.710531069449, 4524.768121427756, 4506.035424063976, 4494.370999996615, 4440.385340307586, 4347.6621856215415, 4315.596647202202, 4219.05996053394, 4183.508597356775, 4127.142830906749, 4111.173392384962, 4110.837293224271, 4086.218595782318, 4046.4324795754605, 4029.675081746901, 4029.545657576847, 4008.926628103776, 3971.9988485049275, 3952.149946657343, 3952.0296986100548]
train_rres [1.0000000000412492, 0.9988514922278849, 0.9949247690553705, 0.9938803583726996, 0.9725534694436552, 0.7659632809205409, 0.4987557015398079, 0.4134652458865253, 0.37837493385525117, 0.3397330668806546, 0.2827006486069672, 0.2689494894233785, 0.26541628155699437, 0.2502622974281523, 0.2376125248252963, 0.232595253119698, 0.2322885467920668, 0.22689471174529652, 0.21860287382560292, 0.21232945787910718, 0.20730393867662492, 0.2035893385644397, 0.1995780590654806, 0.198751798960964, 0.19823730560948016, 0.1958561110622762, 0.19176628662353132, 0.19035194278338727, 0.18609391142425, 0.18452581514403846, 0.18203963906518897, 0.1813352605293143, 0.18132043589822952, 0.18023455663981686, 0.17847967425971983, 0.17774054048670415, 0.17773483185723135, 0.1768253695883116, 0.17519656245827672, 0.17432106890832832, 0.17431576501844046]
test_mses [22614.47154046124, 22638.88813288524, 22706.44495045702, 22712.114980444465, 22258.990522431068, 17519.486279780816, 11395.943694362733, 9436.209952545096, 8613.182161903324, 7735.517192557773, 6438.132319065777, 6133.426168432804, 6053.91009188252, 5715.027333927113, 5441.299162833188, 5329.142388996029, 5324.585356987615, 5210.505460413504, 5023.653993345435, 4881.834550157912, 4765.959435812144, 4683.697651916009, 4597.926775540481, 4579.714692408497, 4555.358043619994, 4489.543328233946, 4396.367808198867, 4363.707665746665, 4255.39666578502, 4221.628231774691, 4167.161195496181, 4151.018224184905, 4150.791679935328, 4126.095981362098, 4087.6938483021977, 4070.3529431110333, 4070.2447435049507, 4049.5793638275636, 4013.5142598340876, 3992.9163085945033, 3992.829883849097]
test_rres [0.9999999998799621, 1.0010796887144937, 1.0040670155438116, 1.0043177412782875, 0.9842808168182892, 0.774702439821881, 0.503922617541845, 0.4172642254553402, 0.3808703707915052, 0.34206048891255436, 0.2846908143209986, 0.27121686910626186, 0.26770071015474844, 0.25271549339616056, 0.24061137809232425, 0.2356518647283693, 0.23545035517729654, 0.23040580234057387, 0.22214332905167436, 0.21587214809939081, 0.21074821167998176, 0.20711063899829957, 0.2033178960986137, 0.20251256739140902, 0.20143552923281213, 0.1985252372429952, 0.1944050649074539, 0.19296085064006113, 0.1881713953678096, 0.18667817303246306, 0.18426966942562353, 0.18355583575144477, 0.18354581808425566, 0.18245378732306453, 0.18075566526053555, 0.17998885958223096, 0.17998407505273728, 0.17907026286668057, 0.17747548299642713, 0.17656465246031405, 0.17656083080367083]
step_times_seconds [7.290684938430786, 5.824612855911255, 5.7745678424835205, 5.629408121109009, 5.6238391399383545, 5.804816007614136, 5.755259037017822, 5.621323108673096, 5.627847194671631, 5.847839832305908, 5.760966062545776, 5.634082078933716, 5.6279401779174805, 5.820101261138916, 5.767461061477661, 5.6329169273376465, 5.627840995788574, 5.818338871002197, 5.822045087814331, 5.6831419467926025, 5.6510021686553955, 5.834612131118774, 5.779263257980347, 5.651861906051636, 5.638781785964966, 5.839118003845215, 5.784064054489136, 5.628319978713989, 5.6204211711883545, 5.853685140609741, 5.766075849533081, 5.624891757965088, 5.630147933959961, 5.8070268630981445, 5.751224994659424, 5.629539251327515, 5.624356746673584, 5.8020689487457275, 5.755770206451416, 5.635311841964722, 5.631003141403198]
