date 2025-01-26T23:42:30.059438
sample_ratio 0.07
rank 16
seed 0
l2_regularization_strength 0
input_shape (256, 256, 14, 20)
input_size 18350080
num_train_samples 1284505
num_test_samples 18350080
num_iterations 10
max_num_richardson_iterations None
num_richardson_iterations None
train_mses [22716.05989331802, 22645.025564688007, 22375.16010893511, 22248.19414266182, 21022.401488607138, 15314.211895238972, 10187.231151324164, 7604.685038929592, 7055.434290792353, 6346.449434304881, 5143.490042498243, 4715.0507128545, 4513.5701348560415, 3944.0417419654514, 3444.0763334781664, 3243.949059438526, 3199.0047657292635, 3028.25864536049, 2871.396957797073, 2815.5274895119455, 2801.3381226393853, 2711.7062086455653, 2603.3188888045456, 2559.072449732755, 2553.6488886727784, 2498.4231607350794, 2445.580560154031, 2422.563963116096, 2410.073456058492, 2371.955664123851, 2329.710236579005, 2307.3512317430323, 2305.567791677481, 2286.1097251689494, 2259.1860016841824, 2244.8783439525573, 2244.778064429615, 2232.310475028783, 2215.6795111737442, 2206.859739687087, 2206.8132332537543]
train_rres [0.9999999937032039, 0.9968729404855102, 0.9849929993636349, 0.9794037393392256, 0.9254422402019266, 0.674157924865888, 0.44845942188124993, 0.33477130394789006, 0.3105923421359306, 0.27938161037378695, 0.22642527067925652, 0.20756463512194426, 0.19869511383717947, 0.1736234952563571, 0.1516141587918864, 0.1428042122730208, 0.14082568722786196, 0.13330914958464835, 0.12640382853371063, 0.12394435852897785, 0.12331971821503916, 0.11937396732996636, 0.11460257124862352, 0.11265476696385866, 0.11241601248569227, 0.10998488103731119, 0.10765865895053756, 0.10664542879525984, 0.10609557520983995, 0.10441756450403822, 0.102557848185397, 0.10157356636891175, 0.10149505627241187, 0.10063847874631847, 0.09945325017051454, 0.09882340248967877, 0.09881898801275003, 0.09827014330196489, 0.09753801969301064, 0.09714975819552642, 0.09714771090241052]
test_mses [22614.471529869315, 22679.42541160232, 22828.534090692094, 22763.14533294711, 21505.949170832944, 15686.294425723034, 10404.269123748816, 7701.690568138167, 7136.991980524602, 6467.750213407628, 5266.474365326394, 4823.307812630487, 4612.023265809309, 4033.563976066281, 3529.3615310000832, 3322.994491701668, 3275.557510102751, 3101.1117135551463, 2943.1697263172546, 2887.4706058137826, 2871.8134372226605, 2780.8239359209374, 2671.2548347827624, 2626.7312850314834, 2620.56971136463, 2564.225680545044, 2507.9238020113285, 2483.88539879073, 2469.0031302011425, 2426.233880228293, 2382.9711354084598, 2360.2750693952676, 2357.910122921956, 2337.424775591466, 2309.938074864396, 2296.1427327754777, 2295.9174910062643, 2282.6939761506683, 2265.550612639162, 2257.094484540198, 2256.9457509819836]
test_rres [0.9999999994115928, 1.0028722257914573, 1.009465732909459, 1.00657427654179, 0.950981725563364, 0.6936396632472513, 0.46007129124750296, 0.34056469342801143, 0.3155940198248085, 0.2860005019820745, 0.23288071778602365, 0.2132841266452664, 0.2039412354608409, 0.17836207086976805, 0.15606650477159204, 0.1469410631752931, 0.1448434248772524, 0.13712952379340215, 0.1301454124496395, 0.12768242672843305, 0.12699007499422474, 0.12296656725370536, 0.11812147941121548, 0.11615267153231924, 0.11588020999568377, 0.11338870668056036, 0.11089906731727817, 0.10983610180978427, 0.10917801574479823, 0.10728678207651667, 0.10537372632647467, 0.10437011826206069, 0.10426554157678213, 0.10335969032611818, 0.10214424292224707, 0.10153422017364648, 0.10152426010145184, 0.10093952325140654, 0.10018145276195131, 0.09980752723895957, 0.09980095031948875]
step_times_seconds [5.256278038024902, 4.207136869430542, 4.174501180648804, 4.110608100891113, 4.11510705947876, 4.210378646850586, 4.141286134719849, 4.1174538135528564, 4.06868577003479, 4.191866874694824, 4.15947699546814, 4.10299015045166, 4.1125328540802, 4.207913398742676, 4.169699668884277, 4.097570896148682, 4.1642680168151855, 4.227522850036621, 4.150544166564941, 4.163777112960815, 4.144863128662109, 4.25241231918335, 4.2118120193481445, 4.166800022125244, 4.250460863113403, 4.397578954696655, 4.373291969299316, 4.18831992149353, 4.226967096328735, 4.281654119491577, 4.218415021896362, 4.171219110488892, 4.133333921432495, 4.257184028625488, 4.2266318798065186, 4.1535139083862305, 4.18117094039917, 4.354014873504639, 4.230382919311523, 4.161433935165405, 4.169500827789307]
