date 2025-01-26T23:42:30.059438
sample_ratio 0.04
rank 16
seed 0
l2_regularization_strength 0
input_shape (256, 256, 14, 20)
input_size 18350080
num_train_samples 734003
num_test_samples 18350080
num_iterations 10
max_num_richardson_iterations None
num_richardson_iterations None
train_mses [22660.89058860483, 22539.507860089565, 22130.1756936232, 22028.146232715364, 21457.94430592759, 17960.64345994506, 12300.53288359569, 9131.498988679292, 8232.473323982076, 7280.5140764514035, 6313.875912402826, 5933.396683616462, 5627.323553396734, 4848.617108332901, 4272.787107953349, 3945.611354541477, 3749.1427125927767, 3440.465465536634, 3108.9740424914644, 3006.2198045150567, 2967.907557234994, 2829.375413896654, 2691.216752591464, 2629.429914063398, 2607.8979451879904, 2551.210774567072, 2493.186114400406, 2472.631255139659, 2470.538062038142, 2442.405869915496, 2406.019115894195, 2388.3602118971025, 2371.8335807831018, 2327.3261889854557, 2285.3965802810526, 2264.5182130520825, 2261.2673425263033, 2237.992698052041, 2216.5408943664584, 2204.243964715719, 2203.9291576428677]
train_rres [0.9999999894612769, 0.9946435041651038, 0.9765801292702813, 0.9720776822268327, 0.9469153030807411, 0.7925832923660304, 0.5428088850201315, 0.4029629310790099, 0.3632899247729508, 0.3212810181160811, 0.27862434714007256, 0.2618342204109878, 0.24832755235673143, 0.213964099878441, 0.18855336008163007, 0.17411545665128653, 0.16544551320356662, 0.1518239283591343, 0.137195579210387, 0.1326611485580816, 0.13097047154225563, 0.1248572015744791, 0.11876041295494232, 0.11603382824127792, 0.11508364631597814, 0.11258210429573584, 0.11002154034401108, 0.10911447718319865, 0.10902210689125126, 0.10778066442824784, 0.10617495729614912, 0.10539568943189889, 0.10466638751522393, 0.10270232563713623, 0.10085201847032069, 0.09993067926137372, 0.09978722194760187, 0.09876013767931273, 0.09781349335500296, 0.09727084347665575, 0.0972569513893919]
test_mses [22614.471529869315, 22730.913860137243, 23053.920034503044, 23057.402744241037, 22504.11558988405, 19086.567134204804, 12958.640141327445, 9488.952913590205, 8513.943103353255, 7610.912000542665, 6676.317395968327, 6274.282905321494, 5939.370289066657, 5127.072050197947, 4552.490884019201, 4196.512497890784, 3985.7829520734526, 3654.8039220657492, 3313.1103985033915, 3197.4541751347565, 3147.765255012251, 2982.5503092733134, 2843.167272589435, 2776.556429610907, 2751.1685671621117, 2686.897874333361, 2630.51053298755, 2608.691380748639, 2605.7176831416177, 2575.7835331906376, 2540.4113434545097, 2522.458320361669, 2502.4552475684304, 2455.7210623204514, 2413.577786193631, 2392.881102124014, 2389.651297773811, 2365.4802449004615, 2345.2021729254657, 2333.115070212857, 2333.279043378865]
test_rres [0.9999999994115928, 1.0051490178198106, 1.019432180428723, 1.0195861840158216, 0.9951201179704292, 0.8439979283957394, 0.5730242299311149, 0.41959649136499944, 0.3764820719820195, 0.33655051306469025, 0.2952232327526123, 0.27744547969394523, 0.262635820506667, 0.22671642096120956, 0.2013087449480094, 0.185567568531449, 0.17624921919858907, 0.1616135011197565, 0.14650399378901954, 0.1413897366131301, 0.1391925187817234, 0.13188680105033587, 0.12572335670816912, 0.12277786037625821, 0.1216552224936827, 0.11881320636670646, 0.11631978788296451, 0.11535495648298004, 0.11522346114375252, 0.11389978882650074, 0.1123356492591182, 0.1115417760501615, 0.11065725072508158, 0.1085906897108764, 0.10672713627579569, 0.10581193982603111, 0.10566911958174477, 0.10460028837659358, 0.10370360273278889, 0.10316911742812315, 0.10317636823501002]
step_times_seconds [3.194685935974121, 2.4258341789245605, 2.4311931133270264, 2.3667099475860596, 2.3865370750427246, 2.4418652057647705, 2.43068790435791, 2.3659157752990723, 2.3784830570220947, 2.4439501762390137, 2.410672903060913, 2.3848788738250732, 2.369091033935547, 2.4430270195007324, 2.4105939865112305, 2.3671350479125977, 2.3609461784362793, 2.4399590492248535, 2.4121711254119873, 2.373220920562744, 2.4014968872070312, 2.456923246383667, 2.3959403038024902, 2.3855512142181396, 2.394881010055542, 2.4584686756134033, 2.4351470470428467, 2.3892431259155273, 2.3558950424194336, 2.4588470458984375, 2.41929292678833, 2.4003121852874756, 2.3984861373901367, 2.4680750370025635, 2.4562900066375732, 2.41395902633667, 2.4325129985809326, 2.497014045715332, 2.4669320583343506, 2.4258358478546143, 2.4318747520446777]
