date 2025-01-26T23:42:30.059438
sample_ratio 0.08
rank 1
seed 0
l2_regularization_strength 0
input_shape (256, 256, 14, 20)
input_size 18350080
num_train_samples 1468006
num_test_samples 18350080
num_iterations 10
max_num_richardson_iterations None
num_richardson_iterations None
train_mses [22719.175654383558, 22715.720682729334, 22703.77064453893, 22700.8989634576, 22696.379905310816, 22660.3618009466, 22208.95148212348, 21103.0052837523, 15908.688312354318, 10541.545926658533, 9618.935140023978, 9553.698000157658, 9552.289896726219, 9538.612906788687, 9530.34604115658, 9529.65081947872, 9529.648177753728, 9529.407512678627, 9529.271045153906, 9529.256001377707, 9529.255945355144, 9529.251775719753, 9529.248897600368, 9529.248547108338, 9529.248546079798, 9529.248458421438, 9529.248392880023, 9529.24838465861, 9529.248384637538, 9529.248382643373, 9529.24838112057, 9529.248380927835, 9529.248380927376, 9529.248380881038, 9529.248380845467, 9529.248380840943, 9529.248380840938, 9529.24838083985, 9529.248380839019, 9529.248380838915, 9529.248380838915]
train_rres [0.9999999996608585, 0.9998479267289171, 0.999321937653955, 0.999195538654095, 0.9989966292300034, 0.9974112678198921, 0.977542134998476, 0.9288631593692382, 0.7002317579198571, 0.463993328078764, 0.42338398554112455, 0.4205125283704676, 0.4204505497383032, 0.41984854770526486, 0.4194846759805569, 0.41945407532460877, 0.41945395904728294, 0.41944336600998783, 0.419437359298884, 0.4194366971368222, 0.41943669467095085, 0.4194365111416075, 0.4194363844592213, 0.41943636903207576, 0.4194363689868039, 0.41943636512846144, 0.4194363622436114, 0.41943636188174027, 0.4194363618808128, 0.4194363617930383, 0.419436361726011, 0.4194363617175277, 0.41943636171750753, 0.4194363617154679, 0.4194363617139022, 0.4194363617137031, 0.4194363617137029, 0.41943636171365495, 0.41943636171361837, 0.41943636171361387, 0.41943636171361387]
test_mses [22614.47155940971, 22617.565937800435, 22628.58124489606, 22630.301053739167, 22627.15531525036, 22597.317183044022, 22096.139672547488, 21010.013397373637, 15826.634228801335, 10489.881758705335, 9576.73844703529, 9515.738674731092, 9513.834190844102, 9500.012861477398, 9492.021869096878, 9491.64864672134, 9491.648110078415, 9491.40638402884, 9491.32101406883, 9491.348490478355, 9491.349062895042, 9491.348329465673, 9491.354265076036, 9491.360215163848, 9491.360320726048, 9491.360918992737, 9491.362273620003, 9491.363225982806, 9491.363241185105, 9491.363351222813, 9491.3635716159, 9491.36371859575, 9491.363720785195, 9491.363738190454, 9491.363772394236, 9491.363794938992, 9491.363795262818, 9491.36379794525, 9491.363803200695, 9491.363806653837, 9491.363806702602]
test_rres [1.0000000007178536, 1.0001368324976638, 1.0006239235656376, 1.0006999726052899, 1.0005608697090405, 0.9992414432457968, 0.9770796381583032, 0.9290517073220596, 0.6998454152945792, 0.46385703679513013, 0.42347832133734636, 0.42078094359019286, 0.4206967283175364, 0.4200855564252233, 0.4197321989582905, 0.4197156952617604, 0.41971567153169337, 0.41970498253331845, 0.41970120751872886, 0.4197024225110612, 0.4197024478230251, 0.41970241539116543, 0.4197026778607239, 0.4197029409704677, 0.4197029456383724, 0.41970297209340984, 0.41970303199431275, 0.41970307410729346, 0.4197030747795311, 0.4197030796453405, 0.4197030893910066, 0.4197030958903779, 0.4197030959871941, 0.4197030967568454, 0.41970309826931856, 0.41970309926623584, 0.4197030992805552, 0.41970309939917094, 0.41970309963156394, 0.4197030997842601, 0.41970309978641646]
step_times_seconds [5.94094705581665, 4.506028175354004, 4.422991037368774, 4.37957501411438, 4.393799781799316, 4.500094890594482, 4.41755223274231, 4.379274129867554, 4.3902788162231445, 4.493589878082275, 4.445390939712524, 4.358611106872559, 4.371703147888184, 4.544665098190308, 4.480057954788208, 4.392721891403198, 4.396589994430542, 4.518317222595215, 4.458191156387329, 4.402933120727539, 4.4184250831604, 4.502175807952881, 4.425153970718384, 4.393310070037842, 4.401280879974365, 4.523658990859985, 4.434840202331543, 4.377872943878174, 4.391163110733032, 4.4964940547943115, 4.43341588973999, 4.393145799636841, 4.366040229797363, 4.486438989639282, 4.452589988708496, 4.395397901535034, 4.365417242050171, 4.4829840660095215, 4.422597885131836, 4.395035982131958, 4.38733696937561]
