date 2025-01-26T23:42:30.059438
sample_ratio 0.04
rank 8
seed 0
l2_regularization_strength 0
input_shape (256, 256, 14, 20)
input_size 18350080
num_train_samples 734003
num_test_samples 18350080
num_iterations 10
max_num_richardson_iterations None
num_richardson_iterations None
train_mses [22660.89077757669, 22599.13420992394, 22406.814367225972, 22370.934523684806, 22313.17759705328, 21912.600451690647, 19633.151785785285, 17668.21443986832, 11025.23380352095, 9409.97080114594, 8951.324991389856, 8657.60150374686, 8114.033015374597, 7243.702954287355, 6534.042025248058, 6300.271786711125, 6283.598761065065, 6065.617115173928, 5870.776650290839, 5767.710313034627, 5738.655995421712, 5630.705534973182, 5508.289601404842, 5459.799527565538, 5373.806690159753, 5222.423716200896, 5067.3766840433345, 5023.434624541011, 5006.990618933179, 4933.481713445657, 4850.361534984432, 4789.067461417571, 4769.897145814226, 4690.911429715665, 4591.7085218040675, 4529.518912736554, 4527.9085938984, 4468.8873336831375, 4397.928103407302, 4377.65959661517, 4377.171740144675]
train_rres [0.9999999978003955, 0.9972747489069134, 0.9887878873725362, 0.9872045496381807, 0.9846558004706664, 0.966978774955063, 0.8663892313548165, 0.7796787237723335, 0.486531349869946, 0.41525158356789055, 0.39501205224279884, 0.38205036022989863, 0.35806328520659475, 0.3196565840881168, 0.28834003371753103, 0.2780240121490386, 0.27728825000389457, 0.2676689615323504, 0.2590708677342322, 0.25452266448656935, 0.25324052964755606, 0.2484767954558754, 0.24307471596568142, 0.24093490274260074, 0.2371401341229256, 0.23045977124082434, 0.22361771753082893, 0.22167860314044716, 0.22095294739579593, 0.2177090808573027, 0.21404107949344447, 0.21133623995144865, 0.21049027516792182, 0.20700472304642348, 0.20262700865438585, 0.19988265012315556, 0.19981158853734157, 0.1972070457298787, 0.19407569353299295, 0.19318126678929207, 0.19315973822387905]
test_mses [22614.47154046124, 22675.167538228896, 22856.78303454207, 22887.756014112067, 22892.30368188036, 22698.79797572022, 20385.267353098636, 18273.326698929803, 11244.062524293504, 9651.488679345232, 9263.215496318595, 8952.953858677094, 8367.911894969802, 7425.768482933306, 6747.2122126236145, 6509.604389132682, 6497.421102767731, 6285.351186164292, 6101.309207512544, 5989.634235782574, 5938.085238733208, 5802.44023902153, 5673.0754488451785, 5618.215520269384, 5510.083656692488, 5347.897801819006, 5195.161842940682, 5150.318458554304, 5128.5784201246925, 5052.26839420824, 4971.795299858256, 4906.042192611677, 4883.72492635983, 4802.803779058751, 4705.690054805857, 4639.742740717926, 4637.689387033888, 4578.025195669004, 4507.467425055956, 4486.436238977312, 4485.80380588425]
test_rres [0.9999999998799621, 1.0026839448773845, 1.0107148863020572, 1.012084495116964, 1.0122855905862795, 1.003728870355577, 0.901425766866974, 0.8080368654223088, 0.4972065123355281, 0.4267837371710627, 0.4096145018747463, 0.3958948959556275, 0.37002464899494464, 0.3283635643997223, 0.2983581641402388, 0.28785127154992163, 0.28731253305489685, 0.2779349132330694, 0.26979667403962315, 0.26485846571064414, 0.2625789962589283, 0.25658084593944364, 0.25086040317210473, 0.2484345260751734, 0.24365299211934124, 0.23648121918784318, 0.22972731567138385, 0.22774436487367178, 0.22678303184459325, 0.2234086427605609, 0.2198501649868776, 0.21694259727648288, 0.21595573953765668, 0.2123774490988736, 0.20808313145065951, 0.20516697601620584, 0.20507617779966925, 0.2024378587369853, 0.19931783134751754, 0.19838784339540066, 0.198359877537704]
step_times_seconds [3.195824146270752, 2.3365530967712402, 2.3244540691375732, 2.300002098083496, 2.293896198272705, 2.347388982772827, 2.314429998397827, 2.2851340770721436, 2.2853870391845703, 2.3422110080718994, 2.313265800476074, 2.2924771308898926, 2.302945852279663, 2.3264570236206055, 2.2940516471862793, 2.281407117843628, 2.289259672164917, 2.3135318756103516, 2.2958528995513916, 2.2888078689575195, 2.2744691371917725, 2.3251960277557373, 2.30027174949646, 2.2858641147613525, 2.271075963973999, 2.3223659992218018, 2.303804874420166, 2.2766120433807373, 2.2807140350341797, 2.31803297996521, 2.2979700565338135, 2.2758939266204834, 2.2861781120300293, 2.317279815673828, 2.309685230255127, 2.2949602603912354, 2.3015339374542236, 2.320195198059082, 2.310184955596924, 2.295945167541504, 2.2855727672576904]
