date 2025-01-26T23:42:30.059438
sample_ratio 0.3
rank 16
seed 0
l2_regularization_strength 0
input_shape (256, 256, 14, 20)
input_size 18350080
num_train_samples 5505024
num_test_samples 18350080
num_iterations 10
max_num_richardson_iterations None
num_richardson_iterations None
train_mses [22613.98400534867, 22599.375340141152, 22440.61447995765, 21862.44504423329, 17611.364540396047, 8821.606392065176, 5762.324562506101, 4963.809101624967, 4703.328756325796, 4031.9511737254757, 3559.260717360573, 3357.9971212106548, 3199.712528308979, 2913.0972375170472, 2738.549911020598, 2686.8631207536273, 2669.522233634953, 2562.881256682137, 2465.3943728120425, 2427.1282990266022, 2426.92172007387, 2377.020352987027, 2335.4274230782926, 2320.5846522472993, 2320.547329143723, 2296.257433929956, 2275.149604234947, 2266.5450747777663, 2266.5299640490116, 2252.85021841677, 2239.9126850543025, 2234.24540156715, 2234.236675574807, 2225.6952555092353, 2217.0060584623866, 2213.119244002072, 2213.1135721058054, 2206.914072751464, 2200.4832271440578, 2197.4585331901553, 2197.454431201214]
train_rres [0.9999999976629591, 0.999353996269754, 0.9923335234607645, 0.9667666249330037, 0.7787820357117137, 0.39009518930243475, 0.25481244471015835, 0.21950175116645967, 0.20798319943188653, 0.17829459697809116, 0.1573920238114875, 0.14849206192808145, 0.14149264986100293, 0.12881839971320458, 0.12109984264483302, 0.11881423078033575, 0.11804740937133297, 0.11333169998202905, 0.1090207884850011, 0.10732864641543209, 0.10731951140621829, 0.1051128517146567, 0.1032735946513417, 0.1026172410078265, 0.10261559056430092, 0.10154148105970168, 0.10060808384669019, 0.10022758789184044, 0.1002269196889835, 0.09962199551476299, 0.0990498922830117, 0.098799282595105, 0.09879889672800962, 0.09842119149731741, 0.09803695150561641, 0.09786507491587833, 0.09786482410221135, 0.09759067960213624, 0.09730630487228518, 0.0971725516182757, 0.09717237022657885]
test_mses [22614.471529869315, 22623.639925223855, 22530.282335676566, 21958.184949462444, 17681.20452583226, 8854.598677050444, 5791.022353836743, 4986.49462484689, 4724.544421435169, 4049.0366751651536, 3576.092389068732, 3374.148667951568, 3214.6996480544944, 2927.2136536111234, 2753.381925471081, 2701.2156227399173, 2683.1213065918064, 2576.008745983992, 2478.511613394618, 2439.4156301865514, 2439.1739145334614, 2388.851532906368, 2347.3326614735174, 2332.0335477231147, 2331.9716873809275, 2307.5391498792646, 2286.5022054637166, 2277.571526811304, 2277.5329054410086, 2263.7914166941227, 2250.893641624472, 2245.0121988951423, 2244.9856150522487, 2236.3918134658065, 2227.734799809737, 2223.7171930926347, 2223.697483415383, 2217.443442910287, 2211.037599190162, 2207.9306511931773, 2207.914972301374]
test_rres [0.9999999994115928, 1.0004054210168263, 0.9962771976635167, 0.9709793530898833, 0.781853535337984, 0.3915456817173522, 0.25607595308077175, 0.22050016138235248, 0.20891686159524045, 0.17904626546035718, 0.15813291865968263, 0.14920307385956824, 0.14215232232674327, 0.12943984333317055, 0.12175309603031359, 0.1194463296470458, 0.11864620853373281, 0.11390974761739815, 0.10959847585483537, 0.1078696721048373, 0.10785898356618946, 0.105633754401271, 0.10379781181231497, 0.10312129307424968, 0.10311855764255635, 0.10203816372510327, 0.10110792114236665, 0.10071301124427938, 0.10071130342766198, 0.10010366204543245, 0.0995333292368578, 0.0992732549424795, 0.09927207941897266, 0.09889206604700265, 0.0985092574706651, 0.0983316010213675, 0.09833072946983847, 0.09805417909840237, 0.09777091606889071, 0.09763352846772336, 0.09763283515540015]
step_times_seconds [21.009124755859375, 18.318023920059204, 18.350417852401733, 16.720198154449463, 16.813743114471436, 18.33396005630493, 18.285435914993286, 16.742629051208496, 16.807875156402588, 18.39836072921753, 18.307446002960205, 16.667624950408936, 16.806583166122437, 18.39692997932434, 18.35450792312622, 16.679221153259277, 16.80496311187744, 18.392983198165894, 18.3579740524292, 16.76274800300598, 16.77244782447815, 18.309128999710083, 18.499151945114136, 17.18338680267334, 16.80647301673889, 18.51672887802124, 19.299911737442017, 17.874258995056152, 17.36051917076111, 19.924373865127563, 19.00286102294922, 17.8364200592041, 17.34606409072876, 19.755803108215332, 19.06153130531311, 17.737740993499756, 17.127766132354736, 20.142921209335327, 19.031041145324707, 17.57981276512146, 17.84039878845215]
