date 2025-01-26T23:42:30.059438
sample_ratio 0.08
rank 8
seed 0
l2_regularization_strength 0
input_shape (256, 256, 14, 20)
input_size 18350080
num_train_samples 1468006
num_test_samples 18350080
num_iterations 10
max_num_richardson_iterations None
num_richardson_iterations None
train_mses [22719.175659710356, 22687.373666180843, 22582.511739052745, 22561.41155109061, 22432.4068681717, 20471.30504667231, 14473.43147843031, 10606.509219146734, 9413.533357766179, 8860.454758868396, 7298.3552864646035, 6810.547485169503, 6690.400600777851, 6352.161926109355, 6006.048450599207, 5829.290734497524, 5780.550522032642, 5649.105635485102, 5454.758753889753, 5346.200670223242, 5343.484979906953, 5265.061185065866, 5128.707932202881, 5007.880199752107, 5006.633201628933, 4921.863425549864, 4784.085361189274, 4664.42080480544, 4660.377057776378, 4589.338362980301, 4489.637523208602, 4413.227604100765, 4356.809125673669, 4230.75820992175, 4103.247764786652, 4043.0808092060274, 4036.8629815911377, 4005.1370156820794, 3970.262119455336, 3952.473766579804, 3951.289892026299]
train_rres [0.9999999998953212, 0.9986002134769001, 0.9939846442904229, 0.9930559051373846, 0.9873776761013646, 0.9010584429272546, 0.6370579502398973, 0.46685273167044467, 0.4143430861126936, 0.389998954656344, 0.32124208179979646, 0.29977088898230775, 0.29448254198509954, 0.27959473620819747, 0.2643603157055334, 0.2565802043700399, 0.25443487070169674, 0.24864923443995146, 0.24009492399814902, 0.23531666596268422, 0.23519713300265607, 0.2317452562265126, 0.22574357487631658, 0.2204252598877847, 0.22037037241555768, 0.2166391729504061, 0.21057477755112675, 0.2053076605498916, 0.2051296722685734, 0.2020028557038941, 0.197614455294716, 0.19425122063143807, 0.19176792285399086, 0.18621970589283326, 0.18060724675119838, 0.1779589571972325, 0.17768527527728217, 0.17628883526638867, 0.1747537929415503, 0.17397082646688125, 0.17391871742159226]
test_mses [22614.47154046124, 22644.738627001567, 22736.376841876696, 22750.95443276254, 22646.851124500787, 20714.56117688552, 14627.385463431623, 10655.041980485912, 9457.687785877974, 8914.305448540577, 7342.338176459593, 6845.313228030319, 6716.650845035698, 6384.91728063251, 6051.538007341248, 5873.076262582535, 5823.95419791542, 5694.499412323276, 5508.701366099018, 5400.139143338254, 5399.6854539454525, 5323.754588766154, 5196.1835249600435, 5075.796889608143, 5076.0919432213805, 4992.910864666279, 4860.569458340457, 4743.702933083463, 4742.382431034654, 4674.200496973305, 4575.769437679138, 4499.654518180474, 4439.5841086850705, 4305.03298196897, 4178.719151477957, 4118.091345479229, 4116.830584728342, 4089.6801411688684, 4058.7519004595183, 4040.81598249258, 4043.630456869004]
test_rres [0.9999999998799621, 1.0013383944775338, 1.005390587990001, 1.0060352013676788, 1.0014318080023727, 0.9159869660158549, 0.6468152676265211, 0.47116033466195184, 0.4182139639133834, 0.39418588365070895, 0.3246743202661848, 0.3026961392823689, 0.29700675659000847, 0.282337673398308, 0.2675958178278708, 0.2597043336329829, 0.2575321818507345, 0.25180775953359186, 0.2435918679586094, 0.23879130374672874, 0.23877124184115048, 0.23541361904486577, 0.22977249391122956, 0.22444906041325652, 0.2244621075283604, 0.22078388412188854, 0.21493181695891483, 0.2097640408720905, 0.20970564896820326, 0.20669067981753467, 0.2023381103088357, 0.19897234872765776, 0.1963160669135673, 0.1903662870808078, 0.18478075614103537, 0.1820998265476563, 0.18204407637244308, 0.18084349808311018, 0.17947586759701628, 0.17868275076770215, 0.17880720533968056]
step_times_seconds [5.927628040313721, 4.656051158905029, 4.561747789382935, 4.511574029922485, 4.501644849777222, 4.6782848834991455, 4.6075499057769775, 4.517308950424194, 4.500929832458496, 4.654942274093628, 4.624136924743652, 4.5369648933410645, 4.551193952560425, 4.69407320022583, 4.641755819320679, 4.539897680282593, 4.567705869674683, 4.647864818572998, 4.595874071121216, 4.515342950820923, 4.524176120758057, 4.672476053237915, 4.593743085861206, 4.506898880004883, 4.511873960494995, 4.63571834564209, 4.616647958755493, 4.522228002548218, 4.5244927406311035, 4.651559114456177, 4.6086342334747314, 4.536386966705322, 4.558533191680908, 4.654186964035034, 4.557659864425659, 4.516309976577759, 4.5210278034210205, 4.654685020446777, 4.612154722213745, 4.516013860702515, 4.51993989944458]
