date 2025-01-26T23:42:30.059438
sample_ratio 0.08
rank 2
seed 0
l2_regularization_strength 0
input_shape (256, 256, 14, 20)
input_size 18350080
num_train_samples 1468006
num_test_samples 18350080
num_iterations 10
max_num_richardson_iterations None
num_richardson_iterations None
train_mses [22719.175656693387, 22710.32420790494, 22681.063176062402, 22665.485301810233, 22500.03086494112, 20353.40653736135, 14741.640989885651, 10207.235473158862, 9791.489618918693, 9703.344984233228, 9536.480188996875, 9520.545045305766, 9512.592415676088, 9463.424872058295, 9294.930067938601, 9148.917651217167, 8928.076535125563, 8807.69819041663, 8730.327815689296, 8716.878075224517, 8716.605859662945, 8680.77790184499, 8640.152877179486, 8623.510375843567, 8623.48423009034, 8575.78116854744, 8519.100229291786, 8503.295624768176, 8503.226873994552, 8454.484361199082, 8403.554521821667, 8388.131682820525, 8388.019230731144, 8356.682421413192, 8314.373277632918, 8290.373101074782, 8290.288297749446, 8268.900774174837, 8217.833000909573, 8181.34547557801, 8181.279620516873]
train_rres [0.9999999997625271, 0.9996103972117966, 0.9983224529537059, 0.9976367822020966, 0.9903541924052667, 0.895869059691502, 0.6488633746727434, 0.44927842563371023, 0.4309790885264259, 0.4270993423597307, 0.41975467467820027, 0.41905327846875506, 0.41870323805584747, 0.4165390951155805, 0.4091226814821906, 0.4026958454519959, 0.3929753732228859, 0.3876768383420712, 0.3842713285701456, 0.3836793290775223, 0.3836673473240634, 0.3820903553437715, 0.38030221719695956, 0.3795696861587102, 0.37956853533556345, 0.3774688525718749, 0.37497400240219037, 0.3742783519631657, 0.37427532585101064, 0.37212989093204896, 0.36988817934290874, 0.3692093325735307, 0.36920438291818, 0.3678250718998562, 0.3659628061024718, 0.36490642197502365, 0.36490268929886516, 0.36396130287302325, 0.3617135200298067, 0.36010749673590486, 0.3601045980805083]
test_mses [22614.471543462947, 22622.196786760127, 22639.878210754312, 22625.63698613426, 22467.305048801376, 20290.74583447525, 14696.086336106726, 10175.507983805726, 9764.383781499413, 9680.26045386243, 9520.386276211231, 9506.90114246541, 9495.323941160974, 9445.565445787532, 9271.790804761718, 9127.20127165753, 8900.55658257372, 8780.882048880218, 8704.125492192872, 8691.146758331168, 8690.950438083355, 8654.138390429509, 8613.28700202498, 8597.040125054005, 8596.948724369568, 8548.928850129907, 8491.677579347377, 8476.765442638725, 8476.67148986875, 8428.298806364788, 8376.910644467202, 8362.351952713936, 8362.319829767108, 8331.220459009757, 8287.985341742027, 8264.268994865315, 8264.267956531812, 8242.788664285737, 8190.05284521347, 8153.1216138081845, 8153.086911137645]
test_rres [1.000000000012696, 1.0003416061953756, 1.0011234694354885, 1.0004937299966135, 0.9934923752653921, 0.897246075184021, 0.6498531839688924, 0.4499555943360657, 0.4317758990236463, 0.42805600985991443, 0.42098645807551993, 0.42039015257618184, 0.41987821484275595, 0.4176779204304615, 0.40999369748967596, 0.40360002462280675, 0.39357791605170456, 0.38828597131335335, 0.38489183687422657, 0.384317924110582, 0.3843092429328045, 0.382681433607985, 0.3808750067663701, 0.3801565784387412, 0.3801525367486994, 0.3780291232456255, 0.37549750225801026, 0.3748380954405579, 0.3748339408986402, 0.3726949263560448, 0.3704225689498823, 0.3697787912818758, 0.3697773708221154, 0.36840217305558903, 0.3664903389813245, 0.36544161463543684, 0.3654415687208772, 0.3644917657504621, 0.3621598156550737, 0.3605267360876482, 0.36052520155386647]
step_times_seconds [5.9311370849609375, 4.507038116455078, 4.490592956542969, 4.415520906448364, 4.417212247848511, 4.538230657577515, 4.488919019699097, 4.4094579219818115, 4.424720048904419, 4.518909931182861, 4.465032339096069, 4.397366046905518, 4.380807876586914, 4.554918050765991, 4.532535076141357, 4.403781175613403, 4.421419143676758, 4.552667140960693, 4.500556230545044, 4.4149110317230225, 4.445122003555298, 4.520001173019409, 4.443042039871216, 4.409713983535767, 4.400699853897095, 4.521451950073242, 4.477137088775635, 4.402775049209595, 4.402935028076172, 4.51986026763916, 4.476818323135376, 4.409556865692139, 4.417988061904907, 4.512567043304443, 4.467572927474976, 4.397632837295532, 4.377996921539307, 4.52482795715332, 4.4848597049713135, 4.394482851028442, 4.394113063812256]
