date 2025-01-26T23:42:30.059438
sample_ratio 0.4
rank 16
seed 0
l2_regularization_strength 0
input_shape (256, 256, 14, 20)
input_size 18350080
num_train_samples 7340032
num_test_samples 18350080
num_iterations 10
max_num_richardson_iterations None
num_richardson_iterations None
train_mses [22604.506769680684, 22594.208192178612, 22409.886405650792, 21551.020818897454, 16070.446935823438, 7586.470812488704, 5066.054393276014, 4238.040086122239, 3891.406623793152, 3388.9502150969574, 3011.8760862403715, 2900.8846149050546, 2853.660062516556, 2698.295464341491, 2594.809272081489, 2556.6385366857335, 2556.4977930318532, 2502.5284977403694, 2457.291591936921, 2438.978679201798, 2438.946661486911, 2411.142311436456, 2386.001722537127, 2376.812775801368, 2376.795381913292, 2360.094425595711, 2344.3085962900554, 2338.6566714473033, 2338.6465441242603, 2326.133337100132, 2313.9378904823093, 2309.5611046297713, 2309.5526632319866, 2298.5352281474566, 2287.672721995795, 2283.7835025841046, 2283.7751153138247, 2273.516874849662, 2263.3901838332326, 2259.674622013391, 2259.666239091052]
train_rres [0.9999999985876914, 0.9995444001713022, 0.9913901949879919, 0.9533948697950375, 0.7109399500228079, 0.3356176217014371, 0.22411700630054252, 0.18748650980614542, 0.1721518039719765, 0.14992365216551845, 0.133242282730384, 0.12833213484220113, 0.12624296949110642, 0.11936980036874219, 0.11479167826378864, 0.11310304441166476, 0.11309681805799486, 0.11070927225727643, 0.1087080383351881, 0.10789789401769198, 0.1078964775871028, 0.10666644190021579, 0.1055542482514013, 0.10514773875237048, 0.10514696926475332, 0.10440813623184703, 0.10370978747138947, 0.10345975216239742, 0.10345930414010117, 0.10290573280435143, 0.10236621886030216, 0.10217259438130104, 0.10217222094259439, 0.10168482101030533, 0.10120427497375611, 0.10103221992978521, 0.10103184888562337, 0.1005780349380687, 0.100130040602014, 0.09996566799028428, 0.09996529713847087]
test_mses [22614.471529869315, 22619.28091063557, 22473.64307363215, 21615.801319391103, 16111.849380528362, 7612.083883665005, 5086.104376762271, 4252.969951871254, 3904.343530789046, 3399.888874022642, 3022.979422503425, 2911.3229307445636, 2863.7077846813186, 2706.6821655519225, 2603.580438614924, 2565.325537939715, 2565.144767321881, 2510.810035567843, 2466.2302635560036, 2448.1347333857607, 2448.08055528337, 2420.210458316346, 2395.425931248918, 2386.3659763025244, 2386.335615442206, 2369.6171569051107, 2354.0213727073956, 2348.419023442575, 2348.39688953388, 2335.830000180548, 2323.750329072421, 2319.3932853765173, 2319.372240729937, 2308.278900209403, 2297.4776942044095, 2293.599853688635, 2293.578330775311, 2283.240663363736, 2273.1256115073625, 2269.4206072667366, 2269.398798193343]
test_rres [0.9999999994115928, 1.0002126676915954, 0.9937726393793986, 0.9558393296134267, 0.7124574788213563, 0.336602333118062, 0.2249048520568706, 0.18806408735890337, 0.17264801095771015, 0.15034129219122064, 0.13367455510653498, 0.12873716395212814, 0.12663164731547635, 0.1196880572859857, 0.1151289533184154, 0.1134373417942561, 0.11342934821291199, 0.11102669504233928, 0.10905540104474455, 0.1082552262480134, 0.10825283052091064, 0.10702042953759276, 0.10592447082725504, 0.10552384439965552, 0.10552250185843096, 0.10478322044275976, 0.10409358309404083, 0.10384585016541041, 0.103844871415646, 0.10328917019886809, 0.10275501351583158, 0.10256234734242198, 0.10256141675925357, 0.10207087509440174, 0.10159325146369379, 0.10142177540207674, 0.10142082367020526, 0.1009636974715303, 0.100516415215252, 0.10035258188253174, 0.10035161749681296]
step_times_seconds [28.482120990753174, 26.047486066818237, 25.5921950340271, 22.750797033309937, 23.560193061828613, 25.732415914535522, 25.46062207221985, 23.593425989151, 23.55556297302246, 25.842573881149292, 25.685209035873413, 23.441389083862305, 23.758704900741577, 25.307756900787354, 26.02086305618286, 23.36132001876831, 23.138700246810913, 26.06828498840332, 26.465271949768066, 22.994120121002197, 23.556828260421753, 26.28902506828308, 25.85590100288391, 23.09188199043274, 23.71036696434021, 25.494242906570435, 25.803686141967773, 23.63448405265808, 22.796746969223022, 26.32314705848694, 25.953814029693604, 22.995741844177246, 23.491164207458496, 26.39808201789856, 25.301382064819336, 23.48288893699646, 23.543859004974365, 25.818971157073975, 25.541466236114502, 23.380558252334595, 22.937952995300293]
