date 2025-01-26T23:42:30.059438
sample_ratio 0.05
rank 8
seed 0
l2_regularization_strength 0
input_shape (256, 256, 14, 20)
input_size 18350080
num_train_samples 917504
num_test_samples 18350080
num_iterations 10
max_num_richardson_iterations None
num_richardson_iterations None
train_mses [22654.834189499372, 22603.55869127554, 22439.897760619606, 22408.44799450171, 22353.846264328196, 21814.186462041773, 18805.073545889736, 16191.688098602941, 10361.514589451583, 9341.39186162982, 8916.104000307309, 8721.785155925007, 8581.259004748888, 8198.56211740274, 7453.745247714985, 7148.89414781346, 6944.705922041282, 6406.925279567621, 6096.629453114617, 6005.302717244965, 5995.803674709939, 5869.019039686826, 5720.8348989244605, 5663.441305205685, 5621.203361257979, 5487.183002750277, 5379.778449423114, 5333.014704989043, 5328.828094558487, 5227.4456096186195, 5155.013305047296, 5127.421417442062, 5124.4698376727365, 5091.682036387383, 5067.184548748263, 5056.870196185737, 5054.497991098332, 5044.710223933476, 5033.796948232078, 5029.239044027891, 5027.546775649578]
train_rres [1.0000000008757104, 0.9977366650313677, 0.9905125587134715, 0.9891243443534646, 0.9867141863375373, 0.9628932305872125, 0.8300689117854494, 0.7147122763002653, 0.4573643978964932, 0.4123354773499051, 0.39356297792935924, 0.384985610161974, 0.37878268896097433, 0.36189018449679855, 0.32901345434243595, 0.31555711660813524, 0.3065441075415921, 0.2828060992010206, 0.26910942748278055, 0.26507820239476126, 0.26465890810799275, 0.2590625469043029, 0.25252159676303837, 0.24998820396532645, 0.24812379199782367, 0.2422080409707345, 0.2374671299350227, 0.23540294601366354, 0.2352181461427308, 0.2307430533576492, 0.22754584149421714, 0.22632791655163753, 0.22619763178560387, 0.22475035563077492, 0.223669019636185, 0.2232137370026736, 0.22310902623455942, 0.22267698744356426, 0.22219526792976557, 0.22199407889567013, 0.2219193810026889]
test_mses [22614.47154046124, 22664.607532729566, 22819.938311449867, 22846.70517418963, 22839.211814498023, 22444.66131154943, 19384.198333558492, 16619.872003471213, 10545.929119536686, 9549.610456734286, 9193.288065070836, 8987.802589406083, 8829.414324510479, 8409.017367813982, 7645.695386407215, 7319.5281806684825, 7095.39375165339, 6551.181614768085, 6259.273993218999, 6167.584577783003, 6167.376748110913, 6048.530362097687, 5913.685473945964, 5857.786808648556, 5826.118416640774, 5706.490166542532, 5617.286291661747, 5572.378401815664, 5579.908228828488, 5498.960857428101, 5437.648241923567, 5411.924725077202, 5426.450212793919, 5415.057875161919, 5406.923598319481, 5399.276361417779, 5423.539487842078, 5432.45196368768, 5442.757734050047, 5441.552617190087, 5466.9811205576]
test_rres [0.9999999998799621, 1.0022169870057769, 1.0090856320865935, 1.0102692486344602, 1.0099378962224748, 0.9924910811511912, 0.8571590229977268, 0.7349219711696708, 0.46633542151990004, 0.4222787359192564, 0.40652234775943774, 0.3974358884418969, 0.3904320429355711, 0.3718423113164232, 0.3380886160355309, 0.3236656742871018, 0.31375456809179797, 0.2896897945309262, 0.27678179351963694, 0.27272733594538223, 0.2727181458269356, 0.2674628213420666, 0.2615000515336156, 0.2590282420469033, 0.2576278824609045, 0.252337984358716, 0.24839343607641476, 0.2464076328813083, 0.24674059785899735, 0.24316114780437897, 0.2404499362959661, 0.23931245595302492, 0.23995476535605406, 0.2394510021966873, 0.23909130876644696, 0.2387531519854184, 0.2398260546344136, 0.24022015961398765, 0.24067587534197582, 0.24062258571026107, 0.2417470207128197]
step_times_seconds [3.8808000087738037, 2.893563985824585, 2.891449213027954, 2.8402278423309326, 2.8499081134796143, 2.910742998123169, 2.874289035797119, 2.8415322303771973, 2.8373830318450928, 2.8999857902526855, 2.8816990852355957, 2.8368279933929443, 2.811924934387207, 2.910985231399536, 2.8917789459228516, 2.8446969985961914, 2.8343451023101807, 2.9020779132843018, 2.889832019805908, 2.841783046722412, 2.8402202129364014, 2.9252982139587402, 2.889392852783203, 2.856792688369751, 2.8651037216186523, 2.9264211654663086, 2.893521308898926, 2.8503081798553467, 2.820852041244507, 2.908668041229248, 2.8899660110473633, 2.8379452228546143, 2.8399391174316406, 2.895301103591919, 2.883869171142578, 2.8449039459228516, 2.849208116531372, 2.909165143966675, 2.874779224395752, 2.84335994720459, 2.8395819664001465]
