date 2025-01-26T23:42:30.059438
sample_ratio 0.03
rank 2
seed 0
l2_regularization_strength 0
input_shape (256, 256, 14, 20)
input_size 18350080
num_train_samples 550502
num_test_samples 18350080
num_iterations 10
max_num_richardson_iterations None
num_richardson_iterations None
train_mses [22613.264196246775, 22593.206401583913, 22529.6090309645, 22520.307392215247, 22507.91826996258, 22461.98780729856, 22356.629123202267, 22023.788803458676, 20906.60558772568, 15501.096965672958, 10313.89151913834, 9582.013315848473, 9558.572728282477, 9461.843392693649, 9405.408855739612, 9398.20127066132, 9390.95714669739, 9379.011197702624, 9368.870202785767, 9366.945187797362, 9361.589061311392, 9352.93551363388, 9342.562175743136, 9338.763810574765, 9327.627861337252, 9291.854303736349, 9176.462464734483, 9024.376896460279, 8797.519353780463, 8309.220908827812, 7899.443791035858, 7802.401105922214, 7789.483998652835, 7752.87898600146, 7684.826700805715, 7661.097294684469, 7660.873364580848, 7650.746063909679, 7622.765117824998, 7609.324264154606, 7609.275173209587]
train_rres [0.9999999982779046, 0.9991130058271795, 0.9963006135092033, 0.9958892779915837, 0.9953414082933476, 0.9933102790328249, 0.9886511248744287, 0.9739323157594822, 0.9245284258958277, 0.6854869250389501, 0.4560991908053981, 0.423734194948189, 0.4226976091938192, 0.4184200606460821, 0.4159244219639754, 0.4156056893385866, 0.4152853408966904, 0.4147570691323612, 0.4143086157462695, 0.4142234880544695, 0.4139866303221994, 0.41360395457987803, 0.4131452265615408, 0.41297725589048395, 0.41248480380034364, 0.41090283150174756, 0.4057999928402551, 0.3990744902019611, 0.38904243378054454, 0.36744898137694165, 0.349327886008751, 0.34503648057058184, 0.344465262406984, 0.3428465216418001, 0.33983712483433487, 0.33878776699397845, 0.3387778643942789, 0.3383300165928364, 0.3370926478612077, 0.33649826867160454, 0.33649609778002043]
test_mses [22614.471543462947, 22633.06351652636, 22692.72602170087, 22699.936175271152, 22705.566266430025, 22730.812044174425, 22651.81430422069, 22299.48866637844, 21178.84583240201, 15620.477348294233, 10391.706622801154, 9691.303329846158, 9673.905137441023, 9603.64204635246, 9574.072970176976, 9574.528801872922, 9576.157969254427, 9578.746095724739, 9580.535280796865, 9579.09309782994, 9574.894050408984, 9569.309598155445, 9562.799738060037, 9555.596651107471, 9537.78602179885, 9462.071068823754, 9322.355745936842, 9148.661887657196, 8892.844864182382, 8361.834952816576, 7953.643227514265, 7853.343360903008, 7837.593561127439, 7797.384980151648, 7724.733394121659, 7702.236130186385, 7701.461921163206, 7689.981393079012, 7659.328572071075, 7647.713911322321, 7647.481169159922]
test_rres [1.000000000012696, 1.0008221272522344, 1.0034603717524697, 1.0037792009391928, 1.0040281605997414, 1.0051445155716539, 1.0016512771909598, 0.9860716233763841, 0.9365173885211994, 0.69072926680915, 0.4595157840837084, 0.4285443200095744, 0.4277749811208934, 0.42466798430452224, 0.423360455357006, 0.42338061199409904, 0.423452652916143, 0.4235670985031366, 0.42364621532303265, 0.4235824427531466, 0.4233967630916547, 0.4231498215594205, 0.42286195898067397, 0.42254344227605783, 0.4217558656451108, 0.41840779037257847, 0.4122296525098313, 0.4045490017394594, 0.39323690793322547, 0.3697559298191893, 0.35170590709268046, 0.34727069991042264, 0.34657425207411136, 0.34479624983784307, 0.3415836350353578, 0.34058881789393924, 0.3405545827794153, 0.34004691988478275, 0.3386914683125709, 0.3381778741422814, 0.33816758240665734]
step_times_seconds [2.5135366916656494, 1.6924898624420166, 1.6746282577514648, 1.6725409030914307, 1.668700933456421, 1.6889410018920898, 1.6764919757843018, 1.6721110343933105, 1.6533889770507812, 1.6870431900024414, 1.678983211517334, 1.6677889823913574, 1.6684768199920654, 1.6943249702453613, 1.6767218112945557, 1.673612117767334, 1.6752629280090332, 1.6940507888793945, 1.6866321563720703, 1.6786539554595947, 1.6656522750854492, 1.6929666996002197, 1.6822738647460938, 1.6645128726959229, 1.6701769828796387, 1.6863040924072266, 1.6709070205688477, 1.6720161437988281, 1.6717119216918945, 1.6886842250823975, 1.672532320022583, 1.6708691120147705, 1.6608679294586182, 1.6915829181671143, 1.6794848442077637, 1.666705846786499, 1.6677680015563965, 1.6855289936065674, 1.6718389987945557, 1.6683361530303955, 1.6693549156188965]
