date 2025-01-26T23:42:30.059438
sample_ratio 0.02
rank 2
seed 0
l2_regularization_strength 0
input_shape (256, 256, 14, 20)
input_size 18350080
num_train_samples 367001
num_test_samples 18350080
num_iterations 10
max_num_richardson_iterations None
num_richardson_iterations None
train_mses [22684.164266690892, 22647.212909842445, 22545.04699471483, 22527.82109172707, 22509.59984390868, 22458.08253127132, 22418.549238622647, 22409.745773428767, 22402.21737716152, 22373.639102996378, 22335.605396824103, 22283.369791203124, 22137.963523779574, 21263.240269039452, 17698.760969209852, 12743.138811025732, 10531.067518285854, 9824.31520926091, 9459.789293033968, 9420.401501399887, 9416.569144455734, 9396.413158079704, 9380.47844001385, 9377.646533389716, 9373.137383230747, 9364.703753773572, 9356.976875223605, 9356.025402000418, 9351.151559001368, 9343.09704626997, 9334.321484740574, 9333.393678480184, 9329.000441102076, 9322.265903965217, 9316.049624193403, 9314.909136079474, 9311.23429313811, 9307.066138671744, 9301.836385048671, 9299.458219882492, 9294.73767416473]
train_rres [0.99999999868348, 0.9983710492381587, 0.993867206213925, 0.9931078261123455, 0.9923045676109443, 0.99003349815633, 0.9882907276433041, 0.9879026390596212, 0.9875707601255406, 0.9863109264463478, 0.9846342631284908, 0.9823315287214353, 0.9759214945882566, 0.9373605300623137, 0.7802253915035208, 0.5617636446479529, 0.4642475420566921, 0.43309134428870666, 0.4170217235849674, 0.41528536728287246, 0.4151164231289662, 0.41422787435491715, 0.41352541435429585, 0.4134005736686478, 0.41320179402219404, 0.4128300091353046, 0.41248938038438604, 0.4124474360036829, 0.4122325793779182, 0.4118775073273855, 0.41149064883814734, 0.41144974778275645, 0.4112560779908843, 0.41095919523828134, 0.4106851591446194, 0.41063488230395556, 0.41047288193694526, 0.41028913461384026, 0.4100585881606095, 0.4099537500393947, 0.40974565131219237]
test_mses [22614.471543462947, 22650.935227117367, 22749.39586761767, 22764.82861962833, 22780.358489337603, 22834.790914718127, 22870.581914672057, 22876.59095879396, 22880.70404281769, 22903.72466743536, 22897.12369034064, 22842.642942756345, 22677.182645701887, 21718.22022154953, 17842.385139886104, 12874.504220934215, 10637.672703680399, 9940.814553671353, 9638.267437242943, 9621.902773988055, 9620.34810885757, 9624.755477115308, 9635.291883301326, 9638.07264114967, 9642.071886641294, 9651.238139859192, 9659.215620305347, 9659.709731182927, 9663.904786912195, 9672.909526507729, 9685.096747150057, 9684.850689616876, 9688.088942476781, 9695.869857367992, 9705.775719719793, 9704.101220969907, 9706.130672953077, 9707.802918645088, 9702.224019668418, 9695.581476329718, 9692.781132715201]
test_rres [1.000000000012696, 1.0016124048652615, 1.0059662824392883, 1.0066487105907131, 1.0073354332355304, 1.0097424063667222, 1.0113250655009671, 1.0115907822616013, 1.011772660667023, 1.0127906205416863, 1.0124987288173044, 1.0100896189037574, 1.0027730518666476, 0.9603682394295543, 0.7889808570508136, 0.5693037839223459, 0.47039227440582987, 0.4395775746823102, 0.4261991008209695, 0.42547546404601133, 0.4254067175741993, 0.4256016090731815, 0.42606752339560555, 0.4261904870405015, 0.426367331566096, 0.4267726584471773, 0.4271254184235016, 0.42714726774580997, 0.4273327708968015, 0.4277309557307181, 0.42826986819741286, 0.42825898766311815, 0.42840218149604603, 0.4287462494472407, 0.4291842814539975, 0.4291102360027611, 0.4291999772986961, 0.42927392312090196, 0.4290272271516409, 0.42873349738988115, 0.4286096676727388]
step_times_seconds [1.8255000114440918, 1.1301159858703613, 1.1264312267303467, 1.1081998348236084, 1.1097111701965332, 1.1286609172821045, 1.1212091445922852, 1.1122989654541016, 1.1141250133514404, 1.1193299293518066, 1.1167051792144775, 1.110548973083496, 1.1079950332641602, 1.130323886871338, 1.1293842792510986, 1.1061267852783203, 1.11515212059021, 1.1287918090820312, 1.1202797889709473, 1.1064467430114746, 1.1166269779205322, 1.130350112915039, 1.115238904953003, 1.1124589443206787, 1.1033120155334473, 1.1219937801361084, 1.1172730922698975, 1.1085853576660156, 1.1090648174285889, 1.1279690265655518, 1.1295249462127686, 1.123265027999878, 1.1234281063079834, 1.127932071685791, 1.1268479824066162, 1.1156938076019287, 1.1108899116516113, 1.1293432712554932, 1.1252989768981934, 1.1075630187988281, 1.111098051071167]
