date 2025-01-26T23:42:30.059438
sample_ratio 0.07
rank 2
seed 0
l2_regularization_strength 0
input_shape (256, 256, 14, 20)
input_size 18350080
num_train_samples 1284505
num_test_samples 18350080
num_iterations 10
max_num_richardson_iterations None
num_richardson_iterations None
train_mses [22716.06003605677, 22706.213807738968, 22675.50918826995, 22660.087330719303, 22514.146931444215, 20619.106649118457, 14951.799944231749, 10331.769214248348, 9812.29128509869, 9690.30751689168, 9524.966400532894, 9510.960954181108, 9510.246644963103, 9503.64456570339, 9498.813848621316, 9497.758862287415, 9496.185458299658, 9493.648834739059, 9489.930070170572, 9488.723792281517, 9485.925688867113, 9482.296072277748, 9475.73972040773, 9472.157619087577, 9455.775591721369, 9404.97689456186, 9274.003658258593, 9154.095785444882, 9001.870233934455, 8888.011122503793, 8828.300154300556, 8807.703469202545, 8807.117310565021, 8794.787637585152, 8773.176912006229, 8760.318456600911, 8760.284112570998, 8739.405184055066, 8708.650575242278, 8693.418407173805, 8693.381044797323]
train_rres [0.999999999986809, 0.9995665520956675, 0.9982148819812252, 0.997535985309621, 0.9911114381372014, 0.9076885083116595, 0.6582039279831895, 0.45482223579760933, 0.4319539246416145, 0.42658398953791343, 0.4193053894596357, 0.418688845643086, 0.41865740052378003, 0.41836676564919584, 0.41815410918173007, 0.41810766687033396, 0.4180384029229224, 0.4179267363946362, 0.4177630299876917, 0.4177099275620455, 0.4175867502412458, 0.41742696828154174, 0.41713834640523373, 0.4169806561493346, 0.41625949115241223, 0.41402324520667133, 0.4082575782691105, 0.40297902764801685, 0.39627779727326007, 0.3912655235229516, 0.38863694409026517, 0.3877302426171643, 0.387704438906636, 0.38716166551370884, 0.3862103242360253, 0.38564427293202547, 0.38564276104880907, 0.3847236347354204, 0.3833697640041595, 0.38269921778953886, 0.3826975730335195]
test_mses [22614.471543462947, 22623.09627891233, 22642.547320071008, 22629.315447453137, 22480.86704033978, 20545.840125448383, 14934.680943234682, 10321.302963103863, 9805.99116064644, 9687.097589400732, 9527.348094384302, 9515.937358644063, 9516.101598663681, 9513.000673857636, 9512.318105531265, 9513.183377380403, 9513.678032260428, 9515.613191008708, 9517.26832793281, 9518.754102121824, 9518.040661948544, 9517.46208811439, 9509.917915737717, 9505.054599505878, 9483.896266956073, 9422.494320226862, 9270.064846904253, 9146.7035505465, 8993.666983995063, 8878.60664781693, 8818.980010934696, 8797.609578663927, 8797.083969843581, 8784.630821460642, 8761.89269804839, 8748.551645072652, 8748.439030426889, 8726.948889756284, 8695.042668855149, 8679.491049135353, 8679.385314983272]
test_rres [1.000000000012696, 1.0003813812637643, 1.0012414960412217, 1.0006563896153382, 0.9940920793757673, 0.9085262101403523, 0.660403711611001, 0.4564025713976248, 0.43361575537702557, 0.4283583443860717, 0.42129430600200274, 0.4207897292879967, 0.42079699189500935, 0.42065987063616744, 0.4206296878249058, 0.42066794968954785, 0.4206898230673573, 0.4207753947661956, 0.4208485840477113, 0.420914284198439, 0.42088273625039524, 0.4208571520207108, 0.4205235526986011, 0.42030849942076726, 0.4193728891187795, 0.4166577274307436, 0.40991737654385285, 0.4044624051056642, 0.3976952088765037, 0.3926073015177818, 0.38997064309450646, 0.3890256538547638, 0.3890024117100449, 0.3884517400589668, 0.3874462722385563, 0.3868563379148527, 0.3868513581546338, 0.3859010754726098, 0.3844901992184281, 0.38380251479962113, 0.3837978392912026]
step_times_seconds [5.248845100402832, 3.952012062072754, 3.892138957977295, 3.858454942703247, 3.86061429977417, 3.9570868015289307, 3.9089317321777344, 3.862234115600586, 3.8892111778259277, 3.9740540981292725, 3.9063045978546143, 3.853929281234741, 3.8569159507751465, 3.961846113204956, 3.9252002239227295, 3.8532612323760986, 3.8721930980682373, 3.971395969390869, 3.9118149280548096, 3.8626561164855957, 3.8781518936157227, 3.9521679878234863, 3.9077467918395996, 3.8592021465301514, 3.861952066421509, 3.9934639930725098, 3.9265100955963135, 3.878512144088745, 3.8730719089508057, 3.989454984664917, 3.945219039916992, 3.864733934402466, 3.891462802886963, 3.9571359157562256, 3.901167869567871, 3.8556337356567383, 3.8458809852600098, 3.964750051498413, 3.8939061164855957, 3.8518810272216797, 3.8711841106414795]
