date 2025-01-26T23:42:30.059438
sample_ratio 0.01
rank 2
seed 0
l2_regularization_strength 0
input_shape (256, 256, 14, 20)
input_size 18350080
num_train_samples 183500
num_test_samples 18350080
num_iterations 10
max_num_richardson_iterations None
num_richardson_iterations None
train_mses [22726.036482365373, 22659.181461878747, 22466.38409502909, 22441.64325050786, 22426.21370240336, 22306.88873787296, 22243.218607794945, 22228.709796717525, 22209.29171256922, 22166.809344131954, 22129.19709505337, 22116.875778818867, 22103.369679798372, 22078.045963023196, 22049.72426929354, 22039.516381013313, 22030.6654381933, 22009.21943367324, 21986.400795403966, 21978.126944511623, 21969.837787254637, 21950.09195794893, 21932.39858416327, 21926.55568009342, 21917.267550852783, 21901.131979431346, 21887.106399137338, 21882.095581573427, 21873.63126295034, 21860.12949700956, 21847.174007182977, 21841.97605913009, 21835.76604304039, 21823.66260915085, 21812.55368712657, 21808.17461999299, 21803.90546363907, 21794.56292153088, 21786.27820073813, 21783.461834397633, 21780.17171961974]
train_rres [0.9999999994038805, 0.9970582184867086, 0.9885746728898189, 0.9874860165143141, 0.9868070794674922, 0.9815564954269422, 0.9787548573107019, 0.9781164348968319, 0.9772619927176249, 0.9753926668259365, 0.9737376378425346, 0.9731954704374652, 0.9726011697540651, 0.9714868656042971, 0.9702406432929518, 0.9697914717763054, 0.9694020091077225, 0.9684583335783834, 0.9674542588787156, 0.9670901896362046, 0.966725446877014, 0.9658565831264319, 0.9650780323312308, 0.9648209305673179, 0.964412230649833, 0.9637022268872173, 0.9630850677844178, 0.9628645798183436, 0.9624921295398005, 0.9618980195222788, 0.96132794696128, 0.9610992248057989, 0.9608259692343392, 0.960293389173944, 0.9598045700159584, 0.9596118805808972, 0.9594240274832093, 0.9590129332693165, 0.9586483857251707, 0.958524458865289, 0.9583796859402571]
test_mses [22614.471543462947, 22683.71031727299, 22873.831560865918, 22891.6364428004, 22900.86679505378, 23037.992221963777, 23122.926011331525, 23137.368825420526, 23154.950167386833, 23211.445476290242, 23280.14055104734, 23299.05013723969, 23313.0005903881, 23344.283331153787, 23404.362441441295, 23423.61951259768, 23440.367111320367, 23478.440883592946, 23536.799144138397, 23556.039921371143, 23580.820586085087, 23646.711455840716, 23707.72474950351, 23727.249483297506, 23759.662717100662, 23847.508906433846, 23915.437554668762, 23938.99337421097, 23970.070914729047, 24064.55236530112, 24139.294590313937, 24167.992003180443, 24193.352817063005, 24298.176301635882, 24372.22158295088, 24401.866544569857, 24425.530061553865, 24542.825919422703, 24609.25008039283, 24636.65835721791, 24662.25884443078]
test_rres [1.000000000012696, 1.0030617020594519, 1.0114687631411112, 1.0122560856262062, 1.012664246932817, 1.0187278609619224, 1.0224835883157801, 1.0231222419346113, 1.0238996796002555, 1.0263978723524296, 1.029435532313926, 1.0302717042384497, 1.0308885859162626, 1.0322718922078098, 1.0349285587663364, 1.0357800962926333, 1.0365206662719366, 1.038204268393697, 1.0407848398845687, 1.0416356569021592, 1.0427314448212635, 1.0456451043171235, 1.0483430799716202, 1.0492064533985304, 1.050639749495734, 1.05452426163945, 1.0575280306245098, 1.0585696565363618, 1.0599438889812254, 1.0641218088760895, 1.0674268706313519, 1.0686958550872439, 1.0698172968964919, 1.0744525360783026, 1.0777267793509624, 1.079037663912752, 1.0800840521486579, 1.0852708130970574, 1.0882080544490522, 1.0894200339893547, 1.0905520740268144]
step_times_seconds [1.1478142738342285, 0.563960075378418, 0.564831018447876, 0.5594031810760498, 0.5564889907836914, 0.5651237964630127, 0.564544677734375, 0.5594549179077148, 0.5590188503265381, 0.5644280910491943, 0.5636398792266846, 0.5581679344177246, 0.5647852420806885, 0.5701749324798584, 0.5650489330291748, 0.56473708152771, 0.5608289241790771, 0.5670740604400635, 0.5681898593902588, 0.5619509220123291, 0.5615401268005371, 0.5666389465332031, 0.5662670135498047, 0.5633680820465088, 0.5560710430145264, 0.5624339580535889, 0.5624470710754395, 0.5588512420654297, 0.5560741424560547, 0.5650250911712646, 0.5635790824890137, 0.558413028717041, 0.5586941242218018, 0.564021110534668, 0.5641140937805176, 0.5588390827178955, 0.5599081516265869, 0.5639948844909668, 0.5621910095214844, 0.558743953704834, 0.5576109886169434]
