date 2025-01-26T23:42:30.059438
sample_ratio 0.01
rank 8
seed 0
l2_regularization_strength 0
input_shape (256, 256, 14, 20)
input_size 18350080
num_train_samples 183500
num_test_samples 18350080
num_iterations 10
max_num_richardson_iterations None
num_richardson_iterations None
train_mses [22726.03650593245, 22471.69514098138, 21691.773378572834, 21565.19477331282, 21466.309487241404, 20951.98265948515, 20442.056472345586, 20153.972031372006, 18324.604908277728, 13776.143602693284, 10039.520703342412, 9148.339743912258, 8920.749052827887, 8707.535226248729, 8599.375699393304, 8575.26382427703, 8556.08894274409, 8498.369243787281, 8454.5921193038, 8440.41049290553, 8427.1480614064, 8389.698971082702, 8356.450726521438, 8345.84064748722, 8332.424151433588, 8295.727167718136, 8257.916616782722, 8246.192874800674, 8218.076167588979, 8151.81728957902, 8043.533509576983, 8005.3489573997695, 7877.036459406325, 7658.366345318813, 7398.401797597569, 7354.17658115281, 7302.4526389728635, 7193.166143592338, 7079.634778810251, 7057.4458180714055, 7047.139979743569]
train_rres [1.0000000004408884, 0.9888083716235707, 0.9544899473550533, 0.9489201857609989, 0.9445689964944851, 0.9219373850452668, 0.8994994123160022, 0.8868230073905153, 0.8063264754315316, 0.6061832913614688, 0.44176294027988483, 0.40254884504640975, 0.3925343099062721, 0.38315239121501665, 0.37839311315635127, 0.3773321329400866, 0.3764883922580548, 0.3739485873533505, 0.3720222890966635, 0.3713982635917841, 0.37081468486253605, 0.3691668352548654, 0.36770383291535746, 0.36723696404290246, 0.3666466061045068, 0.3650318509877467, 0.36336809624801397, 0.362852223540331, 0.36161502112640587, 0.35869947190505896, 0.353934726410546, 0.3522545147210118, 0.3466084576966591, 0.3369864492955532, 0.3255473869774056, 0.3236013716019259, 0.3213253943460921, 0.31651652697495236, 0.311520875190159, 0.3105445078089468, 0.3100910262557649]
test_mses [22614.47154046124, 22879.107404811304, 23661.967581963723, 23775.351466466855, 23845.306642661588, 24365.670577733435, 24446.87203755292, 24218.388768121815, 21740.70641801639, 16371.889947872573, 11908.897119484183, 10839.736347530628, 10613.694340900649, 10705.060246615465, 10860.478892843157, 10895.449398404236, 10923.699960901731, 11055.920045552477, 11164.892480779463, 11202.915352537933, 11228.564172759738, 11346.328975719283, 11424.806644402823, 11456.695650684129, 11477.15727769515, 11571.235982051767, 11581.12589880726, 11601.73691484246, 11567.855442750328, 11538.76684923625, 11252.902706786852, 11211.61955616068, 10852.95837989759, 10286.17193666621, 9761.193508637423, 9710.520303941594, 9545.3380152807, 9313.231859825966, 9204.324036480304, 9208.266882195283, 9201.151400633487]
test_rres [0.9999999998799621, 1.011702058176784, 1.046319722164986, 1.0513334977151536, 1.0544268786973787, 1.077437097356628, 1.0810277830670791, 1.0709243734430745, 0.9613625671733589, 0.7239563355091077, 0.5266051473609528, 0.479327422125928, 0.46933196385495235, 0.47337211600002366, 0.48024464653565724, 0.48179102384075206, 0.4830402488090896, 0.4888869511916021, 0.4937056547823065, 0.49538700611018865, 0.49652118340780244, 0.5017286808606927, 0.5051989219642138, 0.5066090369969893, 0.5075138393476415, 0.5116739500173514, 0.5121112769182525, 0.5130226851727346, 0.5115244643530508, 0.5102381820953141, 0.49759742054120826, 0.4957719014019547, 0.47991209342110797, 0.4548490959440604, 0.4316348268409116, 0.42939408446499167, 0.422089810812365, 0.4118261990798691, 0.4070103525924668, 0.40718470314969524, 0.4068700603092375]
step_times_seconds [1.1415579319000244, 0.5740349292755127, 0.5753521919250488, 0.5792391300201416, 0.5801689624786377, 0.575253963470459, 0.5743999481201172, 0.5780301094055176, 0.577765941619873, 0.574688196182251, 0.5733749866485596, 0.5791158676147461, 0.5838546752929688, 0.5788848400115967, 0.5757918357849121, 0.5806949138641357, 0.581043004989624, 0.5775599479675293, 0.575855016708374, 0.5801599025726318, 0.5789921283721924, 0.5741760730743408, 0.5748200416564941, 0.5784590244293213, 0.5781288146972656, 0.5755360126495361, 0.5748159885406494, 0.5795009136199951, 0.5791289806365967, 0.5735669136047363, 0.5744152069091797, 0.5777699947357178, 0.5769238471984863, 0.57529616355896, 0.5750179290771484, 0.5764830112457275, 0.5790011882781982, 0.5739672183990479, 0.574721097946167, 0.5776119232177734, 0.5797607898712158]
