date 2025-01-26T23:42:30.059438
sample_ratio 0.07
rank 1
seed 0
l2_regularization_strength 0
input_shape (256, 256, 14, 20)
input_size 18350080
num_train_samples 1284505
num_test_samples 18350080
num_iterations 10
max_num_richardson_iterations None
num_richardson_iterations None
train_mses [22716.060037370753, 22712.127410776215, 22698.27189728106, 22694.660434469177, 22691.932800806837, 22675.45073180523, 22602.12303099822, 22432.874577230272, 21054.87073318169, 14235.258614045064, 10250.58613202355, 9626.642405694385, 9608.871210195295, 9587.071108179724, 9528.723047364534, 9522.402759145578, 9522.39119396116, 9520.943193230256, 9519.788628210601, 9519.656122512368, 9519.655615701902, 9519.621407632558, 9519.596039398475, 9519.592928789107, 9519.59291721331, 9519.592146970745, 9519.591561170095, 9519.591487610169, 9519.591487356716, 9519.591469486064, 9519.591455756685, 9519.591454018759, 9519.591454013032, 9519.591453593617, 9519.591453270445, 9519.591453229423, 9519.591453229285, 9519.591453219411, 9519.591453211791, 9519.591453210827, 9519.591453210825]
train_rres [1.0000000000446527, 0.999826879063803, 0.9992169355492596, 0.9990579527500372, 0.9989378776288245, 0.9982123086271919, 0.9949842972251418, 0.9875336894394136, 0.9268715921459955, 0.6266605472631227, 0.4512484170061963, 0.42378134193549466, 0.42299902337009876, 0.42203934541623345, 0.4194707635089043, 0.41919253356018776, 0.41919202444089515, 0.4191282809603537, 0.4190774550240863, 0.4190716218955411, 0.4190715995848735, 0.4190700936868748, 0.4190689769336156, 0.41906883999924566, 0.4190688394896592, 0.41906880558225784, 0.4190687797943065, 0.4190687765560722, 0.41906877654491476, 0.41906877575821794, 0.41906877515382707, 0.4190687750773206, 0.4190687750770685, 0.4190687750586051, 0.41906877504437856, 0.41906877504257267, 0.41906877504256657, 0.4190687750421319, 0.4190687750417965, 0.41906877504175405, 0.419068775041754]
test_mses [22614.47155940971, 22617.992592653467, 22631.179216099805, 22633.795826206868, 22632.895221199546, 22635.4269969723, 22554.546415837245, 22396.124983635615, 20995.202781546635, 14185.447057198991, 10204.05588100755, 9597.340081622915, 9579.535840076509, 9558.683531831595, 9500.210625512473, 9494.948842700873, 9494.939200439063, 9493.489719542355, 9492.250716317893, 9492.216999485254, 9492.218264074656, 9492.187647037552, 9492.147395628243, 9492.15723679757, 9492.157644198342, 9492.157559215393, 9492.154649725555, 9492.156474006064, 9492.156541957977, 9492.156621154078, 9492.156250102591, 9492.156536043798, 9492.156546520428, 9492.156559804982, 9492.156504636128, 9492.156548625298, 9492.15655022594, 9492.156552218146, 9492.156543791209, 9492.156550546875, 9492.156550791811]
test_rres [1.0000000007178536, 1.0001556989501572, 1.0007388044815495, 1.0008545095999322, 1.000814685321677, 1.000926639110556, 0.9973501424862316, 0.9903448303391327, 0.9283967897044302, 0.6272729844743865, 0.4512179672881517, 0.4243893147491664, 0.42360202058169427, 0.42267994251300706, 0.42009430144651183, 0.4198616281867563, 0.41986120181102643, 0.4197971065305358, 0.4197423184616615, 0.4197408275211116, 0.4197408834405877, 0.4197395295713609, 0.41973774967527827, 0.4197381848465937, 0.4197382028616408, 0.4197381991037397, 0.4197380704476341, 0.41973815111635576, 0.41973815412115345, 0.4197381576231632, 0.4197381412154623, 0.4197381538596316, 0.4197381543229026, 0.41973815491033856, 0.419738152470801, 0.4197381544159789, 0.4197381544867584, 0.41973815457485275, 0.419738154202218, 0.41973815450095, 0.4197381545117809]
step_times_seconds [5.262167692184448, 3.9080159664154053, 3.8632049560546875, 3.8240671157836914, 3.8338239192962646, 3.8884880542755127, 3.860285997390747, 3.8537862300872803, 3.812382936477661, 3.9290220737457275, 3.8961031436920166, 3.809727430343628, 3.8475687503814697, 3.931593894958496, 3.844325065612793, 3.8258841037750244, 3.8331539630889893, 3.9130659103393555, 3.864253044128418, 3.833082914352417, 3.8398637771606445, 3.942488670349121, 3.8742382526397705, 3.837067127227783, 3.8384430408477783, 3.9206948280334473, 3.9072461128234863, 3.8417699337005615, 3.873987913131714, 3.922313928604126, 3.8863329887390137, 3.8610289096832275, 3.8396639823913574, 3.9063687324523926, 3.8830127716064453, 3.8197081089019775, 3.8622379302978516, 3.9393489360809326, 3.882957696914673, 3.815093994140625, 3.8349480628967285]
