date 2025-01-26T23:42:30.059438
sample_ratio 0.07
rank 4
seed 0
l2_regularization_strength 0
input_shape (256, 256, 14, 20)
input_size 18350080
num_train_samples 1284505
num_test_samples 18350080
num_iterations 10
max_num_richardson_iterations None
num_richardson_iterations None
train_mses [22716.060076117097, 22698.55853924539, 22620.677947201253, 22464.88261380015, 21409.453931773463, 17130.28983069713, 11020.648951981575, 9815.075277186777, 9746.794671620315, 9218.864376357027, 8313.92885913745, 7916.936928274902, 7807.959296125169, 7711.627002691275, 7614.151171912623, 7593.468472558933, 7566.6012565379115, 7465.911547686259, 7165.08731656546, 6887.05487623149, 6768.042224417009, 6698.209146945281, 6627.423159183083, 6614.147541191785, 6612.626856875346, 6573.880266856083, 6527.218407231019, 6517.359481123516, 6516.694394112543, 6489.2427999127485, 6456.282563822718, 6447.393469381222, 6447.065135523161, 6430.043918562132, 6406.942587256183, 6397.957753176993, 6397.684522445698, 6386.985194702197, 6369.64724821024, 6360.641750337922, 6360.365880644652]
train_rres [1.0000000017503334, 0.9992295540211191, 0.9958011165227373, 0.9889427382145378, 0.9424809538937752, 0.7541047964867402, 0.485147905681854, 0.43207648075757965, 0.4290706511613741, 0.40583025232379616, 0.3659934357380303, 0.3485171687169371, 0.3437197860733221, 0.3394790729707983, 0.3351880193892069, 0.33427753142075695, 0.3330947904006143, 0.3286622563832494, 0.3154194567675001, 0.30317999094952874, 0.29794084949524463, 0.2948666774178702, 0.29175055659194765, 0.2911661410740255, 0.29109919793714323, 0.28939350645907663, 0.28733937121069364, 0.28690536434102853, 0.2868760860678637, 0.2856676197160466, 0.28421665348170494, 0.2838253402686183, 0.2838108864479498, 0.28306158322662583, 0.28204462292325566, 0.2816490950867906, 0.2816370670004562, 0.2811660642065572, 0.280402818006987, 0.28000638051483806, 0.27999423625686254]
test_mses [22614.471572134324, 22628.837145638532, 22651.260832920154, 22494.550133013767, 21455.601732358413, 17195.895569115804, 11078.15134800302, 9862.734230473814, 9800.308955100169, 9267.131722522474, 8357.47919725485, 7960.72525941383, 7851.3697276737175, 7763.622680961576, 7680.989149818203, 7662.611788238645, 7635.813632247508, 7543.285869319333, 7248.384289568263, 6975.211012290601, 6861.26837417286, 6794.115636283333, 6725.801759710389, 6711.234845733058, 6717.855517596144, 6679.003240604018, 6634.695689410073, 6623.732822620208, 6628.505040222019, 6601.6641782962415, 6569.492427704535, 6559.427631198677, 6562.503373165411, 6548.023349972707, 6525.239488254979, 6515.117809975516, 6517.488902262804, 6512.794083996086, 6495.592485364658, 6485.5833580711915, 6487.332880884483]
test_rres [1.0000000012805292, 1.0006352393614537, 1.0016268029820676, 0.9946971385144635, 0.9487553883978721, 0.7603934293262252, 0.48987000765648997, 0.43612490398653614, 0.4333644912457625, 0.40978767533123867, 0.36956332060639335, 0.35201907080672273, 0.34718342689033366, 0.34330329878101157, 0.3396492876321944, 0.3388366503992406, 0.33765165008030884, 0.3335601212222712, 0.3205197289589348, 0.3084401507668857, 0.30340166742668473, 0.30043220878771904, 0.297411405208802, 0.29676726395838543, 0.2970600265750331, 0.29534199938532196, 0.2933827428486679, 0.29289797066334683, 0.29310899560782544, 0.291922106854996, 0.2904994890179935, 0.29005442902679973, 0.29019043671377404, 0.2895501377280092, 0.2885426473838626, 0.28809507211065144, 0.2881999205605814, 0.2879923181738639, 0.28723167255813126, 0.2867890742301377, 0.28686643720587435]
step_times_seconds [5.244550943374634, 3.974053144454956, 3.907280921936035, 3.8801939487457275, 3.8753890991210938, 3.9552648067474365, 3.936803102493286, 3.8875463008880615, 3.8845608234405518, 3.9514312744140625, 3.9303407669067383, 3.8826968669891357, 3.8749351501464844, 3.9896669387817383, 3.918483018875122, 3.8925187587738037, 3.8911521434783936, 3.956641912460327, 3.9270811080932617, 3.8800461292266846, 3.8895459175109863, 3.960861921310425, 3.9219088554382324, 3.8872768878936768, 3.8741137981414795, 3.9811878204345703, 3.917994976043701, 3.9127609729766846, 3.920032024383545, 3.9987361431121826, 3.9647607803344727, 3.890306234359741, 3.8979480266571045, 3.9607272148132324, 3.926265001296997, 3.8799381256103516, 3.8664920330047607, 3.9734420776367188, 3.9296441078186035, 3.8841679096221924, 3.8849520683288574]
