date 2025-01-26T23:42:30.059438
sample_ratio 0.08
rank 16
seed 0
l2_regularization_strength 0
input_shape (256, 256, 14, 20)
input_size 18350080
num_train_samples 1468006
num_test_samples 18350080
num_iterations 10
max_num_richardson_iterations None
num_richardson_iterations None
train_mses [22719.175601076142, 22657.11057767806, 22422.429497284546, 22299.896405341693, 21274.905227501426, 15308.95342432745, 9740.452275741223, 7435.151526730262, 6932.6705680154255, 6154.112054702329, 4955.076410847474, 4435.338780359119, 4265.394388110231, 3755.3644946852137, 3305.2116212865217, 3159.4849806612556, 3114.8551877408845, 2926.7509855543167, 2744.1711031094596, 2654.2414736987075, 2643.0534675863223, 2560.980919106662, 2491.6692923147098, 2458.782038086075, 2458.3153622695263, 2417.930182897818, 2381.3211344032816, 2362.022175960002, 2360.279277283494, 2336.448846196983, 2304.6906004225207, 2289.5477953740897, 2275.182446467246, 2245.1663317563557, 2212.0881027919504, 2198.3905661194635, 2197.37210658001, 2183.946915359236, 2166.031214329673, 2157.3799015383074, 2157.3181079711503]
train_rres [0.9999999973144961, 0.9972681630120022, 0.9869385153221378, 0.981545137773351, 0.9364294525440375, 0.6738340181009939, 0.42873264508426195, 0.32726326154241936, 0.3051462197012699, 0.2708774361462277, 0.21810106513309796, 0.19522445912332798, 0.18774424088052996, 0.16529492753347474, 0.14548114202937032, 0.1390668846288063, 0.13710247387798646, 0.12882293922477908, 0.12078656126985497, 0.11682824734384324, 0.11633579963012383, 0.11272332047593452, 0.10967252198646237, 0.10822496707875882, 0.10820442602465152, 0.1064268448319017, 0.10481547261316289, 0.1039660158049441, 0.10388930093190334, 0.10284038826707119, 0.10144252743590303, 0.10077600655179808, 0.10014370592960538, 0.0988225261844715, 0.09736656539362278, 0.09676365898204273, 0.09671883079132836, 0.09612791185041022, 0.09533934005995312, 0.09495854663152772, 0.09495582674555667]
test_mses [22614.471529869315, 22670.534670926892, 22793.218350277213, 22730.26690710583, 21675.81717210277, 15594.822315110649, 9883.315303585676, 7492.7414564038, 6982.157613307316, 6240.854366411741, 5040.724366702035, 4511.894406681242, 4334.801039852725, 3814.4256372513664, 3366.5526584768054, 3220.2949377512355, 3175.984725172594, 2983.3814192363084, 2801.245428761744, 2710.9710080580685, 2700.262016586907, 2616.3152954409393, 2546.5014816696034, 2514.0621488711895, 2513.5576797400918, 2472.974519546254, 2437.4252004215837, 2418.7671028037385, 2416.336362271742, 2391.017938357864, 2356.284428028066, 2341.965934387887, 2326.3356276581862, 2292.2157304482107, 2257.3432225003594, 2244.25725540212, 2242.929513861161, 2227.923163931926, 2208.7594105760163, 2200.9737653644634, 2200.7855813290585]
test_rres [0.9999999994115928, 1.0024790819296407, 1.0079040895012785, 1.0051204098981008, 0.958493198955325, 0.6895948147776444, 0.4370349881807463, 0.331325073950924, 0.3087473257987432, 0.2759672873406138, 0.22289817195498998, 0.19951359013926442, 0.19168261489447888, 0.16867188914712497, 0.1488671823283308, 0.14239974308499795, 0.14044036886331676, 0.13192355229439692, 0.12386959489252583, 0.11987770763876789, 0.1194041616860926, 0.1156920819682139, 0.11260495195776699, 0.11117050177676319, 0.1111481944179494, 0.1093536284862912, 0.10778165635080267, 0.10695660511835521, 0.10684911905451525, 0.10572955170731725, 0.10419365420630847, 0.10356049797213153, 0.10286933405526266, 0.10136057020266352, 0.09981852630032106, 0.09923987173953439, 0.09918115970912393, 0.09851758683276533, 0.0976701757703701, 0.09732589864690566, 0.09731757724814798]
step_times_seconds [5.965092897415161, 4.864978075027466, 4.781423807144165, 4.669533967971802, 4.694803237915039, 4.851587772369385, 4.787939071655273, 4.644012928009033, 4.713477849960327, 4.837728977203369, 4.820383071899414, 4.68544602394104, 4.757989168167114, 4.879946947097778, 4.824784994125366, 4.711440086364746, 4.767060041427612, 4.861764192581177, 4.859375953674316, 4.701528072357178, 4.72928524017334, 4.878176927566528, 4.809647083282471, 4.715974807739258, 4.8105199337005615, 4.988468170166016, 4.913956165313721, 4.6614909172058105, 4.7360289096832275, 4.920536994934082, 4.977809906005859, 4.66323709487915, 4.849780082702637, 4.980816125869751, 4.921631097793579, 4.676896095275879, 4.808050870895386, 4.98023796081543, 4.924993991851807, 4.7220916748046875, 4.758952856063843]
