date 2025-01-26T23:42:30.059438
sample_ratio 0.04
rank 4
seed 0
l2_regularization_strength 0
input_shape (256, 256, 14, 20)
input_size 18350080
num_train_samples 734003
num_test_samples 18350080
num_iterations 10
max_num_richardson_iterations None
num_richardson_iterations None
train_mses [22660.890854360234, 22629.572353315285, 22514.824246028966, 22463.549012038377, 22221.492739300917, 19974.65689846203, 14177.585303601081, 10330.58878390237, 10023.052967127001, 9842.110736248822, 9484.573287319132, 9433.702777743441, 9399.616945876316, 9247.84392688368, 8967.385262682752, 8603.775160821026, 8464.376693376993, 8182.665093201394, 7800.887274193575, 7709.05543761698, 7703.483003736717, 7620.721265984676, 7541.395244179276, 7497.93864450109, 7420.0745466754815, 7172.456356636574, 6920.281878860102, 6817.008923198965, 6781.961698516865, 6599.886272235648, 6442.220984335196, 6407.455949640637, 6310.393624459933, 6132.7324657551935, 5987.7909193363275, 5939.18938456405, 5930.332844867599, 5866.429903745974, 5781.6411834078635, 5743.802727859193, 5743.539173179341]
train_rres [1.0000000011887684, 0.9986179504440088, 0.9935542436303534, 0.9912915243762391, 0.9806098493008466, 0.881459473530093, 0.6256411282139424, 0.45587743494185334, 0.442306220150808, 0.4343214400176623, 0.41854370861016454, 0.41629884939597456, 0.4147946794087171, 0.40809710427151297, 0.3957207742173764, 0.37967506336554496, 0.37352356347502225, 0.36109194274479467, 0.34424451066830125, 0.34019207348584635, 0.33994616815393774, 0.33629398438136104, 0.33279341494613796, 0.3308757233598213, 0.32743966700975996, 0.3165125506874278, 0.30538437043639727, 0.3008270493474943, 0.29928045416070276, 0.2912456673701989, 0.28428807293575314, 0.2827539304803961, 0.27847067763213423, 0.27063068757800307, 0.2642345777550179, 0.26208984588448325, 0.2616990166022675, 0.2588790506261596, 0.25513741835830944, 0.253467649246546, 0.25345601887058866]
test_mses [22614.471572134324, 22643.59294296939, 22729.169710959, 22697.42026825294, 22480.420115831806, 20269.173138451915, 14344.680325890475, 10420.066397790823, 10111.487201711037, 9963.679147308461, 9625.482206025832, 9576.208518071842, 9545.007490278094, 9398.891905417502, 9109.517300948733, 8724.502917722886, 8591.298824382258, 8299.62260319766, 7909.642488499518, 7817.269060700463, 7813.92919306959, 7737.470590758477, 7663.102453533169, 7626.9668404049935, 7546.648830976825, 7298.882122682239, 7049.351685361145, 6947.634006141482, 6906.788858805035, 6701.751706613023, 6525.933052913667, 6485.49949885797, 6379.823719701363, 6191.1239484203115, 6049.426889635841, 5996.752920348228, 5986.889775370228, 5910.02862949814, 5824.818097293774, 5784.76343933476, 5784.596664650656]
test_rres [1.0000000012805292, 1.0012877329341063, 1.0050718924633804, 1.003667948858267, 0.9940723166098269, 0.8962921419478564, 0.6343141956027329, 0.4607698383708282, 0.4471246291298941, 0.44058863494933675, 0.42563374464217485, 0.4234548881581789, 0.42207519517113834, 0.4156140411007624, 0.4028180487683176, 0.38579291587981424, 0.3799027011522088, 0.36700493254294786, 0.34976021762871307, 0.3456755133886562, 0.3455278262041692, 0.34214686715035547, 0.3388583473596842, 0.3372604496126957, 0.3337088296124306, 0.32275271649603315, 0.31171861221264596, 0.3072207101048977, 0.30541455924002053, 0.296347924549904, 0.2885733164471375, 0.2867853660199741, 0.28211243882135045, 0.27376823449533805, 0.2675024653167862, 0.26517325018624255, 0.2647371071192171, 0.26133834780152343, 0.2575703830254427, 0.25579918718376493, 0.255791812495226]
step_times_seconds [3.1991279125213623, 2.2496020793914795, 2.246906042098999, 2.2308249473571777, 2.232090711593628, 2.271001100540161, 2.240449905395508, 2.207825183868408, 2.224022626876831, 2.258863925933838, 2.2374141216278076, 2.2327680587768555, 2.2273998260498047, 2.264190196990967, 2.2215700149536133, 2.201000928878784, 2.204827070236206, 2.25030517578125, 2.233527183532715, 2.217325210571289, 2.2229928970336914, 2.2628350257873535, 2.2325189113616943, 2.2205941677093506, 2.2031118869781494, 2.2501730918884277, 2.224493980407715, 2.2142817974090576, 2.2160732746124268, 2.2588768005371094, 2.229686975479126, 2.2078311443328857, 2.209861993789673, 2.2469208240509033, 2.2388060092926025, 2.2435970306396484, 2.2349860668182373, 2.277094841003418, 2.238248109817505, 2.2196578979492188, 2.214479923248291]
