date 2025-01-26T23:42:30.059438
sample_ratio 1.0
rank 16
seed 0
l2_regularization_strength 0
input_shape (256, 256, 14, 20)
input_size 18350080
num_train_samples 18350080
num_test_samples 18350080
num_iterations 10
max_num_richardson_iterations None
num_richardson_iterations None
train_mses [22614.471529869348, 22611.5584532673, 22197.15323284816, 19434.525018020595, 7620.77271000953, 4852.299795859634, 3407.4777091291717, 3137.69083099918, 3129.577382591157, 2888.965843994818, 2681.130470942874, 2638.33415870537, 2638.1837138259843, 2546.141981641065, 2461.317129393552, 2435.233434024151, 2435.208838703726, 2396.1934837171384, 2357.5745831480294, 2340.9045123240626, 2340.895653284841, 2323.7470039697023, 2303.385182181214, 2293.5235945554195, 2293.5188763223464, 2283.3543511365715, 2270.2803919889075, 2263.643179692687, 2263.638912604957, 2256.0638583613477, 2246.211260251291, 2241.0506990432305, 2241.046566594241, 2234.7623624051976, 2226.582752687357, 2222.203540172183, 2222.199696938441, 2216.7096125761823, 2209.5564162137266, 2205.681245954563, 2205.677778324128]
train_rres [0.9999999994115943, 0.9998711847012222, 0.9815464044989544, 0.8593844424317392, 0.33698654843469833, 0.21456613684717607, 0.15067686647568007, 0.1387470330672402, 0.13838826065938037, 0.12774854537189465, 0.1185581748317234, 0.11666574448437715, 0.11665909189118705, 0.1125890550561811, 0.10883814484430353, 0.1076847375971078, 0.10768365000501537, 0.10595841159243079, 0.1042507041850135, 0.10351356244848693, 0.10351317070644671, 0.1027548664815437, 0.10185447746517366, 0.10141840326344109, 0.10141819462566398, 0.10096872468486219, 0.10039060110931443, 0.10009710708344041, 0.10009691839507234, 0.0997619534931003, 0.0993262768030107, 0.09909807950915803, 0.09909789677444404, 0.09882001258081849, 0.09845831455474593, 0.0982646680878447, 0.09826449814207637, 0.09802172950820506, 0.09770541893916086, 0.0975340609548823, 0.09753390761809402]
test_mses [22614.471529869315, 22611.558453267386, 22197.15323284819, 19434.525018020577, 7620.772710009546, 4852.299795859629, 3407.477709129169, 3137.6908309991836, 3129.577382591154, 2888.965843994804, 2681.1304709428814, 2638.3341587053606, 2638.1837138259893, 2546.1419816410666, 2461.317129393557, 2435.2334340241528, 2435.2088387037275, 2396.193483717132, 2357.5745831480235, 2340.9045123240694, 2340.8956532848406, 2323.747003969704, 2303.3851821812104, 2293.523594555413, 2293.5188763223537, 2283.3543511365683, 2270.2803919889084, 2263.643179692686, 2263.6389126049576, 2256.0638583613577, 2246.211260251289, 2241.0506990432305, 2241.046566594242, 2234.762362405198, 2226.582752687356, 2222.2035401721855, 2222.1996969384472, 2216.7096125761873, 2209.5564162137307, 2205.681245954564, 2205.677778324135]
test_rres [0.9999999994115928, 0.9998711847012262, 0.9815464044989558, 0.8593844424317383, 0.33698654843469905, 0.2145661368471758, 0.15067686647567996, 0.13874703306724037, 0.13838826065938026, 0.127748545371894, 0.11855817483172372, 0.11666574448437672, 0.11665909189118728, 0.11258905505618119, 0.10883814484430378, 0.10768473759710787, 0.10768365000501542, 0.10595841159243051, 0.10425070418501323, 0.10351356244848725, 0.10351317070644667, 0.10275486648154378, 0.1018544774651735, 0.1014184032634408, 0.10141819462566429, 0.10096872468486205, 0.10039060110931447, 0.10009710708344036, 0.10009691839507236, 0.09976195349310074, 0.0993262768030106, 0.09909807950915803, 0.09909789677444408, 0.0988200125808185, 0.0984583145547459, 0.09826466808784484, 0.09826449814207666, 0.09802172950820529, 0.09770541893916104, 0.09753406095488236, 0.09753390761809434]
step_times_seconds [70.86574482917786, 64.61530089378357, 65.56373906135559, 58.17898106575012, 58.14262795448303, 65.14144110679626, 66.02718424797058, 58.431538343429565, 58.55204677581787, 66.24204206466675, 66.38357782363892, 57.62698698043823, 58.45034599304199, 66.03092098236084, 66.6820318698883, 57.29512691497803, 58.25605297088623, 65.59080004692078, 64.78214406967163, 57.87799406051636, 58.14244604110718, 65.45865082740784, 65.99802112579346, 57.65197801589966, 57.75456523895264, 65.52633690834045, 65.17488813400269, 57.31180787086487, 57.44276404380798, 65.10516285896301, 65.756187915802, 57.11899375915527, 58.18004870414734, 65.43634104728699, 65.16941618919373, 57.6816930770874, 58.00835704803467, 65.11240720748901, 65.42842388153076, 58.73949122428894, 57.93284273147583]
