date 2025-01-26T23:42:30.059438
sample_ratio 0.01
rank 4
seed 0
l2_regularization_strength 0
input_shape (256, 256, 14, 20)
input_size 18350080
num_train_samples 183500
num_test_samples 18350080
num_iterations 10
max_num_richardson_iterations None
num_richardson_iterations None
train_mses [22726.03658717723, 22608.36166391308, 22277.44385409238, 22218.67693531548, 22178.004773638884, 21934.05586089113, 21747.169195199484, 21670.49730849261, 21562.822757074504, 21119.768146454666, 19989.03544984155, 17087.98668229038, 13995.732524900204, 11319.203500541917, 9408.514138779336, 9222.028969126244, 9200.284809781966, 9121.366153614188, 9071.954322288293, 9059.234628231008, 9052.291101108676, 9027.592020765636, 9005.232559134663, 8998.592955248527, 8992.17452537154, 8968.439807065795, 8945.86993141731, 8940.231460101377, 8931.652309378022, 8905.716954652811, 8880.621440747249, 8875.803456754153, 8866.807542780405, 8842.3247906239, 8826.868982015807, 8824.926735703904, 8818.162654367454, 8805.229848141074, 8796.522565555904, 8795.154980005263, 8788.757454990191]
train_rres [1.000000004015853, 0.994822025740349, 0.9802608500650298, 0.9776749649817481, 0.975885292520212, 0.9651509564739056, 0.9569274958750784, 0.9535537493478007, 0.9488158113691535, 0.9293203480621435, 0.8795654030317387, 0.7519123136743879, 0.615845729518972, 0.4980720462442993, 0.4139971411412378, 0.40579134732907746, 0.4048345522738469, 0.40136194251270485, 0.3991877036684267, 0.3986280066856479, 0.39832247487311295, 0.39723565622140994, 0.39625178639285474, 0.39595962793014483, 0.3956772016532117, 0.39463281723932525, 0.3936396886903791, 0.39339158245694295, 0.3930140792911402, 0.391872861607631, 0.3907685989303236, 0.3905565961029075, 0.39016075435657543, 0.3890834546628559, 0.3884033620910222, 0.3883178986045822, 0.38802026283612484, 0.3874511884078274, 0.3870680471334245, 0.3870078700959157, 0.3867263636829421]
test_mses [22614.471572134324, 22732.123982077872, 23053.011115816626, 23104.55850542153, 23139.85401226227, 23379.82787122024, 23541.403934201346, 23528.275826069057, 23457.337056993714, 23241.883736577904, 22309.21137579504, 18643.127024523998, 15142.620575314537, 12238.470690294713, 10329.84462297113, 10029.249956453661, 10039.643158618073, 10088.694845932472, 10090.308395936398, 10080.109227989287, 10092.868180574567, 10154.159253981661, 10198.05929504562, 10210.933613768868, 10219.376430271874, 10283.741940397635, 10357.078340667318, 10374.695836884292, 10373.623482924111, 10442.31201063988, 10557.832841765243, 10572.531210262052, 10562.42495827374, 10665.626084558478, 10729.34038812944, 10737.145715132941, 10720.0035879975, 10790.68140593795, 10782.894645115373, 10778.981701844554, 10757.19895130874]
test_rres [1.0000000012805292, 1.0052025287735515, 1.0193919885239646, 1.0216713868953347, 1.0232321355855416, 1.0338436530158654, 1.0409884612716154, 1.0404079432565372, 1.0372710683160855, 1.0277438361627953, 0.9865015564569798, 0.8243892407094415, 0.6695986924303783, 0.5411787167756218, 0.4567802790902834, 0.44348814153387095, 0.44394772345001565, 0.4461167631828588, 0.446188113512706, 0.44573711168727587, 0.44630130583883587, 0.4490115647670658, 0.45095280142077854, 0.45152209700209117, 0.4518954338933329, 0.4547416427911563, 0.4579845397180055, 0.458763576105539, 0.4587161571792053, 0.4617535276339881, 0.46686179783631443, 0.4675117519362256, 0.46706485880546994, 0.4716283581597532, 0.47444577104730695, 0.474790918489227, 0.4740329026716691, 0.47715823849061634, 0.476813912035421, 0.47664088374849645, 0.47567766201261696]
step_times_seconds [1.1411409378051758, 0.5690438747406006, 0.5697319507598877, 0.5635931491851807, 0.5611510276794434, 0.568917989730835, 0.5692689418792725, 0.5643880367279053, 0.5596427917480469, 0.5698840618133545, 0.566763162612915, 0.562507152557373, 0.5661649703979492, 0.5719020366668701, 0.5706677436828613, 0.5645637512207031, 0.5615949630737305, 0.5695662498474121, 0.5690851211547852, 0.5641279220581055, 0.5605592727661133, 0.5702970027923584, 0.5675740242004395, 0.5621311664581299, 0.560204029083252, 0.5678210258483887, 0.5670711994171143, 0.5633189678192139, 0.5581948757171631, 0.5673742294311523, 0.5703039169311523, 0.5616331100463867, 0.5595357418060303, 0.5709571838378906, 0.5670928955078125, 0.5601720809936523, 0.560401201248169, 0.5677487850189209, 0.5677878856658936, 0.5605130195617676, 0.5583758354187012]
