date 2025-01-26T23:42:30.059438
sample_ratio 0.06
rank 4
seed 0
l2_regularization_strength 0
input_shape (256, 256, 14, 20)
input_size 18350080
num_train_samples 1101004
num_test_samples 18350080
num_iterations 10
max_num_richardson_iterations None
num_richardson_iterations None
train_mses [22709.942875360644, 22689.447867611485, 22606.381260290316, 22483.588766718665, 21681.259427499434, 17657.97863621934, 11434.034554000838, 9811.286490155293, 9698.505666396519, 9129.280889384992, 8308.453102158486, 7874.915623586559, 7791.084041515893, 7597.130662647581, 7089.667429009249, 6784.5934756754905, 6692.405341203074, 6619.080903714559, 6539.33970365485, 6515.822718896276, 6514.3471337681885, 6500.016541636508, 6471.531862038792, 6455.8233522187, 6455.072660030196, 6445.046673332964, 6425.209633118189, 6412.326698291721, 6412.055942065695, 6404.392649200959, 6388.581977497993, 6377.645895431583, 6377.508177163078, 6371.456480056643, 6358.205537391765, 6348.692918112803, 6348.579786263475, 6343.694352160352, 6332.2748200096785, 6323.824364166554, 6323.697462747852]
train_rres [1.0000000022214108, 0.9990975337340539, 0.9954398139431415, 0.990032821309195, 0.9547033911382354, 0.7775439494655509, 0.5034814328752004, 0.4320260322008574, 0.4270598891934406, 0.4019948865467984, 0.36585090355420063, 0.3467606979154466, 0.3430692935505398, 0.3345288326447753, 0.312183411630256, 0.29874991443099863, 0.29469054117835936, 0.2914618039660367, 0.2879505137494786, 0.28691497680692074, 0.28685000151660567, 0.28621897429464543, 0.2849646919823857, 0.2842729901167668, 0.28423993445501144, 0.28379845440486207, 0.28292495858112915, 0.2823576768875647, 0.282345754522629, 0.2820083123316109, 0.28131211191292804, 0.2808305571089057, 0.2808244928810225, 0.2805580150147816, 0.27997452861998795, 0.2795556539732176, 0.27955067237329895, 0.2793355492379926, 0.2788327063978008, 0.27846060260571837, 0.2784550146824162]
test_mses [22614.471572134324, 22631.98621107396, 22667.19951656223, 22547.74748147321, 21765.290771974443, 17747.838604305594, 11489.562719320094, 9857.63341354216, 9749.02869449035, 9183.644401941336, 8346.005612865745, 7910.622976933845, 7828.202857971827, 7641.362141967843, 7148.282178055858, 6849.307533277842, 6762.503611113498, 6696.103815467616, 6624.549830213619, 6602.179566017046, 6606.924744643083, 6595.213205321567, 6570.008216847777, 6553.98746151226, 6559.29797820285, 6551.024185475463, 6532.126301547777, 6518.751480986074, 6522.529504209781, 6516.827144139496, 6501.190033001627, 6489.778650226446, 6492.917932432571, 6489.83991755185, 6476.63495567697, 6466.722693743305, 6469.929360068365, 6470.271411624252, 6458.964087834224, 6450.188879767436, 6453.6135110789455]
test_rres [1.0000000012805292, 1.0007744893735273, 1.0023316031632987, 0.997049497195845, 0.9624496743344135, 0.784800059131216, 0.5080624014310516, 0.43589934855306445, 0.43109690517761523, 0.406095910063952, 0.3690559647582941, 0.34980357430996273, 0.3461590001352065, 0.3378970022526884, 0.3160932664028106, 0.30287276535297575, 0.2990343417135546, 0.29609817778334246, 0.2929340983080655, 0.29194489702808585, 0.29215472632332173, 0.2916368482336588, 0.29052229694177173, 0.2898138675935586, 0.2900486958397306, 0.2896828330906679, 0.2888471786341131, 0.2882557511255742, 0.2884228133192008, 0.28817065796551944, 0.2874791931613115, 0.2869745878357617, 0.28711340523859735, 0.28697729704456576, 0.28639338059753894, 0.2859550656046487, 0.28609686269767104, 0.2861119880370023, 0.28561198414487327, 0.2852239490740544, 0.28537538446377686]
step_times_seconds [4.5608601570129395, 3.4015238285064697, 3.342477798461914, 3.328031063079834, 3.3303580284118652, 3.412609815597534, 3.3579442501068115, 3.317739725112915, 3.334963083267212, 3.413778066635132, 3.3526787757873535, 3.3272628784179688, 3.336571216583252, 3.4039101600646973, 3.3459088802337646, 3.332209825515747, 3.3310959339141846, 3.429784059524536, 3.330084800720215, 3.334568977355957, 3.3279941082000732, 3.397972822189331, 3.380864143371582, 3.329941987991333, 3.344102144241333, 3.4519150257110596, 3.3786699771881104, 3.3430850505828857, 3.334182024002075, 3.3964650630950928, 3.342864990234375, 3.3333702087402344, 3.3309547901153564, 3.397813081741333, 3.3523080348968506, 3.317352056503296, 3.334998846054077, 3.408928632736206, 3.348198890686035, 3.3338608741760254, 3.351548194885254]
