date 2025-01-26T23:42:30.059438
sample_ratio 0.03
rank 16
seed 0
l2_regularization_strength 0
input_shape (256, 256, 14, 20)
input_size 18350080
num_train_samples 550502
num_test_samples 18350080
num_iterations 10
max_num_richardson_iterations None
num_richardson_iterations None
train_mses [22613.263965303526, 22454.92782258682, 21929.478113092304, 21800.193131608565, 21050.260464904775, 17551.90746249368, 11860.346943785058, 9221.666843127021, 8604.42210520944, 7502.220670317368, 6473.657141565047, 6064.202715666601, 5888.516056444722, 5229.393219134664, 4717.555726524208, 4495.45553638806, 4320.010544643243, 3971.6752646362925, 3659.8605836479383, 3563.182568197925, 3525.6715201944207, 3395.6501356868175, 3301.809208232447, 3258.2834124029278, 3241.995523196414, 3175.142304628195, 3102.8560716605825, 3060.294649563308, 3034.5805502499306, 2938.3432294646714, 2822.8908662327844, 2755.6861843350525, 2725.41547485399, 2644.6580610076508, 2556.600282426846, 2527.15780455305, 2521.353956763265, 2482.714945611462, 2445.078822481662, 2429.183634353223, 2428.2076880612144]
train_rres [0.9999999880651707, 0.9929980735662317, 0.9697617241374372, 0.9640445052459445, 0.9308811079184236, 0.7761775248343311, 0.524486284705811, 0.40779901332320667, 0.3805033194553097, 0.33176195140562703, 0.28627698656133216, 0.26817016122024384, 0.26040097507380117, 0.2312533548782, 0.20861896263446655, 0.1987972850638957, 0.1910387858963229, 0.1756347612325639, 0.16184574440839694, 0.1575704653312803, 0.15591165802184584, 0.15016187403863504, 0.14601205619374635, 0.14408726570897468, 0.14336698538866746, 0.14041061350564724, 0.13721398376587152, 0.13533183965546733, 0.13419471504373776, 0.12993892429259524, 0.1248334091386959, 0.12186149490292834, 0.12052286863622785, 0.11695162774829489, 0.11305755134848984, 0.11175555100180923, 0.11149889421270431, 0.10979020630502594, 0.10812586794421408, 0.10742295358549428, 0.10737979545131877]
test_mses [22614.471529869315, 22768.519253071485, 23192.028514174457, 23200.082173692175, 22470.88452895923, 19051.76446961075, 12759.622743141568, 9817.855896644229, 9103.92780091363, 8023.530388754109, 7012.118228024672, 6568.173979915847, 6367.019826054802, 5681.235276439093, 5164.636633033727, 4905.134556030724, 4695.531103604377, 4335.458630603288, 4026.5164441374623, 3922.2395297437365, 3888.8373134538547, 3765.8605463364643, 3684.75650402625, 3636.961402444755, 3620.314120252222, 3541.2394622688716, 3473.016580159752, 3421.226020997498, 3389.7307223311304, 3275.877861050599, 3151.3237220715637, 3072.730182937358, 3034.6348320770544, 2945.4971759883874, 2852.4970602082344, 2819.6237190388624, 2814.248442089338, 2773.4718469645227, 2734.429438306169, 2716.4793774108985, 2716.420398457431]
test_rres [0.9999999994115928, 1.0068119084543514, 1.0255392645322685, 1.0258953931069443, 0.9936506579894, 0.8424589729296518, 0.5642237855870625, 0.43414040774288515, 0.4025708840258459, 0.35479628048948586, 0.31007216837400103, 0.290441187952405, 0.281546257399772, 0.25122122644309447, 0.22837750699472847, 0.21690246206575198, 0.2076339079885024, 0.19171169321051681, 0.17805043272622958, 0.1734393625893644, 0.1719623342083956, 0.16652436645033408, 0.16293798849074437, 0.16082451431602204, 0.16008838028075398, 0.15659174062537312, 0.1535749607736367, 0.15128480957273974, 0.14989210408297243, 0.14485759062714562, 0.13934987231760054, 0.13587450748388538, 0.134189951168361, 0.13024833104610944, 0.1261359149941758, 0.12468227319199573, 0.12444458128134187, 0.12264146175909418, 0.12091502704741793, 0.12012128482527491, 0.12011867680707052]
step_times_seconds [2.515873908996582, 1.8270702362060547, 1.8129198551177979, 1.7846097946166992, 1.7784607410430908, 1.8073699474334717, 1.8071777820587158, 1.7841639518737793, 1.7588610649108887, 1.8226370811462402, 1.800704002380371, 1.777935266494751, 1.7679059505462646, 1.818554162979126, 1.8134119510650635, 1.7819859981536865, 1.7841861248016357, 1.835700273513794, 1.8211159706115723, 1.7916340827941895, 1.7660369873046875, 1.8310489654541016, 1.802311897277832, 1.7887589931488037, 1.7812399864196777, 1.8366711139678955, 1.8110840320587158, 1.7789361476898193, 1.7764408588409424, 1.8163731098175049, 1.829158067703247, 1.8062429428100586, 1.7695081233978271, 1.8374881744384766, 1.8095569610595703, 1.783202886581421, 1.7766940593719482, 1.8186109066009521, 1.8359711170196533, 1.7811980247497559, 1.8037869930267334]
