date 2025-01-26T23:42:30.059438
sample_ratio 0.09
rank 2
seed 0
l2_regularization_strength 0
input_shape (256, 256, 14, 20)
input_size 18350080
num_train_samples 1651507
num_test_samples 18350080
num_iterations 10
max_num_richardson_iterations None
num_richardson_iterations None
train_mses [22670.497580528692, 22662.87073390299, 22635.631883296584, 22614.87431442099, 22364.030710974406, 19390.682366553272, 13126.844906752416, 9851.485479333654, 9680.21448717845, 9610.287144633206, 9497.553323305528, 9469.434267785222, 9370.185012466693, 8978.073989009374, 8287.663503322949, 8060.386326933207, 8044.37737037938, 7898.6380964309, 7768.236507911846, 7752.121138342786, 7751.976247439513, 7721.836576219867, 7699.226883640294, 7693.0400257677575, 7693.016619928185, 7687.423609319881, 7679.025237369212, 7672.372563602136, 7672.364245234584, 7670.245952388317, 7663.026811471614, 7655.679764467019, 7655.674513907197, 7654.304415434319, 7646.887280237618, 7639.246658787818, 7639.242531853529, 7638.249511328849, 7630.694861495824, 7623.177803165678, 7623.174406621481]
train_rres [0.9999999997255964, 0.9996635780570152, 0.9984620671284538, 0.9975464467810765, 0.9864816872853168, 0.8553267210988228, 0.5790276484458281, 0.4345509154193266, 0.4269961190810535, 0.423911610579303, 0.4189389000820456, 0.41769856314578263, 0.4133206594434599, 0.3960245669357022, 0.365570427892457, 0.35554518801759066, 0.3548390298711906, 0.34841044252365655, 0.34265840342437925, 0.341947551379452, 0.34194116021389775, 0.34061169353129345, 0.33961437565183106, 0.33934147216354804, 0.33934043972747185, 0.3390937309559991, 0.3387232771572445, 0.3384298264404431, 0.33842945951565373, 0.33833602121161294, 0.3380175835201119, 0.3376935038665233, 0.33769327226332174, 0.337632836956702, 0.33730566569950665, 0.33696863642079045, 0.33696845438092676, 0.33692465205497957, 0.336591415000781, 0.33625983611498983, 0.3362596862927733]
test_mses [22614.471543462947, 22620.945751296178, 22635.175519172128, 22613.99171746656, 22361.271532975672, 19358.020051362895, 13113.06282769228, 9839.609691525467, 9670.502308127745, 9604.809098555346, 9496.154218593307, 9469.657172056706, 9356.767727684559, 8962.60747478666, 8265.660043150521, 8039.542678150919, 8022.553823974782, 7874.0402166733265, 7746.898268224459, 7731.5526012060545, 7731.272357739653, 7702.267147960868, 7681.275195657008, 7675.057084343213, 7674.963783948428, 7670.149829363679, 7662.451151161704, 7655.526208831887, 7655.479337011906, 7653.873429309547, 7647.142319302309, 7639.431602370616, 7639.396115926755, 7638.401180409547, 7631.470362726915, 7623.4041221860725, 7623.371794583306, 7622.661412396225, 7615.636447980404, 7607.643454367132, 7607.612796981387]
test_rres [1.000000000012696, 1.0002862860672195, 1.000915518894915, 0.9999787823602971, 0.9888036291400067, 0.8560014331709817, 0.5798527196470921, 0.4351023490749965, 0.4276245098040297, 0.4247195907371845, 0.41991492927275037, 0.41874324385502965, 0.4137513321865824, 0.3963217737666404, 0.3655031260566765, 0.3555043354783561, 0.3547530973101901, 0.3481859039527017, 0.34256375407375683, 0.34188517677474256, 0.3418727845565177, 0.34059018948356157, 0.3396619364282654, 0.3393869748267121, 0.33938284913248096, 0.33916997860063774, 0.3388295471124521, 0.3385233298163019, 0.33852125716915243, 0.33845024477784835, 0.33815259864473457, 0.3378116348102726, 0.33781006561844806, 0.33776607009481585, 0.33745959299366407, 0.3371029080927836, 0.33710147858324563, 0.33707006585773824, 0.33675942563771766, 0.33640597967732844, 0.336404624023906]
step_times_seconds [6.6355299949646, 5.118165969848633, 5.058090925216675, 4.978786945343018, 4.970590114593506, 5.124911069869995, 5.05250096321106, 4.9827728271484375, 4.94232177734375, 5.079535961151123, 5.046634912490845, 4.9585041999816895, 4.953648090362549, 5.083757162094116, 5.042325973510742, 4.9467613697052, 4.944040060043335, 5.082113027572632, 5.027667045593262, 4.950705289840698, 4.9611499309539795, 5.1008429527282715, 5.031270980834961, 4.942739963531494, 4.946871995925903, 5.097898960113525, 5.016219854354858, 4.960402965545654, 4.929680347442627, 5.078918933868408, 5.033741235733032, 5.005033016204834, 4.975532054901123, 5.104529857635498, 5.069177865982056, 4.98189115524292, 4.952449083328247, 5.111406087875366, 5.0619940757751465, 4.950386047363281, 4.9387900829315186]
