date 2025-01-26T23:42:30.059438
sample_ratio 0.02
rank 4
seed 0
l2_regularization_strength 0
input_shape (256, 256, 14, 20)
input_size 18350080
num_train_samples 367001
num_test_samples 18350080
num_iterations 10
max_num_richardson_iterations None
num_richardson_iterations None
train_mses [22684.164335271653, 22619.43192741405, 22424.695695746905, 22359.622503366358, 22179.058438483375, 20731.69724294573, 16326.216299628253, 11366.121172694235, 10334.539415604342, 9982.516781791845, 9415.371624802807, 9344.070640105716, 9335.66798519605, 9293.619479873823, 9262.635485889828, 9253.830271557534, 9248.867865509075, 9231.910399875966, 9219.397289626337, 9214.867464100733, 9211.067165536368, 9200.33102747249, 9191.466837448215, 9188.329157058737, 9184.39420703248, 9176.18554053298, 9168.613949486291, 9166.100055238783, 9161.807329284893, 9155.022389738853, 9148.519137054567, 9146.240647302342, 9141.247967235866, 9132.512270265832, 9117.988945859359, 9109.170309030334, 9078.948969547042, 8986.722939350157, 8696.838242811364, 8488.14896828278, 8054.303887554586]
train_rres [1.0000000017067678, 0.9971463630621459, 0.9885616857021464, 0.985693024043298, 0.9777331070491152, 0.9139281911343838, 0.7197186586286385, 0.5010597271339796, 0.45558387254203614, 0.44006544174553736, 0.41506363213180747, 0.41192042686469, 0.41155000744787495, 0.4096963572638736, 0.4083304707547241, 0.4079423050626941, 0.40772354425742113, 0.40697599784524474, 0.40642437469148684, 0.4062246836000988, 0.40605715269551346, 0.40558386490216464, 0.4051930993483452, 0.4050547790492829, 0.4048813122212871, 0.40451944451515587, 0.40418566139898265, 0.4040748398489955, 0.4038856009642048, 0.4035864962911236, 0.4032998093936357, 0.4031993653251464, 0.40297926993167255, 0.4025941688163821, 0.4019539281526042, 0.4015651707483756, 0.4002329048077748, 0.39616724785911256, 0.3833880820609343, 0.3741883041100985, 0.35506284394077325]
test_mses [22614.471572134324, 22676.182171097495, 22836.18836100234, 22827.334877183363, 22683.917740714496, 21363.579512231674, 16950.41502542574, 11681.97218750524, 10635.765301703857, 10384.325211624871, 9844.208067124118, 9755.642719907495, 9766.25482843894, 9792.75920695307, 9789.243728227168, 9789.411053388296, 9796.98355121387, 9825.473595330403, 9838.53960722076, 9841.358641550301, 9848.79473047804, 9870.543303800487, 9888.948352460588, 9891.596197646044, 9900.062612030393, 9918.390124372541, 9942.067346981903, 9944.575850437139, 9952.706090297637, 9964.581903264425, 9985.823924608187, 9987.234403142304, 9988.195213023217, 9985.12626908085, 9979.63003793666, 9972.082356356826, 9913.039127572174, 9758.03927030552, 9328.708554068373, 9086.98653140677, 8480.957287092993]
test_rres [1.0000000012805292, 1.0027288114075026, 1.0098042007041022, 1.0094127043208208, 1.0030708742145964, 0.944686214375784, 0.7495384092024345, 0.5165706465968869, 0.47030793009679317, 0.45918938197600534, 0.4353056868178163, 0.43138937389193016, 0.4318586357321277, 0.43303064536602637, 0.43287519275157155, 0.4328825917819141, 0.43321744364042936, 0.43447725835960765, 0.4350550305116304, 0.43517968672232976, 0.4355085066513536, 0.4364702170888903, 0.4372840786299376, 0.4374011649470068, 0.43777554532411106, 0.4385859782500876, 0.4396329725415154, 0.4397438972407925, 0.44010341215782134, 0.4406285543414057, 0.4415678653177071, 0.44163023593430206, 0.4416727224403024, 0.4415370153583789, 0.44129397491705363, 0.44096022041983163, 0.438349359994819, 0.43149534808608503, 0.41251057033359745, 0.40182175002664916, 0.3750234565906633]
step_times_seconds [1.8176829814910889, 1.1297879219055176, 1.1329779624938965, 1.1183228492736816, 1.1171529293060303, 1.128032922744751, 1.1250479221343994, 1.119262933731079, 1.1092839241027832, 1.1285099983215332, 1.1276397705078125, 1.1161658763885498, 1.1168849468231201, 1.1302168369293213, 1.12522292137146, 1.117143154144287, 1.1136970520019531, 1.1245348453521729, 1.124791145324707, 1.1194548606872559, 1.1115100383758545, 1.1307528018951416, 1.1296141147613525, 1.115225076675415, 1.1140339374542236, 1.129141092300415, 1.1295931339263916, 1.1190850734710693, 1.1174559593200684, 1.1235840320587158, 1.1315770149230957, 1.1254048347473145, 1.1125290393829346, 1.1360280513763428, 1.1340711116790771, 1.1184279918670654, 1.1199159622192383, 1.129601001739502, 1.128938913345337, 1.1186189651489258, 1.1169400215148926]
