date 2025-01-26T23:42:30.059438
sample_ratio 0.03
rank 4
seed 0
l2_regularization_strength 0
input_shape (256, 256, 14, 20)
input_size 18350080
num_train_samples 550502
num_test_samples 18350080
num_iterations 10
max_num_richardson_iterations None
num_richardson_iterations None
train_mses [22613.26421297095, 22571.456127464433, 22429.020631338106, 22367.660047218247, 22097.021765756723, 20015.81996134639, 14791.551248156718, 10378.689284522032, 9973.90934607405, 9802.892732757793, 9419.955683474029, 9365.311265371392, 9330.425984822716, 9221.580145330594, 9038.75639422627, 8768.779759550176, 8550.300173456311, 8408.65223308655, 8276.27495192848, 8186.934720620779, 8181.066079261107, 8142.156620028034, 8025.6109984465975, 7932.630036894314, 7875.656257747523, 7644.923314118082, 7160.588800544051, 6965.329245878122, 6698.286040671639, 6584.978959716574, 6449.980294904051, 6409.859063424083, 6405.808228125056, 6382.479641049228, 6334.508056388051, 6312.401575384755, 6311.186541997195, 6297.442930280309, 6265.819377101213, 6248.23506359374, 6247.612992925613]
train_rres [0.9999999990174783, 0.9981511688321635, 0.991852410075138, 0.9891389325567366, 0.9771708116058311, 0.8851362524743046, 0.6541095126434368, 0.4589646667804614, 0.4410645558438857, 0.4335018876887003, 0.41656770935420456, 0.41415123300942264, 0.41260854195050023, 0.40779517938771087, 0.39971037795423053, 0.3877715162371337, 0.37810994841474543, 0.37184601681705337, 0.3659920507650371, 0.36204126195460623, 0.3617817398750588, 0.36006109225743066, 0.3549072312151103, 0.35079544263893503, 0.3482759576785049, 0.33807252392255943, 0.316654363831353, 0.3080196283665773, 0.2962104882783042, 0.2911998414395013, 0.28522995299666215, 0.283455718588808, 0.28327658322573546, 0.2822449503383646, 0.28012355892126317, 0.2791459698048323, 0.27909223880098766, 0.27848447109554075, 0.2770860196004273, 0.27630840902087594, 0.2762808999155271]
test_mses [22614.471572134324, 22653.676340382914, 22763.21975704705, 22730.59465098296, 22502.567216155523, 20488.321321507872, 15144.425430577505, 10564.883920225024, 10154.642305839232, 10033.098454626015, 9679.923307856827, 9626.788352793052, 9594.750371296932, 9505.482461040592, 9321.792457293112, 9041.553297068427, 8815.055933900629, 8692.281718613696, 8587.703883167016, 8496.134591918148, 8494.610243970215, 8470.194482322477, 8366.215004925036, 8261.790260628652, 8161.278574569585, 7869.886350470938, 7338.949599154842, 7135.364943646185, 6833.754049423981, 6735.428180166401, 6625.870910584442, 6588.9547759123825, 6590.247377278394, 6572.660646880315, 6545.1918730332045, 6525.101367913533, 6526.941131169631, 6520.053729367176, 6500.400633277886, 6484.226811578639, 6486.85502552643]
test_rres [1.0000000012805292, 1.0017336154476228, 1.0065775675362223, 1.0051349025594263, 0.9950516497010924, 0.9059827589776446, 0.6696785021778456, 0.4671735928055809, 0.44903292506534415, 0.4436583200925433, 0.4280411014414286, 0.4256915017630841, 0.4242747991249105, 0.42032741923208794, 0.41220474418320274, 0.3998127163752723, 0.3897971224784454, 0.3843681114554582, 0.3797437347484005, 0.37569458900232183, 0.3756271831403267, 0.374547531042283, 0.3699496134124626, 0.36533200631529855, 0.36088743258881684, 0.3480022221808567, 0.32452447916561866, 0.31552207311248714, 0.302184998503144, 0.2978370804423635, 0.29299251578504704, 0.2913601037871996, 0.2914172619376142, 0.2906395859983599, 0.28942493131166214, 0.28853653977523763, 0.2886178931357433, 0.2883133358619063, 0.28744428632202346, 0.28672908845996564, 0.2868453066940629]
step_times_seconds [2.503298044204712, 1.69343900680542, 1.682405948638916, 1.6803851127624512, 1.6735961437225342, 1.6925768852233887, 1.6778240203857422, 1.669713020324707, 1.6744608879089355, 1.6916007995605469, 1.6840391159057617, 1.6760530471801758, 1.6727700233459473, 1.6921279430389404, 1.6791081428527832, 1.6755189895629883, 1.673219919204712, 1.7019810676574707, 1.6912827491760254, 1.6824798583984375, 1.6813859939575195, 1.7005722522735596, 1.6910650730133057, 1.6755099296569824, 1.6720647811889648, 1.6923441886901855, 1.6814537048339844, 1.6692700386047363, 1.6669230461120605, 1.692430019378662, 1.6834259033203125, 1.6762421131134033, 1.6708617210388184, 1.6921448707580566, 1.6824018955230713, 1.6777539253234863, 1.6698758602142334, 1.6952300071716309, 1.6756789684295654, 1.6727800369262695, 1.6729087829589844]
