date 2025-01-26T23:42:30.059438
sample_ratio 0.1
rank 16
seed 0
l2_regularization_strength 0
input_shape (256, 256, 14, 20)
input_size 18350080
num_train_samples 1835008
num_test_samples 18350080
num_iterations 10
max_num_richardson_iterations None
num_richardson_iterations None
train_mses [22671.671119882758, 22624.861283750903, 22425.06236683073, 22243.53135943335, 20960.121512277536, 13110.020398735898, 8237.482744381688, 6660.711698899987, 6147.709728633422, 5124.223588142982, 4183.133723381218, 3903.614367807345, 3813.2082616858033, 3410.7069003534184, 2986.377760119881, 2792.8217696825423, 2738.8278385554026, 2611.345114654999, 2478.6010679050673, 2419.5422184585086, 2410.5541888237253, 2357.3815263620713, 2306.409216962577, 2281.634500689783, 2281.4679348383256, 2257.192673626198, 2231.592476342309, 2217.6017502415903, 2217.5445766965668, 2205.2440483194355, 2190.7605939535133, 2183.660895971705, 2183.634985576139, 2176.1617020386425, 2166.821452602496, 2162.273829372425, 2162.258272984009, 2156.743396073598, 2149.7306346957002, 2146.0701129664785, 2146.0586476319754]
train_rres [0.9999999992152869, 0.9979353152381948, 0.9891226028577578, 0.9811156497621949, 0.9245071254340886, 0.5782555824458383, 0.3633381365828593, 0.29379006331085505, 0.2711626192573768, 0.22601878604475964, 0.18450928023696078, 0.17218026602903166, 0.1681926417567603, 0.15043914847043838, 0.1317228775058146, 0.12318552755653335, 0.12080396817349262, 0.11518097183033531, 0.10932590953943294, 0.10672094720172416, 0.10632450401144483, 0.10397916907169717, 0.10173088710386316, 0.10063812618110853, 0.10063077930974441, 0.0995600483051918, 0.09843087714138866, 0.09781377547227216, 0.09781125366676977, 0.09726870308448422, 0.09662986820204562, 0.09631671537185964, 0.09631557251849833, 0.09598594161074057, 0.09557396274162995, 0.09537337659151975, 0.09537269043176022, 0.09512944074465414, 0.09482012250625377, 0.09465866454812649, 0.09465815883619932]
test_mses [22614.471529869315, 22655.588630746126, 22727.36481978503, 22591.971530636358, 21284.02730221665, 13286.921810815076, 8343.519641044184, 6712.9525444105175, 6187.007248537423, 5173.874437987057, 4243.58261328301, 3960.18623606649, 3869.4339216510284, 3463.9828080683733, 3034.389615125349, 2839.9790003580624, 2783.936156860042, 2652.6012534359274, 2515.555680678638, 2456.424431551502, 2447.315374093453, 2392.9129165599, 2339.4215140896868, 2315.0970427342563, 2314.8083150336947, 2289.9856131427787, 2263.7367495965955, 2249.9835371655367, 2249.8297522478806, 2237.3162803978744, 2222.668625524439, 2215.8045691727134, 2215.7107706310785, 2208.0689289288857, 2198.607271316944, 2194.354543962647, 2194.282861211049, 2188.6060714258088, 2181.4677663439525, 2178.130258778736, 2178.067642327026]
test_rres [0.9999999994115928, 1.0018181759185392, 1.0049920811279476, 0.9990050613167538, 0.9411684576215243, 0.5875406721509064, 0.36894603639597023, 0.29684321968762634, 0.27358619619853203, 0.22878599785579914, 0.18764898419939235, 0.1751173459218648, 0.17110432646031354, 0.15317549213807158, 0.1341791078041357, 0.12558237299226466, 0.12310418802159123, 0.11729662788588925, 0.11123654496528507, 0.10862179232716827, 0.10821899461241037, 0.10581334664360036, 0.1034479850490087, 0.10237236975952517, 0.10235960237294219, 0.10126195559205128, 0.10010124469522273, 0.09949308489786461, 0.09948628460994445, 0.09893294548697995, 0.09828523391673742, 0.09798170896641432, 0.09797756124439236, 0.09763964303623955, 0.09722125352871216, 0.09703320016888997, 0.09703003039543491, 0.09677900574626715, 0.09646335366179425, 0.09631577083816538, 0.09631300197170789]
step_times_seconds [7.341401815414429, 6.065766334533691, 5.975415229797363, 5.767618179321289, 5.838958740234375, 6.04767107963562, 6.026314973831177, 5.764712810516357, 5.901424884796143, 6.124748945236206, 6.039665222167969, 5.7999491691589355, 5.901733875274658, 6.217054843902588, 6.34243106842041, 5.79584002494812, 6.011276006698608, 6.258402109146118, 6.1507110595703125, 5.877661943435669, 5.961418151855469, 6.165498733520508, 6.275204181671143, 5.83518385887146, 5.94386100769043, 6.251440763473511, 6.2455549240112305, 5.838109970092773, 5.952830076217651, 6.341748952865601, 6.274266958236694, 5.807391881942749, 5.933741092681885, 6.150504112243652, 6.172133207321167, 5.8966968059539795, 6.098724126815796, 6.397119045257568, 6.147541046142578, 5.869664907455444, 5.947623014450073]
