date 2025-01-26T23:42:30.059438
sample_ratio 0.6
rank 16
seed 0
l2_regularization_strength 0
input_shape (256, 256, 14, 20)
input_size 18350080
num_train_samples 11010048
num_test_samples 18350080
num_iterations 10
max_num_richardson_iterations None
num_richardson_iterations None
train_mses [22611.700276562766, 22605.66914077151, 22339.804113476508, 20829.412729910233, 12738.141517375427, 6474.234179455009, 4393.952951125313, 3856.8193232250683, 3762.908491474805, 3239.504838411141, 2839.604268180197, 2735.362775782097, 2734.7408415487466, 2632.3044608401347, 2553.3353903839566, 2520.236616346834, 2520.200951869297, 2488.0191991302368, 2446.297687726054, 2426.6019919808923, 2426.586539256049, 2402.273902235817, 2369.68196302128, 2355.6198881635833, 2355.609589857964, 2334.270111191935, 2308.957379578378, 2299.177043040396, 2299.16902373205, 2281.185737932822, 2262.09232811659, 2255.125340624293, 2255.1190081396207, 2240.2987083521316, 2225.7780456965365, 2220.3995811451587, 2220.395069689131, 2208.1431057595887, 2196.699527928745, 2192.2917219014453, 2192.288596444751]
train_rres [0.9999999994519886, 0.9997332731238406, 0.987975421042948, 0.9211785254417756, 0.5633429310752885, 0.2863223064484743, 0.19432209409178086, 0.1705674174847044, 0.1664142211062729, 0.14326675115155457, 0.12558119167921827, 0.12097112295081655, 0.12094361797660398, 0.11641338011746111, 0.1129209815164256, 0.11145719181400808, 0.11145561455634584, 0.1100323800216664, 0.10818725069167244, 0.10731621067727852, 0.10731552728219342, 0.10624030353919568, 0.1047989285519968, 0.10417703481211886, 0.1041765793706665, 0.10323284323435955, 0.10211339041612447, 0.10168085609039929, 0.10168050143735492, 0.10088519256763614, 0.10004078858331662, 0.09973267431489515, 0.09973239426144533, 0.09907696810604341, 0.09843479337039612, 0.09819693135725042, 0.0981967318385955, 0.0976548900587658, 0.09714879906673039, 0.09695386432184293, 0.0969537260988586]
test_mses [22614.471529869315, 22614.75476664846, 22365.55974226934, 20859.401674653127, 12746.233704819317, 6478.512570891923, 4398.709249511473, 3860.169459038207, 3766.8962007722894, 3242.8514159921224, 2842.4300415717235, 2738.12242951045, 2737.50270201238, 2634.3330084293216, 2555.326626004649, 2522.1157356943404, 2522.0686085370903, 2489.572227029062, 2448.110818738086, 2428.4052419600075, 2428.3856769155723, 2403.9205245816397, 2371.680146061078, 2357.6089968129245, 2357.5973641492237, 2336.1963678999196, 2311.1996948951332, 2301.387909002225, 2301.3796776827717, 2283.379680985103, 2264.5118480046835, 2257.5074206488475, 2257.5008022817537, 2242.6924900644726, 2228.3062609646827, 2222.8944323434052, 2222.8895073487693, 2210.670184350118, 2199.291420499267, 2194.8528536640642, 2194.8493367442984]
test_rres [0.9999999994115928, 1.000012523992528, 0.9889932514924672, 0.9223917364077288, 0.5636317293766537, 0.28647640775169414, 0.19450860220692764, 0.17069465681160503, 0.16657016254306378, 0.14339717865176863, 0.12569075674153696, 0.12107832917000923, 0.12105092514701948, 0.11648881573022035, 0.1129951951840213, 0.11152662713692359, 0.1115245431988948, 0.11008757035405137, 0.10825416875491084, 0.10738279854665919, 0.107381933390717, 0.10630009726258889, 0.10487444473478129, 0.10425222593911813, 0.1042517115488668, 0.10330537078611915, 0.10220003109436193, 0.10176615909898165, 0.10176579511437836, 0.10096984475739995, 0.10013551913787812, 0.0998257870558145, 0.09982549439511354, 0.09917067864189069, 0.09853452718142772, 0.09829521897513402, 0.09829500119446968, 0.097754669178516, 0.09725150624458997, 0.09705523516097309, 0.09705507964463661]
step_times_seconds [42.72907900810242, 39.00013971328735, 39.10210394859314, 34.551851987838745, 35.31077003479004, 38.783244132995605, 38.68701696395874, 35.00815200805664, 34.845227003097534, 38.944162130355835, 38.8945038318634, 34.868860721588135, 34.63330698013306, 38.96625089645386, 38.46649193763733, 34.689399003982544, 34.62278604507446, 39.40582489967346, 39.78886127471924, 34.538583755493164, 34.85456991195679, 38.64364433288574, 37.629549980163574, 34.902101039886475, 34.65468215942383, 38.916377782821655, 38.666329860687256, 35.05263304710388, 34.45163130760193, 38.49122190475464, 38.82533502578735, 34.21929907798767, 34.890162229537964, 39.22868204116821, 39.5315580368042, 34.6327691078186, 34.53575825691223, 38.51879096031189, 38.327970027923584, 34.68003511428833, 34.726304054260254]
