date 2025-01-26T23:42:30.059438
sample_ratio 0.05
rank 2
seed 0
l2_regularization_strength 0
input_shape (256, 256, 14, 20)
input_size 18350080
num_train_samples 917504
num_test_samples 18350080
num_iterations 10
max_num_richardson_iterations None
num_richardson_iterations None
train_mses [22654.834135548608, 22642.63262408367, 22598.65285295612, 22587.09361196454, 22519.666076303143, 21788.554175490317, 17267.739274932086, 11956.36977174725, 10165.272728008513, 9686.523174725933, 9500.62209058257, 9487.27721410513, 9486.227228537164, 9476.2151197182, 9469.754547231989, 9467.641467373265, 9466.44038582392, 9461.955684821689, 9456.845909790767, 9454.459422505375, 9452.334416746735, 9447.3317387173, 9443.12565107193, 9441.995462178505, 9440.305924985641, 9437.88298556963, 9435.750774086502, 9435.49843605633, 9434.386137366315, 9433.05403912743, 9431.569712814224, 9431.486552245742, 9430.674846396962, 9429.535997512448, 9428.240236017285, 9428.182481538053, 9427.534730587942, 9426.526467322867, 9425.519509087882, 9425.461465821889, 9425.00278607671]
train_rres [0.9999999984942866, 0.9994614153656899, 0.997520117945537, 0.9970098850784582, 0.9940335871653313, 0.9617618037862262, 0.7622099171247658, 0.5277624052423833, 0.4487021468301897, 0.42756981146647605, 0.419364009439802, 0.41877495739124143, 0.41872861030434144, 0.4182866689180578, 0.4180014947941676, 0.4179082219923056, 0.4178552054246119, 0.4176572476303219, 0.41743169863743795, 0.41732635744325747, 0.4172325582239506, 0.41701173656655194, 0.4168260769579285, 0.41677618964094526, 0.41670161230437275, 0.41659466208801427, 0.4165005448030605, 0.41648940642843, 0.41644030879736, 0.41638150906265836, 0.41631598987580004, 0.41631231911097083, 0.4162764898551616, 0.4162262202802009, 0.41616902447442017, 0.41616647515188704, 0.41613788297834653, 0.41609337754266223, 0.416048929711906, 0.4160463676421261, 0.41602612120192956]
test_mses [22614.471543462947, 22625.215615216446, 22660.367766438314, 22655.227848304094, 22595.821549102366, 21853.107697598272, 17322.978113307377, 11982.79370443998, 10190.82636018366, 9718.617636657093, 9537.557786250594, 9527.88406293144, 9528.115953392822, 9527.46354254716, 9529.626899023478, 9531.803221104075, 9531.827370855486, 9536.272288155831, 9540.852800543944, 9543.477062697577, 9544.906938168591, 9549.502322107488, 9552.772718299597, 9553.870085039405, 9556.194896352485, 9558.297473161276, 9560.101836278272, 9560.365974941631, 9562.598024441137, 9564.032330963115, 9566.190569602499, 9566.279201087416, 9568.321266599982, 9569.799563233915, 9572.833888199304, 9572.913853243184, 9574.49045943123, 9576.349577043913, 9579.765313573049, 9579.865325746332, 9580.69611535653]
test_rres [1.000000000012696, 1.0004750971969476, 1.0020295067773242, 1.0018022223093053, 0.9991753071020093, 0.9663328924523417, 0.7660129523802548, 0.5298728153590625, 0.45063296485735727, 0.42975214424543084, 0.4217457731895865, 0.4213180062483744, 0.42132826032222875, 0.4212994110588526, 0.42139507354082517, 0.4214913093549782, 0.4214923772442439, 0.42168892914207884, 0.4218914769831534, 0.422007520470998, 0.4220707488099085, 0.42227395426311237, 0.42241856945723105, 0.4224670944354829, 0.4225698963651517, 0.42266287120229423, 0.4227426591873264, 0.42275433925965766, 0.4228530393108725, 0.42291646358851875, 0.42301189976244224, 0.42301581899994234, 0.4231061180594923, 0.4231714875566795, 0.4233056638057064, 0.4233091998177564, 0.42337891651155735, 0.4234611257114997, 0.4236121677786386, 0.4236165902641737, 0.4236533273424031]
step_times_seconds [3.899163246154785, 2.814523220062256, 2.7672603130340576, 2.775301933288574, 2.7720980644226074, 2.8217461109161377, 2.785928726196289, 2.766489028930664, 2.758112907409668, 2.81553316116333, 2.7894320487976074, 2.7034521102905273, 2.7722160816192627, 2.820716142654419, 2.78725004196167, 2.746943950653076, 2.764986991882324, 2.825895071029663, 2.7862210273742676, 2.7575910091400146, 2.77982497215271, 2.8562211990356445, 2.7863359451293945, 2.7779877185821533, 2.786529064178467, 2.830714225769043, 2.7850139141082764, 2.783107042312622, 2.7657480239868164, 2.818977117538452, 2.778688907623291, 2.7638182640075684, 2.754857063293457, 2.81152606010437, 2.790485143661499, 2.76499080657959, 2.767446994781494, 2.817409038543701, 2.791684150695801, 2.746613025665283, 2.762406349182129]
