date 2025-01-26T23:42:30.059438
sample_ratio 0.06
rank 8
seed 0
l2_regularization_strength 0
input_shape (256, 256, 14, 20)
input_size 18350080
num_train_samples 1101004
num_test_samples 18350080
num_iterations 10
max_num_richardson_iterations None
num_richardson_iterations None
train_mses [22709.942835256104, 22666.21173206312, 22530.673044978015, 22506.051817362313, 22458.58912100041, 21880.07421238072, 18699.181994810293, 15681.088135836511, 10000.05976429437, 9244.293388863074, 8436.72673183776, 8048.30755806552, 7707.648807958621, 6988.42214756938, 6386.863675978945, 6189.625250670925, 6005.205660424144, 5642.048906477352, 5462.802589612198, 5417.792448599907, 5414.248485256059, 5368.087243096288, 5323.375618383906, 5305.082457399002, 5300.314248546691, 5279.830504006009, 5248.097869590597, 5228.385301811654, 5192.4984874169295, 5129.046058406837, 4987.271507586149, 4930.336347321956, 4917.93898143294, 4890.810270866792, 4826.347223988651, 4800.742184648915, 4799.448551887536, 4779.017187099461, 4731.237774833146, 4712.189719189816, 4692.606587112846]
train_rres [1.0000000004554643, 0.9980743635866206, 0.9921061104681487, 0.991021949763495, 0.9889319975021517, 0.9634579171365656, 0.823391856993031, 0.6904943907932056, 0.4403383945698192, 0.40705929821726344, 0.37149925021311686, 0.3543957648909897, 0.3393953418281363, 0.3077252198056248, 0.281236448951894, 0.2725513357030992, 0.2644306816059663, 0.2484395909745793, 0.24054673460558293, 0.23856477712734064, 0.2384087237470582, 0.2363760791686169, 0.23440726643064141, 0.23360175313076484, 0.23339179184248363, 0.23248981931447657, 0.2310925179359543, 0.23022450307872103, 0.2286442782991431, 0.22585024092532435, 0.21960740042529617, 0.21710034170202472, 0.21655444134531326, 0.21535986719885672, 0.2125213287060418, 0.21139384725277943, 0.21133688397588563, 0.2104372179157112, 0.20833331952042766, 0.20749456550901577, 0.20663225016864037]
test_mses [22614.47154046124, 22657.144330708732, 22783.521533535753, 22803.833476969605, 22792.632770915796, 22327.10654622489, 19127.73749198068, 15934.308848102975, 10111.302913726511, 9393.965793938589, 8621.366885602194, 8194.082185194336, 7814.425914580438, 7070.95185585436, 6479.55223674883, 6279.393625042812, 6078.632156176264, 5716.907141776886, 5549.94846370265, 5507.860972577395, 5509.085381337919, 5474.725254595513, 5445.26871751132, 5428.5644186042855, 5428.430403035969, 5416.217414878027, 5383.592340376308, 5363.79186528669, 5312.239022236255, 5240.417895133704, 5072.993140956411, 5018.816470591457, 5005.023409301806, 4977.321663798911, 4921.898010112429, 4896.88708757634, 4895.900917753628, 4875.169350097926, 4834.308891355839, 4814.70076117485, 4792.586851387919]
test_rres [0.9999999998799621, 1.0018869681500815, 1.0074753013811164, 1.0083734848029609, 1.0078781954908747, 0.987292871451703, 0.8458184598946635, 0.7046067301498067, 0.4471164800124506, 0.4153962110502344, 0.3812322949551208, 0.36233799094310437, 0.3455497909673033, 0.31267376035537287, 0.28652238122734763, 0.2776714730235511, 0.2687939067941899, 0.2527986175074706, 0.2454157928522282, 0.24355470620048394, 0.24360884890986303, 0.24208946223408753, 0.24078690970581132, 0.24004825442151068, 0.24004232832378777, 0.23950227643114794, 0.2380596128500233, 0.23718404628850473, 0.23490440676865085, 0.23172851442177778, 0.22432508012716493, 0.22192941634782265, 0.22131949445496227, 0.22009453788456412, 0.2176437331606657, 0.21653776336215247, 0.216494155452906, 0.2155774164693697, 0.21377058854221356, 0.21290352737107135, 0.21192566194783066]
step_times_seconds [4.548094987869263, 3.509911060333252, 3.453644037246704, 3.4099481105804443, 3.4005630016326904, 3.4915931224823, 3.4533300399780273, 3.402332067489624, 3.4178149700164795, 3.5213680267333984, 3.457730770111084, 3.411623954772949, 3.417271137237549, 3.51558518409729, 3.4716200828552246, 3.414785146713257, 3.420581817626953, 3.5208687782287598, 3.461838722229004, 3.4223930835723877, 3.4257988929748535, 3.49411678314209, 3.446497678756714, 3.405575752258301, 3.4031028747558594, 3.488847017288208, 3.4717941284179688, 3.4106249809265137, 3.4146430492401123, 3.5095627307891846, 3.47940993309021, 3.4189391136169434, 3.414945125579834, 3.502492904663086, 3.4570817947387695, 3.4148740768432617, 3.4166178703308105, 3.5089900493621826, 3.471514940261841, 3.4188249111175537, 3.461733102798462]
