date 2025-01-26T23:42:30.059438
sample_ratio 0.02
rank 8
seed 0
l2_regularization_strength 0
input_shape (256, 256, 14, 20)
input_size 18350080
num_train_samples 367001
num_test_samples 18350080
num_iterations 10
max_num_richardson_iterations None
num_richardson_iterations None
train_mses [22684.16426738342, 22555.286676194974, 22162.031367401825, 22095.229485513548, 22040.75969597038, 21794.88410167546, 21604.890751753006, 21548.15086544619, 21377.157686429997, 20109.83236095997, 15954.931545144713, 13611.985897016932, 10030.26670685138, 9203.648198432518, 9044.623961486639, 9016.921421360239, 8992.627096833337, 8907.504887594358, 8747.250816893571, 8627.265969891407, 8344.248555392862, 7836.097820544052, 7515.826407734852, 7439.86765887433, 7387.2751583844765, 7250.265213646534, 7009.510030449909, 6846.0569561836455, 6683.431025969258, 6445.699895337362, 6133.7569556267945, 6015.458813633752, 5996.388912527062, 5907.861127195288, 5763.050316149064, 5718.26257180546, 5713.667929477568, 5652.293838780762, 5561.482331047634, 5536.67960282315, 5533.55667143218]
train_rres [0.9999999987140091, 0.9943186084056158, 0.9769824921770418, 0.9740376236328468, 0.9716363983185229, 0.9607973129071966, 0.9524217189272453, 0.9499204195377221, 0.9423824218058788, 0.8865141381476401, 0.7033510838910527, 0.6000655664041424, 0.4421704311308764, 0.40573009779470864, 0.3987197343152821, 0.3974985061596297, 0.39642752447349405, 0.39267502964379, 0.3856104506447249, 0.38032108466087916, 0.3678446534907203, 0.3454435313596317, 0.3313248092139876, 0.32797627285763364, 0.3256578052340395, 0.3196179113703387, 0.3090045521983111, 0.3017989495528089, 0.29462981040849906, 0.2841497624100811, 0.27039818947874145, 0.2651831795517058, 0.2643425093441819, 0.2604398844039624, 0.2540561001413781, 0.2520816943947928, 0.2518791459443484, 0.24917355406560654, 0.2451702543828001, 0.24407686042302132, 0.2439391903131533]
test_mses [22614.47154046124, 22745.143652474584, 23131.029509586693, 23192.800254061975, 23241.71119005689, 23494.77582373495, 23636.024693416603, 23666.775940470292, 23514.251440906763, 22376.0011020586, 17474.414708075765, 14833.825025557291, 10772.58587716694, 10012.068114808388, 10047.601780836596, 10036.098189467262, 10039.789078666496, 10016.097529481774, 9855.037779892236, 9714.390545535944, 9246.506177322128, 8479.832133390846, 8135.779584493201, 8035.32229642888, 7958.070816603343, 7827.095613222838, 7547.543874814649, 7344.7972849990565, 7115.5277160985115, 6841.2303525313455, 6549.3286486537845, 6419.483382072472, 6405.203201196075, 6338.779099827388, 6264.488955961874, 6215.878521178333, 6220.204684765653, 6191.396491217468, 6156.278310295702, 6126.157814671979, 6131.7624054909675]
test_rres [0.9999999998799621, 1.0057782517291758, 1.0228419207331307, 1.025573390462916, 1.0277362062466735, 1.0389265908282859, 1.0451725413211803, 1.0465323452412048, 1.0397877923440775, 0.9894549629133742, 0.7727093987013313, 0.6559439161439773, 0.47635806375575845, 0.4427283695616421, 0.4442996495254637, 0.4437909667845307, 0.4439541759575679, 0.4429065481525365, 0.43578457100254914, 0.42956522450631257, 0.4088756246047396, 0.3749737028875976, 0.3597598807011814, 0.3553177124253265, 0.3519016927461557, 0.34611003835660054, 0.3337484079787044, 0.3247830607483477, 0.31464488137666435, 0.3025155966819734, 0.28960785734699673, 0.28386616816653504, 0.2832347061025583, 0.28029746738610767, 0.2770123964206562, 0.27486286864191806, 0.27505416931321874, 0.2737802861940318, 0.27222737876240255, 0.27089546633782013, 0.27114329838679313]
step_times_seconds [1.823518991470337, 1.161020040512085, 1.1535029411315918, 1.1410832405090332, 1.1399948596954346, 1.156954288482666, 1.1528949737548828, 1.1412549018859863, 1.1402230262756348, 1.1625819206237793, 1.1631150245666504, 1.1453378200531006, 1.1413688659667969, 1.1584720611572266, 1.156296968460083, 1.1444571018218994, 1.142451286315918, 1.1609067916870117, 1.1521129608154297, 1.1474950313568115, 1.1464838981628418, 1.1577818393707275, 1.1555910110473633, 1.145198106765747, 1.1399989128112793, 1.1609768867492676, 1.1614460945129395, 1.1436960697174072, 1.146385908126831, 1.1628758907318115, 1.1673672199249268, 1.1508729457855225, 1.1461429595947266, 1.1708130836486816, 1.159665822982788, 1.1497409343719482, 1.146111011505127, 1.161958932876587, 1.1581358909606934, 1.1468307971954346, 1.146270990371704]
