date 2025-01-26T23:42:30.059438
sample_ratio 0.1
rank 1
seed 0
l2_regularization_strength 0
input_shape (256, 256, 14, 20)
input_size 18350080
num_train_samples 1835008
num_test_samples 18350080
num_iterations 10
max_num_richardson_iterations None
num_richardson_iterations None
train_mses [22671.671161670303, 22668.473543073265, 22658.33966662371, 22655.81192169728, 22633.32390669008, 22311.017356682736, 20042.500296985552, 14949.322892877844, 11344.523041400267, 10527.364308589285, 9636.550865030362, 9543.607427909084, 9543.350866127279, 9523.78152133478, 9509.859610202835, 9508.52208412536, 9508.51979205815, 9508.105793005505, 9507.844863147791, 9507.814409735616, 9507.814352701864, 9507.806401070176, 9507.800617242649, 9507.79989631838, 9507.799895162194, 9507.79971933839, 9507.799584752729, 9507.799567660595, 9507.799567635448, 9507.799563543584, 9507.79956037377, 9507.799559968964, 9507.799559968387, 9507.799559871992, 9507.799559797097, 9507.799559787516, 9507.799559787498, 9507.799559785226, 9507.799559783449, 9507.799559783225, 9507.799559783221]
train_rres [1.0000000010584482, 0.9998589607893997, 0.9994119766924613, 0.9993004831500982, 0.9983085838379282, 0.9840923159655628, 0.8840327726737766, 0.6593833688790834, 0.5003831862464286, 0.46434002348843023, 0.4250481054754409, 0.4209485648391606, 0.4209372484355198, 0.42007408556262593, 0.41946001917786735, 0.4194010236997946, 0.41940092260150347, 0.41938266196909874, 0.41937115289876475, 0.4193698096624418, 0.41936980714680216, 0.41936945641695794, 0.41936920130442157, 0.4193691695059598, 0.4193691694549628, 0.4193691616997426, 0.41936915576345046, 0.41936915500955224, 0.419369155008443, 0.4193691548279595, 0.4193691546881457, 0.41936915467029046, 0.419369154670265, 0.41936915466601327, 0.4193691546627097, 0.4193691546622872, 0.41936915466228636, 0.41936915466218616, 0.4193691546621077, 0.41936915466209795, 0.41936915466209773]
test_mses [22614.47155940971, 22617.241789047308, 22624.81187781492, 22624.783722965407, 22601.013133755256, 22257.757509730232, 19952.72614653084, 14895.086624523348, 11321.370692918057, 10503.664479548359, 9614.171989219578, 9525.826098739153, 9525.380434646338, 9505.413602446346, 9491.288061986032, 9490.322651736662, 9490.3236858898, 9489.84453877323, 9489.58628794557, 9489.600472046712, 9489.600807022332, 9489.58532973242, 9489.582879898517, 9489.588515022944, 9489.588540548839, 9489.587294761002, 9489.587874130164, 9489.588814544648, 9489.588815159648, 9489.58864765894, 9489.58876690007, 9489.588913061916, 9489.588912891595, 9489.588887541679, 9489.588907046282, 9489.588929561703, 9489.588929517398, 9489.588925615324, 9489.588928668532, 9489.588932133012, 9489.588932125056]
test_rres [1.0000000007178536, 1.000122498810825, 1.0004572441420683, 1.0004559991494775, 0.9994048762362241, 0.984226293647209, 0.8822990229259544, 0.6586528717279757, 0.5006250387634817, 0.4644665014388964, 0.4251336128223947, 0.42122700415759556, 0.4212072971265484, 0.4203243743413809, 0.41969975039501345, 0.41965706046314716, 0.4196571061928533, 0.4196359185601618, 0.4196244988448186, 0.41962512605828733, 0.41962514087073255, 0.41962445647313856, 0.41962434814277605, 0.419624597325005, 0.41962459845374667, 0.41962454336566574, 0.41962456898506445, 0.41962461056969674, 0.4196246105968917, 0.41962460319009875, 0.4196246084628786, 0.41962461492607833, 0.41962461491854686, 0.41962461379758687, 0.41962461466007017, 0.41962461565569026, 0.41962461565373105, 0.4196246154811834, 0.4196246156161947, 0.41962461576939214, 0.4196246157690403]
step_times_seconds [7.312865972518921, 5.629215240478516, 5.545861005783081, 5.458826065063477, 5.452340364456177, 5.62963604927063, 5.555020093917847, 5.484289884567261, 5.477818250656128, 5.6246888637542725, 5.520368814468384, 5.470886945724487, 5.448674917221069, 5.6204540729522705, 5.5595879554748535, 5.464725971221924, 5.495855093002319, 5.658709287643433, 5.5866029262542725, 5.4866979122161865, 5.494812250137329, 5.645801067352295, 5.574373960494995, 5.5081400871276855, 5.486128091812134, 5.613674163818359, 5.579604864120483, 5.467526197433472, 5.488371849060059, 5.598207950592041, 5.557556867599487, 5.456453800201416, 5.438949108123779, 5.627285957336426, 5.547831773757935, 5.459493160247803, 5.464666843414307, 5.620908975601196, 5.540708065032959, 5.466191053390503, 5.436520099639893]
