date 2025-01-26T23:42:30.059438
sample_ratio 0.05
rank 1
seed 0
l2_regularization_strength 0
input_shape (256, 256, 14, 20)
input_size 18350080
num_train_samples 917504
num_test_samples 18350080
num_iterations 10
max_num_richardson_iterations None
num_richardson_iterations None
train_mses [22654.834185816766, 22649.244323377854, 22629.832041596885, 22626.47942644403, 22623.999144610025, 22609.208918392826, 22598.273370857583, 22592.848106111403, 22589.526167846983, 22578.15441381906, 22566.47597233183, 22561.40311422964, 22558.00178714233, 22548.0014195765, 22539.609267560405, 22537.219070382427, 22521.48849402981, 22464.15778808613, 22075.823180238513, 21145.996706296683, 17598.08264387458, 12727.439612059405, 10060.859808222182, 9680.203460993682, 9674.127671808694, 9582.076530385657, 9513.380019958102, 9505.607746600625, 9505.56426622823, 9503.449838978004, 9501.943541738543, 9501.761156992006, 9501.76006433138, 9501.713426348671, 9501.678749681842, 9501.674396546669, 9501.674374238426, 9501.67328757289, 9501.672468492532, 9501.672364313423, 9501.672363827367]
train_rres [1.0000000007131578, 0.9997532603310808, 0.9988963888291492, 0.998748402084786, 0.9986389207345616, 0.9979860699519676, 0.9975033673440674, 0.9972638924176322, 0.9971172597722753, 0.9966153027090383, 0.9960998082498969, 0.9958758887957, 0.9957257518729646, 0.9952843287536897, 0.9949138933775907, 0.9948083884261939, 0.9941140299402824, 0.9915834130523222, 0.9744420557181918, 0.9333988740741138, 0.7767915011906026, 0.561797959620653, 0.4440932885616016, 0.42729085494510305, 0.4270226654214241, 0.4229594645728249, 0.419927153238604, 0.4195840797338822, 0.4195821604802664, 0.4194888282036145, 0.4194223392049231, 0.41941428861646274, 0.4194142403856694, 0.41941218175295736, 0.41941065110097503, 0.4194104589505871, 0.41941045796588594, 0.41941040999971996, 0.4194103738449483, 0.41941036924641056, 0.41941036922495567]
test_mses [22614.47155940971, 22619.799533397756, 22638.9765809935, 22642.24175371606, 22644.695641970717, 22660.36406949301, 22670.602108173967, 22675.274369603994, 22678.847351749493, 22691.508457794473, 22701.443336096076, 22705.9668032092, 22706.88320330981, 22714.251946008106, 22710.298409829313, 22709.56055689235, 22689.54928130504, 22596.755837707606, 22093.363961514864, 21163.078054334146, 17601.434080555227, 12733.883569304997, 10055.276228701192, 9674.508103710355, 9670.401185187482, 9580.503178238447, 9508.932384527892, 9500.829024378307, 9500.79388607073, 9498.669995000133, 9496.700117349681, 9496.450471430317, 9496.447865468434, 9496.395891066148, 9496.290865623241, 9496.27564933207, 9496.275359973535, 9496.273308707237, 9496.261799073543, 9496.260002342568, 9496.25995560639]
test_rres [1.0000000007178536, 1.0002356009165083, 1.0010835998431749, 1.001227984058226, 1.0013364937021492, 1.0020293433003535, 1.0024820639691256, 1.0026886689044259, 1.002846664289756, 1.0034065317189287, 1.0038458467956766, 1.004045872124789, 1.0040863948537353, 1.0044122367680257, 1.0042374134841279, 1.0042047860165544, 1.0033198979682487, 0.9992166208511922, 0.9769568976809356, 0.9358201456942884, 0.7783261283355813, 0.5630856129002753, 0.4446390095609147, 0.42780164397119175, 0.4276200382009648, 0.4236447957648371, 0.4204799730284795, 0.4201216467180851, 0.4201200929206635, 0.4200261755781095, 0.4199390686277352, 0.4199280294168968, 0.41992791418263725, 0.41992561590199046, 0.4199209717323176, 0.4199202988759504, 0.4199202860806686, 0.4199201953747552, 0.41991968642482586, 0.4199196069743301, 0.41991960490768093]
step_times_seconds [3.8706917762756348, 2.79799222946167, 2.7656478881835938, 2.742292881011963, 2.750525951385498, 2.7931289672851562, 2.7564961910247803, 2.7473299503326416, 2.734862804412842, 2.800217866897583, 2.7649571895599365, 2.7407779693603516, 2.741882801055908, 2.7923288345336914, 2.753906011581421, 2.755908727645874, 2.744814872741699, 2.8081579208374023, 2.761929988861084, 2.7378110885620117, 2.746187210083008, 2.8070809841156006, 2.7665247917175293, 2.759506940841675, 2.7623648643493652, 2.8132898807525635, 2.7806951999664307, 2.756171941757202, 2.7577948570251465, 2.7809219360351562, 2.756324052810669, 2.7507340908050537, 2.7381486892700195, 2.7992682456970215, 2.7768969535827637, 2.74281907081604, 2.759899139404297, 2.787429094314575, 2.7650461196899414, 2.7570879459381104, 2.7448058128356934]
