date 2025-01-26T23:42:30.059438
sample_ratio 0.09
rank 8
seed 0
l2_regularization_strength 0
input_shape (256, 256, 14, 20)
input_size 18350080
num_train_samples 1651507
num_test_samples 18350080
num_iterations 10
max_num_richardson_iterations None
num_richardson_iterations None
train_mses [22670.49759069766, 22641.680588809053, 22548.595254211334, 22528.65914349107, 22414.76726473412, 20610.35140349569, 14392.181014751319, 10602.320726311813, 9442.964268445337, 8974.712349919633, 7224.424420413295, 6533.129855881098, 6207.510278007366, 5599.843962090546, 5322.700946443716, 5219.6383942925995, 5216.659269095849, 5160.252427994693, 5105.187055841386, 5084.918309635344, 5082.143063916405, 5056.865621228732, 5025.106821394266, 5013.17059774416, 5009.032468984741, 4981.467610111494, 4923.5571866096625, 4882.495152173158, 4767.856202526436, 4586.049539980864, 4377.331310523748, 4277.392479365815, 4235.472092916758, 4154.057884746474, 4090.0036369427635, 4069.7523692871346, 4069.437737951039, 4052.710444741322, 4027.5250881518514, 4019.525685406009, 4019.4319287712533]
train_rres [1.0000000001741518, 0.9987288766896169, 0.9946228647134118, 0.9937434790429396, 0.9887196864101957, 0.9091265564255644, 0.6348418670423562, 0.4676704022812738, 0.41653096639416315, 0.39587628439020983, 0.3186707478637709, 0.2881776119329458, 0.27381446985246277, 0.24701019201993785, 0.23478536040403128, 0.23023925144648663, 0.23010784166223505, 0.22761972507435194, 0.2251907809392443, 0.2242967226536472, 0.22417430603229518, 0.22305931318350802, 0.22165842642692318, 0.22113191731063972, 0.22094938365677594, 0.21973349244098903, 0.21717905254480965, 0.21536779832423603, 0.21031105225114913, 0.20229152546970636, 0.19308492430630234, 0.1886766032813441, 0.18682748698874194, 0.1832362906394448, 0.1804108454740441, 0.17951755817066062, 0.17950367972203407, 0.17876583560786283, 0.17765490469454265, 0.17730204950399236, 0.17729791388083732]
test_mses [22614.47154046124, 22641.898607311567, 22723.772713197093, 22737.840455084464, 22649.323617022255, 20872.091345714387, 14562.113975035649, 10663.722929231917, 9490.198210373494, 9032.36175478276, 7267.840552255704, 6576.373296425971, 6241.486460839432, 5632.785458646432, 5378.039571596552, 5275.033525832512, 5275.722641096859, 5227.47348203919, 5183.64482097519, 5163.240865208765, 5168.028821732488, 5148.005163667457, 5127.147748478204, 5116.306450529433, 5121.333346344536, 5099.497843855635, 5044.907954846683, 5005.529488862088, 4892.705560881032, 4701.687547334914, 4492.239014819389, 4394.801415739935, 4356.654847854481, 4281.520408337518, 4225.5386700092395, 4205.1654027412815, 4207.313950565738, 4194.0765946614165, 4174.298414991243, 4165.580810543632, 4167.449425176845]
test_rres [0.9999999998799621, 1.001212810305267, 1.0048332400698632, 1.0054553081938304, 1.0015411403171586, 0.9229528669668502, 0.6439289968475929, 0.47154420163533795, 0.4196515577317245, 0.3994062712249571, 0.3213800746296393, 0.2908037574024348, 0.2759952382227065, 0.24907880106294977, 0.23781407234428323, 0.23325919934769873, 0.23328967166110348, 0.2311561193043504, 0.22921803903657487, 0.2283157868779308, 0.2285275077892323, 0.22764207219429472, 0.22671976829922333, 0.22624037182391446, 0.22646265850461383, 0.22549710410520138, 0.2230831680154401, 0.22134187302610492, 0.21635285845790458, 0.2079061426820606, 0.19864443908153015, 0.1943357998593655, 0.19264897875401157, 0.18932657348031262, 0.18685109054800544, 0.18595019541857197, 0.18604520306977246, 0.18545985417585517, 0.18458527350602114, 0.18419978563684997, 0.18428241479002938]
step_times_seconds [6.601062774658203, 5.266294956207275, 5.227708101272583, 5.1071460247039795, 5.132860898971558, 5.2606120109558105, 5.198594808578491, 5.079840898513794, 5.102816820144653, 5.2647740840911865, 5.186484098434448, 5.060570240020752, 5.105633020401001, 5.2490057945251465, 5.1917808055877686, 5.0769689083099365, 5.10147500038147, 5.276672124862671, 5.176860809326172, 5.086873769760132, 5.109636068344116, 5.235122919082642, 5.180078744888306, 5.079376935958862, 5.105330944061279, 5.248430967330933, 5.18564510345459, 5.072237968444824, 5.107043743133545, 5.246562957763672, 5.171506881713867, 5.103934288024902, 5.1320717334747314, 5.265696048736572, 5.206602573394775, 5.1040403842926025, 5.122570991516113, 5.2715537548065186, 5.195311069488525, 5.093402147293091, 5.103460311889648]
