date 2025-01-26T23:42:30.059438
sample_ratio 0.9
rank 16
seed 0
l2_regularization_strength 0
input_shape (256, 256, 14, 20)
input_size 18350080
num_train_samples 16515072
num_test_samples 18350080
num_iterations 10
max_num_richardson_iterations None
num_richardson_iterations None
train_mses [22611.43922386673, 22607.96696766911, 22249.8239167578, 19908.457957317743, 9720.644344733508, 5523.006561234496, 3684.2047625454093, 3301.768137601932, 3291.5479293988565, 2896.647980693993, 2688.9539567606025, 2643.020154059187, 2642.790597325294, 2575.1700682439255, 2511.9481695477075, 2484.7721697213456, 2484.7421015563436, 2449.5256466319374, 2411.775732774595, 2397.5066421370434, 2397.485794659853, 2374.846996787576, 2353.3497999648266, 2344.957411761476, 2344.9447697507044, 2330.146560966355, 2316.6610894863647, 2310.779779591724, 2310.771917338049, 2300.177850369978, 2290.384952406473, 2285.6971465490683, 2285.691643436207, 2277.402106861126, 2269.6214594879866, 2265.6360500903147, 2265.631899062956, 2258.8241695118504, 2252.3195364296844, 2248.808628657161, 2248.8054455903134]
train_rres [0.9999999986711903, 0.9998464367435911, 0.9840074161978587, 0.8804595644601648, 0.4298994077987007, 0.24425718766569493, 0.1629354381724214, 0.14602202453921825, 0.14557003171875652, 0.1281054225768805, 0.11892007079094996, 0.11688862988240777, 0.11687847764347618, 0.11388793253389558, 0.11109191862313679, 0.10989004909501028, 0.10988871931831344, 0.10833125742794254, 0.10666175229678154, 0.1060306960213575, 0.1060297740332896, 0.10502856408738313, 0.10407784190728003, 0.10370668516183323, 0.10370612606381963, 0.10305166932543272, 0.10245526892258547, 0.1021951656258162, 0.10219481791448361, 0.10172629103969663, 0.10129319618653242, 0.101085876086084, 0.10108563270870322, 0.10071902461790483, 0.10037492235684273, 0.10019866602247507, 0.10019848244161973, 0.09989740786274579, 0.09960973784717876, 0.09945446653812594, 0.09945432576571371]
test_mses [22614.471529869315, 22612.116610146535, 22258.389316252367, 19916.65627683186, 9723.173341146477, 5524.155178294506, 3684.7679833975685, 3302.2975738817568, 3292.0900966834865, 2897.0974989560873, 2689.3613213181466, 2643.425380598146, 2643.1853208208217, 2575.448583120812, 2512.19799511109, 2485.04804784159, 2485.0119014382317, 2449.676747381022, 2411.8989124165587, 2397.6659354289063, 2397.6407389038036, 2374.911203000461, 2353.404382285372, 2345.0338519561565, 2345.018182342614, 2330.1568479974467, 2316.6681422790994, 2310.7940742790574, 2310.7841367698393, 2300.146836095372, 2290.3476946992237, 2285.659948143593, 2285.652974658269, 2277.335143705352, 2269.5420083684708, 2265.5555800445663, 2265.5503363642433, 2258.726966206684, 2252.2035093608793, 2248.6935495725206, 2248.689519347863]
test_rres [0.9999999994115928, 0.9998958661039324, 0.98425423179827, 0.8807040323187182, 0.42995359509431264, 0.24427522738029583, 0.16293849610248742, 0.1460258563892138, 0.1455744871330814, 0.12810812286393305, 0.11892213869263246, 0.1168908756302921, 0.11688026031359693, 0.11388497751113631, 0.11108806988103924, 0.1098875135373871, 0.10988591516250183, 0.10832341329330063, 0.10665289736316548, 0.10602352263024374, 0.10602240845319766, 0.10501732036790029, 0.10406630010310976, 0.103696159668334, 0.1036954667662906, 0.10303830640254767, 0.10244184295246907, 0.10218209476472888, 0.10218165533331437, 0.10171127950984407, 0.10127796664743915, 0.10107067696805483, 0.10107036860421309, 0.10070255850805246, 0.10035795017519787, 0.10018167241799744, 0.10018144054522019, 0.09987971471693664, 0.09959125089706139, 0.09943604232711281, 0.09943586411270487]
step_times_seconds [63.916993856430054, 57.83108401298523, 59.27053999900818, 51.5842502117157, 52.04180288314819, 58.18283295631409, 57.98471212387085, 52.40646815299988, 51.71298003196716, 59.12965393066406, 58.721431016922, 52.2040798664093, 52.02478504180908, 58.94721603393555, 59.37913918495178, 52.335553884506226, 52.87668490409851, 58.1750590801239, 59.27632784843445, 52.03908109664917, 52.8604040145874, 59.04222822189331, 58.766030073165894, 52.60976004600525, 52.18911933898926, 59.13554620742798, 58.35927987098694, 52.639549016952515, 51.912688970565796, 58.58015513420105, 59.29870104789734, 52.53962779045105, 51.80481696128845, 59.48560380935669, 58.73418402671814, 51.916810035705566, 52.47650408744812, 58.581876039505005, 60.01511001586914, 52.719480991363525, 51.835289001464844]
