date 2025-01-26T23:42:30.059438
sample_ratio 0.04
rank 1
seed 0
l2_regularization_strength 0
input_shape (256, 256, 14, 20)
input_size 18350080
num_train_samples 734003
num_test_samples 18350080
num_iterations 10
max_num_richardson_iterations None
num_richardson_iterations None
train_mses [22660.89086237947, 22654.120516868108, 22631.77043437804, 22626.996478978734, 22623.682493105498, 22607.292901114393, 22591.492597341017, 22584.86143691413, 22579.28481683333, 22564.05369045352, 22546.29437982833, 22540.698957217486, 22530.550417920058, 22489.978444745342, 22337.573542195823, 21925.858384955405, 19670.296425965567, 14444.61817058405, 10436.110391099157, 9735.48143530013, 9713.222758745334, 9618.536758379618, 9525.478180986585, 9515.280919387516, 9515.21807641878, 9512.413563114102, 9510.422812966945, 9510.185937131975, 9510.183927531336, 9510.122236010568, 9510.076495573127, 9510.070789648555, 9510.070744536264, 9510.069312608952, 9510.06822554641, 9510.068087572501, 9510.06808653566, 9510.068052295586, 9510.068026164057, 9510.068022826576, 9510.068022802066]
train_rres [1.0000000015426482, 0.9997012336979538, 0.9987149493254516, 0.9985042799640543, 0.998358037439942, 0.9976347829078972, 0.9969375330118667, 0.996644907250709, 0.9963988171864097, 0.9957266844580097, 0.9949429857605295, 0.9946960659614159, 0.9942482221685697, 0.9924578259531824, 0.9857323664948503, 0.9675638328579376, 0.868028383163241, 0.6374249927149722, 0.4605339865311269, 0.4296160071306347, 0.42863375640076223, 0.424455368133204, 0.4203487962379622, 0.41989880238393734, 0.4198960291933679, 0.4197722691291217, 0.41968441953122554, 0.4196739664631281, 0.41967387778167886, 0.4196711554032323, 0.4196691369284164, 0.4196688851322882, 0.4196688831415328, 0.4196688199521673, 0.41966877198130204, 0.4196687658926663, 0.4196687658469117, 0.41966876433593514, 0.41966876318277974, 0.4196687630355004, 0.4196687630344188]
test_mses [22614.47155940971, 22621.101531147953, 22642.922882409803, 22647.475320068475, 22650.60711909078, 22666.09639487471, 22679.40670557023, 22683.64385141076, 22688.08774649393, 22704.76910636797, 22716.370606148037, 22718.645275401526, 22707.726918294273, 22666.868389159925, 22432.944173403142, 22017.158490730508, 19728.63856943894, 14460.771734583745, 10437.175551887152, 9733.609474686287, 9711.486836228723, 9618.855161579553, 9518.079679138653, 9507.282899215901, 9507.05895618149, 9503.82059804264, 9500.749877612066, 9500.372188612484, 9500.340201947072, 9500.208836105061, 9500.005346755124, 9499.976478184277, 9499.971415045786, 9499.959611743889, 9499.934846718472, 9499.93108127327, 9499.930268890334, 9499.928648847157, 9499.925003624268, 9499.92443639658, 9499.924307761914]
test_rres [1.0000000007178536, 1.000293174570074, 1.0012581032096926, 1.0014594096010436, 1.0015978961014391, 1.0022828237042953, 1.0028713986205877, 1.0030587629740921, 1.003255269670023, 1.0039929106023875, 1.0045059228015856, 1.0046065074758348, 1.004123703485195, 1.002316960884275, 0.991972955484451, 0.9735871319696802, 0.8723899884979747, 0.6394476964440694, 0.46152639613799357, 0.4304150754132263, 0.4294368240127756, 0.42534070023326054, 0.420884461569956, 0.4204070336582695, 0.4203971310154427, 0.4202539325271354, 0.42011814688984067, 0.42010144568155194, 0.4201000312480839, 0.42009422231986027, 0.42008522412816923, 0.42008394757519774, 0.420083723685885, 0.4200832017501026, 0.42008210665374496, 0.4200819401477448, 0.42008190422460007, 0.42008183258714554, 0.4200816713973127, 0.4200816463148036, 0.42008164062664644]
step_times_seconds [3.2071478366851807, 2.2427337169647217, 2.257209062576294, 2.2180721759796143, 2.2275149822235107, 2.2477760314941406, 2.2285749912261963, 2.2163357734680176, 2.2147469520568848, 2.2550227642059326, 2.2310752868652344, 2.2138922214508057, 2.2165071964263916, 2.2411861419677734, 2.224701166152954, 2.206220865249634, 2.205940008163452, 2.2402641773223877, 2.221125841140747, 2.2184879779815674, 2.2081220149993896, 2.2319719791412354, 2.2216451168060303, 2.2068281173706055, 2.2129967212677, 2.2474730014801025, 2.219622850418091, 2.2012171745300293, 2.207095146179199, 2.246814012527466, 2.214489221572876, 2.211703062057495, 2.2076542377471924, 2.2415599822998047, 2.2312240600585938, 2.232476234436035, 2.221750020980835, 2.248760938644409, 2.231050968170166, 2.2129769325256348, 2.2248928546905518]
