date 2025-01-26T23:42:30.059438
sample_ratio 0.03
rank 8
seed 0
l2_regularization_strength 0
input_shape (256, 256, 14, 20)
input_size 18350080
num_train_samples 550502
num_test_samples 18350080
num_iterations 10
max_num_richardson_iterations None
num_richardson_iterations None
train_mses [22613.264174252025, 22532.381639705993, 22270.174142089585, 22224.019973469804, 22165.804298996805, 21812.93806798294, 20198.270536154785, 18928.160742674863, 12367.012883269403, 9453.876197496693, 9196.193059640585, 9141.558257663939, 9023.76972365231, 8628.570243308983, 7883.162601979778, 7454.033191945825, 7091.046278842891, 6795.356350393104, 6606.236394849703, 6513.21086053069, 6500.1467734201615, 6442.983340306077, 6356.073824061577, 6302.81862448227, 6287.349203869618, 6244.971106276821, 6160.23461362458, 6109.595899840202, 6073.796941863313, 5998.765796723151, 5848.368717312326, 5774.280340281578, 5673.8900010905145, 5485.47023684015, 5327.738141997734, 5263.382109151293, 5258.073305227524, 5217.411428687474, 5151.728205341481, 5131.333427205842, 5130.207184723914]
train_rres [0.9999999973052565, 0.996423223350607, 0.9848279271169752, 0.9827869051689823, 0.9802125013205362, 0.964608109696935, 0.8932045513678575, 0.8370379678852536, 0.5468919813896145, 0.418067736668699, 0.4066725159179009, 0.40425646481583893, 0.39904763990729986, 0.3815711943913822, 0.34860790198137886, 0.32963101277286844, 0.3135790660336585, 0.30050311532727364, 0.29213988419104925, 0.28802612452541665, 0.2874484066437939, 0.284920534837249, 0.2810772367029948, 0.2787221941480842, 0.27803810800944617, 0.2761640708447077, 0.2724168677973749, 0.27017753104096015, 0.26859443549117296, 0.26527642070304674, 0.25862558613769515, 0.2553492622836866, 0.2509098174451637, 0.24257755005153547, 0.23560234765696186, 0.23275640590449714, 0.2325216408626812, 0.23072349813913864, 0.22781886558972625, 0.2269169711120638, 0.22686716660484121]
test_mses [22614.47154046124, 22695.27479742772, 22946.354104272796, 22988.804169730494, 23005.267843926693, 22976.075055121222, 21356.93033347858, 19994.15503724181, 12851.782171786774, 9857.64711975133, 9731.227232410925, 9698.81838094731, 9583.098625390154, 9179.219086363306, 8381.320226026883, 7871.182156000501, 7443.189161992805, 7136.3921761757, 6980.686660740986, 6875.55968538012, 6876.1146552820055, 6852.057410515778, 6803.418673063953, 6744.431108076511, 6727.217216153707, 6678.77260441222, 6606.874915487748, 6545.464614968638, 6476.488900434206, 6358.6933523830385, 6184.3883824196855, 6085.379655513206, 5937.8449116189795, 5716.043020559568, 5561.499097343201, 5484.135809165935, 5479.894696691819, 5446.533440117662, 5388.721400483992, 5365.035530322502, 5366.094525889868]
test_rres [0.9999999998799621, 1.0035730772703495, 1.0146756717468868, 1.0165527912443135, 1.0172808062308574, 1.0159899165123099, 0.9443921911995007, 0.8841309866148637, 0.5682990268974444, 0.4358999546344024, 0.43030973391670657, 0.4288766316042453, 0.42375956506849966, 0.4059002249439358, 0.3706175583199086, 0.348059522017693, 0.3291338976363951, 0.3155674967929633, 0.3086822810523505, 0.3040336216680197, 0.304058162144273, 0.3029943634735724, 0.3008435841657755, 0.29823518516450664, 0.2974739959459154, 0.2953318007746068, 0.2921525229043632, 0.28943699181614546, 0.2863869221117642, 0.28117806512714394, 0.2734703913205477, 0.26909227765481597, 0.26256836912073633, 0.25276040652316045, 0.24592655577757444, 0.2425055919920814, 0.24231805223613276, 0.24084283507218254, 0.2382864171818376, 0.23723904050021727, 0.2372858687254687]
step_times_seconds [2.5063791275024414, 1.750661849975586, 1.7360708713531494, 1.725316047668457, 1.7227723598480225, 1.7447233200073242, 1.7293140888214111, 1.719141960144043, 1.7104167938232422, 1.7472560405731201, 1.7393999099731445, 1.7238941192626953, 1.717155933380127, 1.7439861297607422, 1.7371740341186523, 1.723219394683838, 1.7172329425811768, 1.756424903869629, 1.7491497993469238, 1.731619119644165, 1.7263109683990479, 1.7538230419158936, 1.7288169860839844, 1.7211480140686035, 1.7208802700042725, 1.7560920715332031, 1.7343370914459229, 1.7205407619476318, 1.7158591747283936, 1.7446820735931396, 1.7271978855133057, 1.7163958549499512, 1.7158501148223877, 1.7486820220947266, 1.7349770069122314, 1.722999095916748, 1.7167859077453613, 1.7412240505218506, 1.733799934387207, 1.7227697372436523, 1.7198851108551025]
