date 2025-01-26T23:42:30.059438
sample_ratio 0.08
rank 4
seed 0
l2_regularization_strength 0
input_shape (256, 256, 14, 20)
input_size 18350080
num_train_samples 1468006
num_test_samples 18350080
num_iterations 10
max_num_richardson_iterations None
num_richardson_iterations None
train_mses [22719.1757281844, 22703.871060036632, 22627.14083035934, 22422.979096654228, 21057.57281878848, 16405.47840357795, 10882.899540941482, 9799.93634698129, 9729.06965354088, 9218.483946653065, 8308.429942833867, 7952.1818136204265, 7873.249940596826, 7765.615076908776, 7660.381458273361, 7642.641562341367, 7639.442923628992, 7623.355713429761, 7601.963998415256, 7591.378653427223, 7588.830608702665, 7584.635662291935, 7572.77394523308, 7563.965252446644, 7562.1747583849865, 7558.869716796246, 7543.978170497991, 7520.005293806635, 7445.1388230717375, 7215.6078810110685, 6844.588316512573, 6704.540230875553, 6685.360197279891, 6625.411995643718, 6570.245609657394, 6561.534853336449, 6561.211450648396, 6531.863296004353, 6499.397906520374, 6491.849384854822, 6491.640269875132]
train_rres [1.0000000029092528, 0.9993263575105199, 0.9959490241592344, 0.9869627063129491, 0.9268634184614011, 0.7220983123500262, 0.4790182400456433, 0.43135087701858904, 0.4282316312107992, 0.4057578533553893, 0.36570120617087887, 0.35002070197864665, 0.346546461795042, 0.3418088399161082, 0.3371769104746269, 0.33639607686535133, 0.3362552866025376, 0.33554719708210334, 0.33460562616717787, 0.33413970499356344, 0.3340275510685066, 0.33384290764336116, 0.3333208060831955, 0.3329330854670318, 0.33285427565067716, 0.3327088019927462, 0.3320533404337644, 0.3309981579285575, 0.3277028591972824, 0.3175998983559836, 0.3012692193728718, 0.2951049074400794, 0.29426068519007637, 0.29162202424005745, 0.28919383816469824, 0.2888104282888073, 0.2887961934990921, 0.2875044144715187, 0.2860754282280541, 0.28574317490258916, 0.28573397056424515]
test_mses [22614.471572134324, 22626.726693550863, 22639.122920420155, 22436.973603483904, 21082.388208922006, 16467.889949187746, 10936.316421407124, 9833.471371001318, 9761.490150767871, 9247.640764143143, 8331.785284074766, 7973.980585237339, 7891.72642390573, 7790.026075700654, 7699.401217514707, 7684.037707389162, 7688.143038393334, 7682.5323254281775, 7675.603832687918, 7666.421182463451, 7673.739724526413, 7675.350031493105, 7669.915912978797, 7661.779493892923, 7664.629673422597, 7664.010112150261, 7651.04484251867, 7625.360736608401, 7547.295790491316, 7321.008117115995, 6953.423119455212, 6809.001105877054, 6794.303268598884, 6733.25890195211, 6682.325961138233, 6671.825389382744, 6677.055503344701, 6647.31385927285, 6619.660597881497, 6610.555634420631, 6616.5737466979135]
test_rres [1.0000000012805292, 1.0005419162836342, 1.0010900708954111, 0.9921511347566514, 0.9322520833029967, 0.728201404916628, 0.48359814203605733, 0.43483091578006283, 0.4316479441994084, 0.40892579543534463, 0.3684271493219559, 0.35260521432098535, 0.3489679787050848, 0.34447084296565755, 0.3404634595513282, 0.33978409323953035, 0.33996562881051784, 0.33971752604347133, 0.3394111517500446, 0.339005099801984, 0.3393287218706664, 0.3393999287951182, 0.3391596349415151, 0.33879984678240027, 0.33892588021741693, 0.3388984835448415, 0.3383251661623487, 0.337189428550208, 0.3337374378208186, 0.32373111629598045, 0.30747670164123225, 0.301090436399419, 0.3004405057897159, 0.29774115610426216, 0.29548892833424173, 0.295024598591429, 0.2952558714713621, 0.2939407116625173, 0.2927178990339508, 0.2923152823535882, 0.2925814001032687]
step_times_seconds [5.925989866256714, 4.532354831695557, 4.514384984970093, 4.437558889389038, 4.438578844070435, 4.530136823654175, 4.476830005645752, 4.449710130691528, 4.425630807876587, 4.527782917022705, 4.50230598449707, 4.431025981903076, 4.429601192474365, 4.576160669326782, 4.531873941421509, 4.447179079055786, 4.454185962677002, 4.558011054992676, 4.4755799770355225, 4.442044973373413, 4.4425671100616455, 4.564377784729004, 4.504281044006348, 4.431513071060181, 4.423465967178345, 4.543911933898926, 4.5016701221466064, 4.439687013626099, 4.4378981590271, 4.546441078186035, 4.493373155593872, 4.438462018966675, 4.42453408241272, 4.537912130355835, 4.515953063964844, 4.4281439781188965, 4.430299997329712, 4.538482189178467, 4.512115001678467, 4.4410388469696045, 4.432436943054199]
