date 2025-01-26T23:42:30.059438
sample_ratio 0.09
rank 1
seed 0
l2_regularization_strength 0
input_shape (256, 256, 14, 20)
input_size 18350080
num_train_samples 1651507
num_test_samples 18350080
num_iterations 10
max_num_richardson_iterations None
num_richardson_iterations None
train_mses [22670.497591411797, 22667.311713216284, 22656.861375601584, 22655.0658748788, 22645.811830609942, 22542.986041585493, 21522.919640672633, 18326.377617091755, 12943.940155869721, 10805.616285501652, 9663.791745088, 9555.387977705173, 9554.83268917852, 9529.718029944632, 9513.940760031614, 9512.519832088077, 9512.516122526518, 9512.043802808577, 9511.764541105085, 9511.73270995875, 9511.73262456891, 9511.724094611223, 9511.718038323283, 9511.717289667416, 9511.717288011343, 9511.717104321273, 9511.716964811445, 9511.716947152358, 9511.716947117106, 9511.716942890922, 9511.71693962674, 9511.71693921058, 9511.716939209782, 9511.716939110902, 9511.716939034197, 9511.716939024398, 9511.716939024383, 9511.71693902206, 9511.716939020254, 9511.716939020018, 9511.716939020022]
train_rres [1.0000000002056524, 0.9998594705069405, 0.9993985041088846, 0.9993193042273684, 0.998911106558418, 0.9943754412678356, 0.9493801165287321, 0.8083800343139864, 0.5709596847770642, 0.4766378084183434, 0.4262717087752096, 0.42148999778858415, 0.4214655039050896, 0.42035769146569407, 0.41966175306149067, 0.41959907565716387, 0.41959891202769145, 0.4195780779142745, 0.41956575962693105, 0.4195643555489564, 0.4195643517823942, 0.4195639755243234, 0.4195637083802998, 0.41956367535694594, 0.4195636752838962, 0.41956366718129195, 0.41956366102748666, 0.4195636602485409, 0.41956366024698594, 0.4195636600605682, 0.41956365991658445, 0.41956365989822764, 0.4195636598981924, 0.41956365989383076, 0.4195636598904473, 0.4195636598900151, 0.41956365989001443, 0.41956365988991196, 0.41956365988983224, 0.41956365988982186, 0.419563659889822]
test_mses [22614.47155940971, 22617.28562086428, 22626.06197794572, 22626.589619129216, 22618.02341434823, 22506.229846620125, 21437.500655593183, 18250.37233224292, 12907.886379469808, 10774.290939024284, 9637.593090250379, 9533.715278712543, 9532.750619665083, 9507.416042258517, 9491.761917651089, 9490.725592628945, 9490.726649277181, 9490.212458482352, 9489.965728271487, 9489.982571937348, 9489.983209087837, 9489.972385534205, 9489.973222053304, 9489.979526682708, 9489.979558241732, 9489.9792207326, 9489.980290119325, 9489.981339460932, 9489.981336509049, 9489.98131709442, 9489.9815094989, 9489.981672369686, 9489.981671317768, 9489.981669217888, 9489.981699798916, 9489.981724840882, 9489.981724639425, 9489.981724341202, 9489.981729081315, 9489.981732925975, 9489.98173289258]
test_rres [1.0000000007178536, 1.0001244370306455, 1.000512522910286, 1.000535854925031, 1.0001570618692377, 0.9952136092877938, 0.9479549683336371, 0.8070218354383866, 0.5707799253600028, 0.4764334606914812, 0.426169281552751, 0.4215758595336024, 0.4215332028194882, 0.4204129211733663, 0.4197207040425109, 0.419674878296808, 0.4196749250212355, 0.4196521877755807, 0.4196412774958338, 0.4196420223138513, 0.41964205048830977, 0.41964157187647877, 0.41964160886691193, 0.41964188765429783, 0.4196418890498212, 0.4196418741253455, 0.4196419214130622, 0.41964196781439445, 0.41964196768386375, 0.4196419668253591, 0.4196419753333837, 0.4196419825354439, 0.41964198248892864, 0.4196419823960731, 0.41964198374835, 0.4196419848556925, 0.41964198484678417, 0.41964198483359694, 0.4196419850432022, 0.41964198521321106, 0.41964198521173435]
step_times_seconds [6.620441913604736, 5.074168920516968, 5.012263059616089, 4.9119040966033936, 4.943853139877319, 5.058863878250122, 4.994703054428101, 4.9516518115997314, 4.910843849182129, 5.0418620109558105, 4.976329803466797, 4.921034097671509, 4.914294004440308, 5.032153129577637, 4.955743789672852, 4.914968013763428, 4.9267120361328125, 5.056225061416626, 4.989127159118652, 4.90529203414917, 4.936237096786499, 5.040047883987427, 4.961662769317627, 4.9193220138549805, 4.907803058624268, 5.042950868606567, 5.002349853515625, 4.918354034423828, 4.940005779266357, 5.013251066207886, 4.9821789264678955, 4.958956003189087, 4.9497880935668945, 5.055368900299072, 5.003898859024048, 4.941257953643799, 4.9404990673065186, 5.0623228549957275, 5.0038001537323, 4.941622018814087, 4.917649984359741]
