date 2025-01-26T23:42:30.059438
sample_ratio 0.09
rank 16
seed 0
l2_regularization_strength 0
input_shape (256, 256, 14, 20)
input_size 18350080
num_train_samples 1651507
num_test_samples 18350080
num_iterations 10
max_num_richardson_iterations None
num_richardson_iterations None
train_mses [22670.497541154782, 22617.003006631407, 22398.82901065619, 22239.21125846631, 21083.155099278378, 14058.049369501457, 8558.529079950298, 6912.470457470274, 6495.276801334264, 5551.895392234821, 4438.830597764501, 4062.568272447002, 3933.4360201978957, 3506.4482518459386, 3129.701365013731, 2953.9373663214737, 2878.9477226790223, 2700.561484914228, 2570.529797843738, 2529.89073515444, 2524.697256874417, 2472.8746768063206, 2426.110857680585, 2402.8280987447997, 2401.0202203269023, 2369.9749857430484, 2335.3709002229107, 2318.733463262635, 2318.4585285018293, 2294.823528018057, 2270.350363410705, 2257.8725994796728, 2257.7774540979995, 2241.5802349216588, 2223.964371306935, 2214.110723172288, 2214.069992622044, 2203.0372288839426, 2189.70373340443, 2182.832207031958, 2182.808859623624]
train_rres [0.9999999979888058, 0.9976403438030661, 0.9880166469635783, 0.980975877276936, 0.9299820181980061, 0.6201032560360784, 0.37751836046830234, 0.30491039868090375, 0.2865079064312475, 0.2448951714001986, 0.19579766967086368, 0.17920066628010364, 0.17350461784733426, 0.15467010542791906, 0.13805172793573695, 0.13029874421671228, 0.1269909366418895, 0.11912228545405422, 0.1133865627786732, 0.1115939659230554, 0.11136488059927062, 0.10907897664547361, 0.10701621560783903, 0.10598920864221366, 0.10590946277819017, 0.10454005152177386, 0.1030136586674607, 0.10227977812969959, 0.10226765070462861, 0.10122510629671114, 0.10014559030842263, 0.09959519374640251, 0.0995909968653544, 0.09887653441853948, 0.0980994952932483, 0.09766484898268799, 0.09766305235029878, 0.09717639502414685, 0.09658825197927139, 0.0962851476320387, 0.09628411777337569]
test_mses [22614.471529869315, 22662.024510715313, 22757.787203534837, 22652.019587923376, 21459.66190790971, 14286.866094575113, 8678.123949716603, 6967.11940635075, 6539.029975742214, 5609.1951272541755, 4504.618632158409, 4123.90188163889, 3997.0155725046484, 3563.2244744296627, 3183.910365551344, 3006.511291474493, 2930.0313524143385, 2751.3175637555732, 2619.944297379472, 2577.7649044319355, 2571.1498859616827, 2517.948220192033, 2469.9188463058485, 2445.411745165217, 2443.060540912837, 2411.0379680229694, 2375.480446116129, 2357.912478700821, 2357.363308598438, 2333.43233767019, 2308.450257236485, 2295.389266465038, 2295.134819338047, 2278.768356744484, 2261.2017051538546, 2251.039812600946, 2250.9008715391064, 2239.4534413511583, 2226.5103142355442, 2219.5466560518616, 2219.4588668852616]
test_rres [0.9999999994115928, 1.002102767135137, 1.0063373428861861, 1.0016603547279828, 0.948934927218558, 0.63175768079738, 0.3837420623846204, 0.30808234422144415, 0.2891524554645381, 0.24803564905529762, 0.1991918592286419, 0.18235676539093493, 0.1767459197476048, 0.15756390626359362, 0.14079083649921167, 0.13294634304119926, 0.1295644404876004, 0.12166181104443334, 0.11585255451923525, 0.11398740401739808, 0.11369489139079864, 0.11134234180023772, 0.10921850822780663, 0.10813481714557893, 0.10803084813405943, 0.10661482685632451, 0.10504249199813633, 0.10426564574808059, 0.10424136173590129, 0.10318314682769268, 0.1020784524117295, 0.10150090229093578, 0.10148965077322927, 0.10076593443246423, 0.09998914636748155, 0.09953979284031608, 0.09953364893986835, 0.09902744961674499, 0.09845511136462609, 0.09814718207384486, 0.09814330008321631]
step_times_seconds [6.602781772613525, 5.4588117599487305, 5.424331903457642, 5.199565172195435, 5.321624994277954, 5.435499668121338, 5.428416967391968, 5.1907429695129395, 5.3202831745147705, 5.483999967575073, 5.451679944992065, 5.279189109802246, 5.297591209411621, 5.427757024765015, 5.537294149398804, 5.22832989692688, 5.406591892242432, 5.6631247997283936, 5.6506500244140625, 5.193957090377808, 5.454479217529297, 5.583960056304932, 5.507982015609741, 5.2187230587005615, 5.415620803833008, 5.470686912536621, 5.612659931182861, 5.199846982955933, 5.492053985595703, 5.645449161529541, 5.619268894195557, 5.2570459842681885, 5.440189838409424, 5.672045707702637, 5.65401291847229, 5.28774094581604, 5.459167003631592, 5.727649927139282, 5.717180013656616, 5.258119106292725, 5.430164098739624]
