date 2025-01-26T23:42:30.059438
sample_ratio 0.01
rank 1
seed 0
l2_regularization_strength 0
input_shape (256, 256, 14, 20)
input_size 18350080
num_train_samples 183500
num_test_samples 18350080
num_iterations 10
max_num_richardson_iterations None
num_richardson_iterations None
train_mses [22726.036548658554, 22687.53386679565, 22556.43529561465, 22542.4178660173, 22527.52574763783, 22454.868544368866, 22416.38766445136, 22409.580436947977, 22403.99600097284, 22386.11270387961, 22372.355730824544, 22365.373235695188, 22361.705246424375, 22350.003565427818, 22339.18408372081, 22332.581214938324, 22328.226427633235, 22316.71359270114, 22306.225997159054, 22300.56180248303, 22295.886746422835, 22286.2719504422, 22276.26337918131, 22271.681112546026, 22267.985491447434, 22259.266537776966, 22249.94545016099, 22246.6518057401, 22243.713994631304, 22236.07432702352, 22229.527344155325, 22227.46860838053, 22225.40933609766, 22220.329166692474, 22216.188557104557, 22215.02946191032, 22213.60139631073, 22210.026234367848, 22207.132723704584, 22206.481543414066, 22205.319050221096]
train_rres [1.0000000023209392, 0.9983057921637993, 0.9925371412508003, 0.991920340798162, 0.9912650519455657, 0.9880679610985968, 0.9863747102792368, 0.9860751759761653, 0.9858294474270564, 0.9850425395517459, 0.9844371998103641, 0.9841299533122512, 0.9839685530050982, 0.9834536510335791, 0.9829775679423216, 0.9826870259120968, 0.9824954048476022, 0.9819888125549178, 0.9815273332492775, 0.9812780951264292, 0.9810723814701551, 0.9806493074342418, 0.9802089063435065, 0.9800072756440177, 0.9798446594703063, 0.9794610046402158, 0.979050854475331, 0.9789059262375592, 0.9787766555171974, 0.9784404918571084, 0.9781524089408739, 0.978061819639252, 0.9779712067299907, 0.9777476671169087, 0.9775654703845985, 0.9775144674217877, 0.9774516291173677, 0.9772943134348235, 0.977166992040097, 0.9771383385487311, 0.977087186065843]
test_mses [22614.47155940971, 22654.09303442374, 22778.10592601541, 22791.471884019393, 22804.650370057243, 22895.125557021805, 22939.09167704171, 22945.484173460252, 22951.51688340165, 22979.087015583427, 22995.290123187642, 23002.877164328384, 23008.942299795213, 23029.978845510963, 23042.004673536412, 23050.221549305552, 23058.01632491281, 23083.48361490475, 23095.514478197183, 23103.60181512008, 23111.40287248332, 23137.051357858218, 23153.75284356105, 23162.043242281165, 23167.97714695254, 23193.20921175743, 23214.9398711085, 23222.727033167626, 23227.157398530784, 23253.1312078406, 23274.398655747722, 23280.637546382335, 23283.527635181654, 23306.41270770973, 23327.013912212708, 23331.322912847514, 23333.729862043892, 23355.15307331885, 23375.978124846817, 23378.8327907981, 23381.462014384313]
test_rres [1.0000000007178536, 1.001752041438256, 1.0072358260738998, 1.0078268616848123, 1.0084096073842945, 1.0124103724161826, 1.0143545310464632, 1.014637203865341, 1.014903967116027, 1.0161231038148058, 1.0168395966841297, 1.0171750916403686, 1.0174432887306808, 1.0183735136831227, 1.0189052894534514, 1.0192686353646505, 1.0196133162293957, 1.0207394663560223, 1.0212714647832002, 1.0216290825549645, 1.0219740411956448, 1.0231082036865053, 1.0238467345724005, 1.0242133316297, 1.024475725763476, 1.0255914743564387, 1.0265523926476128, 1.0268967368452764, 1.0270926452641267, 1.0282411934077447, 1.0291816287332625, 1.0294575091854192, 1.029585307387283, 1.0305972732200632, 1.0315082476137671, 1.031698789348363, 1.0318052233718946, 1.0327525464713556, 1.0336734192624004, 1.0337996510846135, 1.0339159139643892]
step_times_seconds [1.179825782775879, 0.5630390644073486, 0.5623981952667236, 0.5554549694061279, 0.5549659729003906, 0.5591270923614502, 0.559859037399292, 0.558020830154419, 0.5534148216247559, 0.5621709823608398, 0.5630087852478027, 0.5524559020996094, 0.5547311305999756, 0.5604019165039062, 0.5596470832824707, 0.556053876876831, 0.554642915725708, 0.5624258518218994, 0.5600049495697021, 0.5543639659881592, 0.5541849136352539, 0.5603420734405518, 0.5612730979919434, 0.5570909976959229, 0.5594851970672607, 0.5647149085998535, 0.56479811668396, 0.5588626861572266, 0.5560719966888428, 0.5600860118865967, 0.5607140064239502, 0.5587289333343506, 0.5540170669555664, 0.5619070529937744, 0.5605311393737793, 0.554267168045044, 0.5574712753295898, 0.5617809295654297, 0.5584549903869629, 0.5533533096313477, 0.5550441741943359]
