date 2025-01-26T23:42:30.059438
sample_ratio 0.07
rank 8
seed 0
l2_regularization_strength 0
input_shape (256, 256, 14, 20)
input_size 18350080
num_train_samples 1284505
num_test_samples 18350080
num_iterations 10
max_num_richardson_iterations None
num_richardson_iterations None
train_mses [22716.060029120723, 22679.594626743434, 22559.66463705272, 22536.971747001902, 22435.953045405764, 20972.976017880694, 15396.621332256784, 11388.431287168514, 9458.269966871943, 8993.592799607337, 7647.559871218746, 6966.262313799358, 6734.069491991664, 6259.129942929337, 5932.580430944756, 5836.405932774885, 5834.249804830403, 5753.8623276234275, 5669.835742407059, 5637.863126345914, 5637.028818584557, 5591.96719221539, 5541.301365885894, 5515.624670218461, 5513.3232737468625, 5477.334396530305, 5427.244575788874, 5392.229754322166, 5344.4831379101315, 5213.5683076281875, 4966.822794166172, 4846.209083242119, 4710.939974322489, 4529.932657022727, 4365.736812896096, 4315.454015679362, 4251.233799767671, 4061.7861441313153, 3931.214061843902, 3872.8301064821776, 3869.984882042287]
train_rres [0.9999999996814724, 0.9983947300035912, 0.9931152057595644, 0.992116225742145, 0.987669208898799, 0.9232664460436375, 0.6777857299027614, 0.5013383161050662, 0.41636929783308585, 0.39591341038953687, 0.33665872774499805, 0.30666683846802884, 0.2964453114322631, 0.27553765630623334, 0.2611623856183611, 0.2569286189345283, 0.2568337024771395, 0.25329490758584594, 0.24959591290622782, 0.24818842340276753, 0.24815169574136753, 0.24616800551088538, 0.24393760876741813, 0.24280727649913136, 0.24270596507153716, 0.24112167285013264, 0.23891663286250878, 0.23737522024911242, 0.23527333214282917, 0.22951023633869685, 0.2186480748077312, 0.21333845198004836, 0.20738367334752425, 0.19941542018169947, 0.19218723695521392, 0.1899737018115201, 0.1871466175456347, 0.17880680618164155, 0.17305879873323562, 0.1704886366862837, 0.1703633850169653]
test_mses [22614.47154046124, 22649.541520738992, 22757.286103952076, 22774.379982820825, 22701.952551541563, 21304.55486781223, 15634.667766356302, 11477.117914077997, 9533.956638062813, 9101.534439205245, 7743.466893182082, 7038.10379077594, 6791.319985808846, 6321.544265742981, 6001.018226365466, 5907.153470360732, 5905.396974221319, 5831.531215237733, 5749.573976751678, 5718.71868505143, 5719.126490066835, 5676.658615984007, 5630.3002238382005, 5607.658892925591, 5607.482900359663, 5576.242531217009, 5530.060321216176, 5498.247771064396, 5439.650650748481, 5300.864821611743, 5039.048383805653, 4919.10954625449, 4771.737901229633, 4584.45700529065, 4418.118434194443, 4368.630804722491, 4296.412139638342, 4099.474951169139, 3970.019805539351, 3912.181140737135, 3908.8160436963685]
test_rres [0.9999999998799621, 1.0015507759045443, 1.006315184527022, 1.0070710668316831, 1.0038683640340085, 0.9420761757415956, 0.6913567596088371, 0.5075120987092596, 0.42158653231672755, 0.4024650508338646, 0.3424120204798134, 0.31122123624859876, 0.3003085865987526, 0.2795353521161797, 0.26536185976790333, 0.26121120978143225, 0.2611335384488937, 0.2578672335590111, 0.2542431277146812, 0.25287872299528114, 0.25289675591790006, 0.25101884893246607, 0.24896890529096646, 0.2479677175838214, 0.24795993528541163, 0.24657850264467937, 0.24453634968467491, 0.24312961550160797, 0.24053848175771125, 0.23440144561818588, 0.22282406087557868, 0.21752042876009126, 0.2110037323719624, 0.20272226996496237, 0.19536686611311327, 0.1931785492480709, 0.1899850779813969, 0.1812766194134747, 0.17555218117565735, 0.17299458593440706, 0.1728457831187259]
step_times_seconds [5.234837055206299, 4.116225004196167, 4.058820724487305, 3.9907448291778564, 3.988440990447998, 4.092949867248535, 4.044018030166626, 3.9792702198028564, 3.977189064025879, 4.0909130573272705, 4.047489881515503, 3.982741117477417, 3.9979848861694336, 4.090314865112305, 4.042760848999023, 3.9879150390625, 3.985480785369873, 4.11396598815918, 4.063232183456421, 3.9916980266571045, 3.9912540912628174, 4.096022129058838, 4.065711975097656, 3.9870409965515137, 3.9832229614257812, 4.09263014793396, 4.047358989715576, 4.00136399269104, 4.0106799602508545, 4.115847826004028, 4.0712268352508545, 4.004868030548096, 3.997469902038574, 4.098212242126465, 4.040431976318359, 3.9899299144744873, 3.9869329929351807, 4.0874083042144775, 4.045261859893799, 3.9852428436279297, 3.9927849769592285]
