date 2025-01-26T23:42:30.059438
sample_ratio 0.5
rank 16
seed 0
l2_regularization_strength 0
input_shape (256, 256, 14, 20)
input_size 18350080
num_train_samples 9175040
num_test_samples 18350080
num_iterations 10
max_num_richardson_iterations None
num_richardson_iterations None
train_mses [22610.854759402322, 22603.304778706577, 22379.397528853908, 21232.92087341261, 14246.654750966278, 6987.565071745052, 4692.455542866792, 3960.478045571538, 3764.5395635284767, 3321.8682088230507, 2908.7868322991935, 2822.5322452632504, 2817.985341734168, 2714.261744511699, 2637.9933754632357, 2603.943292528848, 2603.8751583861376, 2558.204865958274, 2510.432026699749, 2486.5643279946307, 2486.536368698424, 2451.821944820329, 2416.619480508549, 2401.0603281701815, 2401.040119559444, 2376.204034508741, 2353.873560731839, 2344.082666629594, 2344.068343418488, 2327.66548225957, 2312.5498434330816, 2305.805798091859, 2305.794798166459, 2294.023096610601, 2282.8386323847617, 2277.8177068051596, 2277.8087266464063, 2268.6501477517977, 2259.8278552684974, 2255.7431242818784, 2255.735100989227]
train_rres [0.9999999981090242, 0.9996660885438262, 0.9897634443575795, 0.9390587423251808, 0.6300803253845139, 0.30903586498100344, 0.2075310988427891, 0.17515826271165072, 0.16649258050912058, 0.14691475567327408, 0.12864559335551792, 0.1248308509324359, 0.12462975709636172, 0.1200424206984222, 0.11666933420010986, 0.11516341665597805, 0.11516040331821147, 0.11314056404952964, 0.11102773639765494, 0.10997215053352216, 0.10997091399043472, 0.10843561494129039, 0.10687873154967181, 0.1061906039899441, 0.10618971023290066, 0.10509129598593767, 0.10410369627012461, 0.10367067884606376, 0.10367004537991527, 0.10294460349359826, 0.10227609100440897, 0.10197782517588405, 0.10197733868718221, 0.10145671699203368, 0.1009620667754142, 0.10074000858152748, 0.10073961142012727, 0.1003345591134036, 0.09994437959296999, 0.09976372605190044, 0.09976337120938247]
test_mses [22614.471529869315, 22616.52974776524, 22419.58243586483, 21277.280441431347, 14270.532510524336, 6998.862977694581, 4703.029566318342, 3968.3624147434903, 3771.5350811786943, 3327.3603887785675, 2914.3626454072505, 2827.8239086823173, 2823.059448711214, 2718.940573285899, 2642.778572371044, 2608.548077007294, 2608.4499491965794, 2562.4233316331106, 2514.865534739858, 2490.906185302924, 2490.864360942202, 2455.87027036222, 2420.917865811111, 2405.3128519838438, 2405.288591497271, 2380.3432966913892, 2358.2069100577205, 2348.3892258422293, 2348.374887883863, 2331.9129223062027, 2316.951811595662, 2310.1956232817147, 2310.1843499402635, 2298.364352700737, 2287.3089872462588, 2282.279120077682, 2282.26900035079, 2273.0695577191022, 2264.3497949066, 2260.2537219408105, 2260.2439470627723]
test_rres [0.9999999994115928, 1.0000910127210125, 0.9913821065003037, 0.9408701149973147, 0.6310354183284299, 0.3094860281980175, 0.2079654860534441, 0.17547889222912164, 0.16677529138711164, 0.14713412084053917, 0.1288715785307259, 0.12504488125152075, 0.12483419934537907, 0.12023011760831394, 0.11686227411175265, 0.11534861966714638, 0.11534428050712986, 0.1133090077626134, 0.11120602707600066, 0.11014655728511075, 0.1101447078339466, 0.10859728761175964, 0.10705171072377544, 0.10636166524570739, 0.10636059245979125, 0.10525752468488188, 0.10427866534733753, 0.10384453253124465, 0.10384389851429054, 0.10311595908195711, 0.10245438665998048, 0.10215563157737557, 0.10215513307616456, 0.1016324590345908, 0.10114359660712388, 0.1009211785347416, 0.10092073104575773, 0.1005139365463097, 0.10012835323538181, 0.0999472270499669, 0.09994679481001739]
step_times_seconds [35.58805012702942, 32.43336319923401, 32.59833478927612, 28.966833114624023, 29.338521003723145, 32.34200692176819, 32.59450006484985, 28.43217420578003, 29.214210033416748, 32.72964572906494, 32.51990818977356, 29.456269025802612, 29.387885093688965, 32.71865105628967, 32.92933464050293, 28.639150142669678, 29.333112955093384, 32.53442883491516, 32.80298709869385, 29.260504007339478, 29.320545196533203, 32.575732946395874, 32.360201835632324, 29.14809799194336, 28.647341012954712, 32.54869985580444, 32.86282420158386, 28.772080183029175, 29.166532039642334, 32.261213064193726, 32.93042612075806, 28.38929510116577, 29.278357982635498, 32.494372844696045, 32.559611082077026, 28.828212022781372, 28.84379005432129, 32.435441970825195, 32.82271194458008, 29.074902057647705, 29.23913311958313]
