date 2025-01-26T23:42:30.059438
sample_ratio 0.09
rank 4
seed 0
l2_regularization_strength 0
input_shape (256, 256, 14, 20)
input_size 18350080
num_train_samples 1651507
num_test_samples 18350080
num_iterations 10
max_num_richardson_iterations None
num_richardson_iterations None
train_mses [22670.49764927629, 22656.755699929527, 22584.426384787654, 22346.652092862107, 20788.41896681845, 15939.024540941562, 10745.804789262354, 9776.660869579218, 9706.366551089672, 9135.208422190772, 8171.952463895339, 7758.658897239024, 7468.915610306052, 7100.386078660948, 6755.719405095993, 6698.771799155161, 6696.984424161232, 6659.3293006749, 6610.4995523639145, 6595.145973317516, 6593.747376550028, 6580.3409917992085, 6549.26054873286, 6535.451368006207, 6518.115318494363, 6453.3705952147375, 6326.664028193605, 6284.66945517702, 6232.2915882503385, 6193.33265402042, 6118.449613644479, 6093.441567600139, 6093.135921435154, 6053.315322142532, 5983.315171031402, 5958.546105618131, 5958.336967797576, 5929.1752029538475, 5875.83987028937, 5854.0876985879, 5853.96977212135]
train_rres [1.0000000027580662, 0.9993938427347063, 0.9962033827606761, 0.9857151131046753, 0.9169811508225941, 0.7030734318887468, 0.4739995118388164, 0.4312503875209813, 0.4281496916398891, 0.4029557969442239, 0.36046639173335476, 0.34223593317924356, 0.3294553011783685, 0.31319939280075526, 0.29799607967337133, 0.29548410984461393, 0.2954052683905572, 0.29374429366592913, 0.2915904040953921, 0.2909131547766399, 0.2908514624047749, 0.29026010420015147, 0.2888891398908143, 0.2882800142783829, 0.28751531780687817, 0.2846594156357027, 0.27907036464393314, 0.2772179759675977, 0.27490757820388495, 0.2731890921370997, 0.26988598685282444, 0.26878287714168353, 0.2687693950306793, 0.26701290075258743, 0.26392518065102055, 0.26283261242138684, 0.2628233873119795, 0.2615370562673194, 0.25918442450613344, 0.25822493203719954, 0.2582197302781248]
test_mses [22614.471572134324, 22625.20944708096, 22629.001648365986, 22395.689062714115, 20834.14870713007, 15992.469943871047, 10793.3303920923, 9807.723756144529, 9736.392944569563, 9161.71326538844, 8195.709798901862, 7778.6085177065925, 7476.647042165253, 7112.745563944543, 6771.000721209151, 6713.627523396702, 6712.54922899247, 6674.590331127513, 6628.545322682131, 6615.348443425215, 6614.631084440739, 6602.560947292226, 6573.572576728558, 6561.48998686859, 6538.899429799978, 6468.473540181629, 6342.254001532517, 6299.335137919225, 6246.107905166558, 6201.2971982042145, 6126.473519627238, 6100.69692232437, 6100.0914831496475, 6059.63774681722, 5989.989263411866, 5964.098021793046, 5963.683612602625, 5933.7508582887895, 5880.309297874788, 5857.561598120569, 5857.304551625123]
test_rres [1.0000000012805292, 1.0004748244452508, 1.0006425135852681, 0.9903255541459806, 0.9212750635075974, 0.7071785831182489, 0.477275375260728, 0.43369236983581505, 0.43053815898287606, 0.4051261267766873, 0.3624099631625046, 0.34396596457518697, 0.3306133874448821, 0.31452185607630934, 0.29941007943881737, 0.29687306690226917, 0.2968253852926338, 0.2951468628565696, 0.29311077687695813, 0.29252721783903324, 0.29249549660322605, 0.2919617615068534, 0.29067991105510516, 0.29014562530640214, 0.28914668279184985, 0.28603248711038587, 0.2804511257061128, 0.27855327620158865, 0.2761995960525282, 0.2742180902332659, 0.2709094266443723, 0.2697695991116504, 0.2697428269107804, 0.2679539840339883, 0.264874164845095, 0.2637292678012093, 0.2637109428454556, 0.262387332242542, 0.26002417463737887, 0.2590182833561792, 0.25900691689577104]
step_times_seconds [6.642642974853516, 5.115617990493774, 5.097506999969482, 4.964570999145508, 4.9659059047698975, 5.1161370277404785, 5.050924777984619, 4.990588903427124, 4.921252012252808, 5.09928297996521, 5.0425028800964355, 4.942125082015991, 4.921900987625122, 5.090909242630005, 5.067964792251587, 4.937347888946533, 4.946807861328125, 5.094581127166748, 5.045104742050171, 4.962946891784668, 4.924485683441162, 5.1001222133636475, 5.059036731719971, 4.934767246246338, 4.931753396987915, 5.0776121616363525, 5.070409059524536, 4.936476945877075, 4.954179048538208, 5.096421003341675, 5.045409202575684, 5.004040956497192, 4.976802110671997, 5.1153600215911865, 5.0684332847595215, 4.949371814727783, 4.952020883560181, 5.110444068908691, 5.083852052688599, 4.950084924697876, 4.950994253158569]
