date 2025-01-26T23:42:30.059438
sample_ratio 0.02
rank 1
seed 0
l2_regularization_strength 0
input_shape (256, 256, 14, 20)
input_size 18350080
num_train_samples 367001
num_test_samples 18350080
num_iterations 10
max_num_richardson_iterations None
num_richardson_iterations None
train_mses [22684.164355585446, 22667.477396927952, 22612.596275225802, 22604.12274481924, 22599.48355431696, 22572.237234695785, 22550.34331754164, 22541.700880877535, 22538.894175100228, 22520.282107485466, 22502.067869816052, 22494.11947034033, 22491.305014545003, 22477.34801186453, 22465.364517016922, 22461.202993502953, 22455.640854768575, 22445.475788977066, 22435.836709436953, 22433.10763649248, 22427.677918647878, 22419.158419670846, 22411.765295716537, 22409.950726557396, 22406.516925434957, 22400.724902408885, 22396.373260850487, 22395.436703126146, 22393.30132708943, 22389.50175570825, 22386.212624069973, 22385.312881562037, 22382.350933674483, 22376.745995284724, 22367.213494972875, 22360.135699325776, 22340.990671917898, 22279.08331259721, 22027.0557857112, 21284.794337781583, 19392.57154673525]
train_rres [1.0000000026022733, 0.9992643811158769, 0.9968450227923928, 0.9964714789273518, 0.9962669666322709, 0.9950658503264208, 0.9941006872784054, 0.9937196974146784, 0.9935959676734979, 0.9927754804220638, 0.9919725309533817, 0.9916221367589204, 0.9914980653689175, 0.9908827902149373, 0.9903545144234669, 0.9901710594167247, 0.989925860225709, 0.9894777473634224, 0.9890528218773389, 0.9889325144721908, 0.9886931528728998, 0.9883175825470261, 0.9879916669057154, 0.9879116741347488, 0.98776029976285, 0.9875049664408748, 0.9873131303431677, 0.9872718434915959, 0.9871777083932605, 0.9870102095455396, 0.9868652127277033, 0.9868255488240139, 0.9866949754491771, 0.9864478894945664, 0.986027662406311, 0.9857156475771741, 0.984871665530598, 0.9821425652423369, 0.971032280393788, 0.9383107113632577, 0.854894687466195]
test_mses [22614.47155940971, 22631.14224002251, 22683.683834220625, 22690.212294489356, 22695.354196604825, 22729.00299454968, 22752.862029873086, 22764.33722217882, 22766.51972788263, 22792.07378616961, 22810.564501222743, 22821.343255498563, 22824.897791803516, 22844.28981264508, 22854.30810530861, 22860.463975463772, 22869.281887707, 22887.606576273934, 22897.64149811354, 22902.827111653576, 22911.361972738177, 22928.471667970556, 22939.47355621033, 22943.899116970195, 22950.072963442828, 22959.385166778917, 22966.601463212795, 22969.404562413452, 22972.730158218405, 22974.88805364709, 22973.33167640844, 22974.68122847474, 22973.926871365285, 22967.38377759499, 22938.13717374624, 22931.35576979071, 22902.917355311325, 22784.194393707585, 22237.368157358243, 21459.385233622703, 19488.59089795327]
test_rres [1.0000000007178536, 1.0007371694189204, 1.003060530992849, 1.0033492160614461, 1.0035765882600691, 1.0050645203517217, 1.0061195543054384, 1.0066269812547626, 1.0067234905054714, 1.0078534774803247, 1.0086711271440734, 1.0091477579711632, 1.0093049376911565, 1.010162442621331, 1.010605446237153, 1.0108776555675105, 1.0112675789944805, 1.012077887054607, 1.0125216260038212, 1.012750931098576, 1.0131283381526521, 1.0138849198485682, 1.014371417541816, 1.0145671135036436, 1.0148401177372754, 1.0152518984555783, 1.0155709992764885, 1.0156949508441961, 1.015842006936071, 1.0159374279333986, 1.015868605753067, 1.0159282822334004, 1.0158949249600273, 1.0156055928057117, 1.0143123234143439, 1.0140124533093722, 1.012754921625508, 1.0075050549029065, 0.9833246872429622, 0.9489226928275628, 0.8617752071166201]
step_times_seconds [1.8274853229522705, 1.1201961040496826, 1.1222641468048096, 1.112513780593872, 1.1106681823730469, 1.1206028461456299, 1.118884801864624, 1.1066110134124756, 1.1087372303009033, 1.1202311515808105, 1.1172778606414795, 1.1107299327850342, 1.103752851486206, 1.122074842453003, 1.119570016860962, 1.1017649173736572, 1.110753059387207, 1.1123590469360352, 1.1119048595428467, 1.1086399555206299, 1.1001179218292236, 1.1169726848602295, 1.1184980869293213, 1.1103382110595703, 1.1127102375030518, 1.1097161769866943, 1.1175029277801514, 1.1044199466705322, 1.1088929176330566, 1.1226978302001953, 1.124648094177246, 1.1122829914093018, 1.1103272438049316, 1.1233999729156494, 1.1129977703094482, 1.1055560111999512, 1.107107162475586, 1.1174559593200684, 1.1151881217956543, 1.1058428287506104, 1.0994930267333984]
