date 2025-01-26T23:42:30.059438
sample_ratio 0.05
rank 4
seed 0
l2_regularization_strength 0
input_shape (256, 256, 14, 20)
input_size 18350080
num_train_samples 917504
num_test_samples 18350080
num_iterations 10
max_num_richardson_iterations None
num_richardson_iterations None
train_mses [22654.834211469995, 22629.74601917982, 22539.364616747323, 22464.090687284977, 21978.224244957066, 18889.66289899281, 12817.38444118499, 10016.9072902277, 9951.092647796642, 9795.706688757184, 9431.754679951255, 9344.050994693602, 9202.746191908078, 8675.212111521647, 8040.046502268594, 7686.5599181784555, 7523.076772859032, 7211.5438855392995, 6803.622174997223, 6723.352031895297, 6707.5874589658115, 6575.553816308061, 6404.948343380519, 6356.352367309027, 6280.781229300383, 6172.101762664638, 6094.697146073398, 6064.527959995807, 6063.51494627667, 6042.761846004027, 6007.3693250480555, 5983.566405466166, 5983.525119607497, 5972.873719183577, 5945.473278851214, 5925.671640909896, 5925.645805403273, 5917.203927420904, 5893.467314645493, 5876.9027021456, 5876.881781158571]
train_rres [1.0000000018455089, 0.9988925917403504, 0.9949030943220227, 0.9915804511766957, 0.970133971423664, 0.8338027441529517, 0.5657681863922107, 0.44215319411353265, 0.4392480904196288, 0.43238924705420023, 0.4163241544527572, 0.4124528533167238, 0.4062155618968308, 0.3829298438714517, 0.3548931959535572, 0.3392900544146298, 0.3320737956640642, 0.3183225192262546, 0.3003165736745378, 0.2967733942144372, 0.2960775350961834, 0.2902494790764853, 0.2827188358746905, 0.2805737759855931, 0.2772380138501169, 0.27244082726195423, 0.26902413411772, 0.2676924454436094, 0.2676477303196076, 0.26673167416500393, 0.2651694238880467, 0.26411874660638435, 0.2641169242201175, 0.263646764061621, 0.26243728973366237, 0.2615632317823649, 0.26156209138528985, 0.26118946107075525, 0.2601417106172472, 0.25941053720075513, 0.2594096137339634]
test_mses [22614.471572134324, 22636.845074971672, 22688.073556137057, 22617.869391819353, 22166.506020749337, 19096.020708644843, 12942.047854906716, 10092.251204411701, 10032.68037388483, 9904.319284039837, 9552.8052009635, 9466.572921910418, 9309.850882131459, 8767.798569446119, 8116.371692086939, 7746.125763233879, 7570.823800669586, 7263.1035777699635, 6861.981721597988, 6785.644771480307, 6769.170060931478, 6636.35625013908, 6442.962741411819, 6395.256793470139, 6313.006403866944, 6204.425171558549, 6126.9623315769595, 6097.732362891625, 6096.452166728544, 6073.771470144221, 6038.205061550928, 6015.491886646858, 6015.284573770214, 6002.670461521605, 5975.147546931478, 5956.358409603922, 5956.20571469593, 5946.170468105687, 5922.440301215737, 5906.772649995787, 5906.667853074769]
test_rres [1.0000000012805292, 1.0009893457714951, 1.003254642179929, 1.0001502510742748, 0.9801912009497443, 0.84441596046967, 0.5722905277798597, 0.44627402347843714, 0.443639832782752, 0.43796377311450263, 0.42242000582349065, 0.4186068599408444, 0.4116766940300583, 0.3877074267557624, 0.35890167393879, 0.3425295943106554, 0.33477783401726957, 0.32117060811715875, 0.3034332112734541, 0.30005763161544896, 0.2993291286072148, 0.2934561719679748, 0.28490441304855757, 0.28279488120074947, 0.27915781236868936, 0.2743564075646421, 0.2709310416508865, 0.2696385078576679, 0.26958189825878187, 0.2685789698224033, 0.2670062419996289, 0.2660018773890871, 0.2659927101230624, 0.26543492073477065, 0.2642178719729821, 0.26338702623370913, 0.2633802741454412, 0.26293652083592506, 0.26188718537634365, 0.2611943701058193, 0.26118973604126383]
step_times_seconds [3.8892617225646973, 2.83156418800354, 2.7913808822631836, 2.7849390506744385, 2.7606728076934814, 2.809605121612549, 2.791285991668701, 2.787811040878296, 2.7646799087524414, 2.816971778869629, 2.7799718379974365, 2.760556936264038, 2.7555739879608154, 2.8161838054656982, 2.7951090335845947, 2.785271167755127, 2.775446891784668, 2.8289639949798584, 2.7951619625091553, 2.792232036590576, 2.763798952102661, 2.8422069549560547, 2.8082799911499023, 2.785400629043579, 2.7763330936431885, 2.832030773162842, 2.802600860595703, 2.7947967052459717, 2.765486717224121, 2.8182289600372314, 2.7915141582489014, 2.7828140258789062, 2.75567889213562, 2.816072940826416, 2.781747817993164, 2.7686309814453125, 2.7627649307250977, 2.8262898921966553, 2.7777891159057617, 2.7824559211730957, 2.7756519317626953]
