date 2025-01-26T23:42:30.059438
sample_ratio 0.8
rank 16
seed 0
l2_regularization_strength 0
input_shape (256, 256, 14, 20)
input_size 18350080
num_train_samples 14680064
num_test_samples 18350080
num_iterations 10
max_num_richardson_iterations None
num_richardson_iterations None
train_mses [22608.855517371467, 22604.763505222738, 22273.678492135426, 20157.43874453536, 10708.482260750303, 5821.840279343039, 3904.679349621919, 3464.25604963549, 3430.51394926093, 2962.0533564973075, 2668.0036135543087, 2610.1762658965604, 2609.733870717292, 2532.372296621587, 2475.885854500291, 2451.700731200719, 2451.676803566603, 2427.1963824588515, 2397.0813764990003, 2384.761558316094, 2384.7483197698675, 2369.0649727079835, 2348.100663603907, 2339.0947337841185, 2339.085062030874, 2326.685837383046, 2310.0823932390704, 2302.237870098304, 2302.2302037007194, 2291.984021365298, 2278.432580448784, 2271.6637971070354, 2271.657385764084, 2263.315217962462, 2252.501249416701, 2247.0271204918454, 2247.021607997773, 2240.458706331452, 2231.9731961946654, 2227.6261352518986, 2227.621523670524]
train_rres [0.9999999991918223, 0.9998190076267128, 0.9851749663763564, 0.8915727163967518, 0.47364105820695374, 0.2575026528947809, 0.17270574989813578, 0.15322562631151326, 0.15173319781059402, 0.13101297196700445, 0.1180070176196284, 0.11544928763782628, 0.11542972029711895, 0.11200798256370106, 0.10950956144582344, 0.10843984240314818, 0.10843878407296963, 0.10735600387345189, 0.10602400341405781, 0.10547909223253057, 0.10547850668558834, 0.104784825086484, 0.10385756412579425, 0.10345922773916953, 0.10345879995310892, 0.10291037658739365, 0.10217599867437634, 0.10182903183528097, 0.10182869274701652, 0.1013754994255205, 0.10077611300831996, 0.10047672663154926, 0.10047644305492413, 0.10010746516533256, 0.09962915840059107, 0.09938703517961577, 0.0993867913594868, 0.09909651122319356, 0.09872119323669004, 0.09852892074700503, 0.0985287167746559]
test_mses [22614.471529869315, 22612.74601959398, 22289.174937512667, 20170.635394925535, 10715.111230338425, 5827.37243167949, 3907.336024023367, 3465.7462744502286, 3431.858766981855, 2962.961286179025, 2668.923800910543, 2611.4616399480565, 2610.983714004831, 2533.387362537013, 2476.9970699696883, 2452.889979507661, 2452.8604247825556, 2428.2228809676126, 2398.1596794073575, 2385.8215758310594, 2385.808592512153, 2370.0465051502547, 2349.0964801286627, 2340.028421661775, 2340.0200382720623, 2327.614343105732, 2311.0073816738095, 2303.082413333223, 2303.075608352095, 2292.865069352311, 2279.300154649557, 2272.449882139134, 2272.4434849488493, 2264.1492910240813, 2253.3174706288673, 2247.7740099722487, 2247.7676932256386, 2241.24334240668, 2232.7400718793588, 2228.343692116209, 2228.337700397113]
test_rres [0.9999999994115928, 0.9999236982576153, 0.9856155557275744, 0.8919348549186968, 0.47381656519724547, 0.2576833343442847, 0.17278033742966012, 0.15325347169105333, 0.1517549839902165, 0.13102058478448644, 0.11801840232326455, 0.11547745588315965, 0.11545632225010911, 0.11202505252887461, 0.10953150354367441, 0.10846550072260466, 0.1084641938282539, 0.10737473463979111, 0.10604535572846621, 0.1054997712980389, 0.105499197182527, 0.10480220599563125, 0.10387580694263573, 0.10347482218163549, 0.10347445147256554, 0.10292587817768908, 0.10219152710518153, 0.10184108918645962, 0.10184078827378452, 0.10138928362640462, 0.10078945025524423, 0.10048653481911105, 0.10048625193873188, 0.10011948705948485, 0.09964050967659381, 0.09939538077114782, 0.0993951014479455, 0.09910659809704904, 0.09873058796074821, 0.09853618236719913, 0.09853591741654201]
step_times_seconds [57.1150803565979, 51.26950669288635, 51.09289598464966, 46.26961421966553, 46.31294631958008, 51.66411280632019, 51.569751024246216, 46.57340693473816, 46.08440613746643, 51.02474594116211, 52.43929600715637, 46.44263410568237, 46.0771758556366, 51.988155126571655, 51.346036195755005, 46.364269971847534, 46.335350036621094, 51.028913259506226, 52.11829495429993, 46.049607038497925, 46.14363479614258, 51.38058876991272, 51.733201026916504, 47.21251821517944, 46.21273589134216, 52.27489995956421, 51.547094106674194, 46.42289113998413, 46.22789120674133, 51.87410092353821, 52.29795002937317, 46.812299966812134, 46.20841693878174, 51.27020001411438, 52.45012879371643, 46.14570331573486, 45.86701583862305, 52.18127989768982, 51.47213387489319, 46.37646985054016, 46.52071404457092]
