date 2025-01-26T23:42:30.059438
sample_ratio 0.06
rank 16
seed 0
l2_regularization_strength 0
input_shape (256, 256, 14, 20)
input_size 18350080
num_train_samples 1101004
num_test_samples 18350080
num_iterations 10
max_num_richardson_iterations None
num_richardson_iterations None
train_mses [22709.94260311983, 22626.83902504298, 22334.711042925614, 22234.611296141768, 21390.8451242981, 16954.939881118607, 11684.616784482785, 8540.298454199237, 7661.915359235155, 6762.4925246900775, 5201.727323360198, 4765.356572255636, 4500.195575984484, 3664.0022083019776, 3212.9297512164285, 3062.283459722125, 3045.1047044286966, 2931.8799172253784, 2816.395703628206, 2760.5671532755446, 2746.61815553477, 2677.6954697171723, 2581.6907463592684, 2534.414078096301, 2506.084178538789, 2448.0569578259865, 2392.0621934654064, 2368.541508090678, 2367.1535720538254, 2347.90262482565, 2323.713737273308, 2312.4385453842247, 2312.3141705643175, 2299.163499911144, 2282.9525624525595, 2274.680047107535, 2274.5721184875833, 2264.7351574059935, 2252.848023770753, 2246.44735430924, 2246.3878549333167]
train_rres [0.9999999902336741, 0.9963406424881709, 0.9834772027001629, 0.9790694528632042, 0.9419154107615189, 0.7465866388055915, 0.5145154646389026, 0.37605988355156195, 0.33738153452461034, 0.2977767305196253, 0.2290506569507505, 0.20983569218977058, 0.1981597052304255, 0.16133912077852575, 0.14147678732558863, 0.1348432923557534, 0.1340868503239142, 0.1291011580182906, 0.12401597508817387, 0.1215576443568689, 0.12094342010063375, 0.11790850775633713, 0.11368107644582816, 0.11159931566697205, 0.11035184887342142, 0.10779670282306908, 0.10533105309456538, 0.10429535320064375, 0.10423423741327462, 0.10338654935978214, 0.10232142613429313, 0.10182493911202221, 0.10181946244390085, 0.10124039138438469, 0.10052656583301425, 0.10016229739743061, 0.10015754491430974, 0.09972438833802814, 0.09920095533219071, 0.0989191109651282, 0.09891649099481908]
test_mses [22614.471529869315, 22692.08202989016, 22887.589628707687, 22865.877691371308, 22006.729862644945, 17503.450930982857, 12014.14263420792, 8689.85930934074, 7772.668532048196, 6906.964494162674, 5344.570621268357, 4902.457480451607, 4626.781870492067, 3771.783644000288, 3320.8498419228617, 3166.2154072668804, 3148.868117708365, 3031.5941552254912, 2916.5915775922313, 2856.78953898347, 2839.0178355862663, 2764.5603003960155, 2662.688347282746, 2611.7777411588963, 2580.5571651289647, 2516.6658426668796, 2459.144208466373, 2434.453299068622, 2432.5569924309043, 2411.998679377625, 2387.8237193972286, 2375.8734435673127, 2375.528826469158, 2362.271739900898, 2346.2273720595945, 2337.5139650265787, 2337.2463149986215, 2327.7029339196556, 2316.1211093873762, 2309.428740895811, 2309.22582742794]
test_rres [0.9999999994115928, 1.0034318947743772, 1.0120771376421693, 1.0111170472286068, 0.9731259835379934, 0.7739933651584584, 0.531259048493367, 0.3842609937954974, 0.3437033015433732, 0.30542232574286826, 0.23633409301934982, 0.21678408319609738, 0.20459385317311338, 0.1667862827039381, 0.14684622789361465, 0.14000837477992364, 0.13924128678826328, 0.1340554940422788, 0.12897014073593707, 0.12632572614085857, 0.12553987079317672, 0.12224739787166294, 0.11774267385373599, 0.11549143371192457, 0.11411087631219383, 0.11128563574267165, 0.10874205942736022, 0.10765024044098193, 0.1075663867619739, 0.10665730900554571, 0.10558830503018235, 0.10505987013807797, 0.10504463135182127, 0.10445840997835475, 0.10374893649759392, 0.10336363423588155, 0.10335179889286032, 0.1029297956167393, 0.10241765344661752, 0.10212172044288634, 0.10211274771639643]
step_times_seconds [4.572551012039185, 3.6237308979034424, 3.6068389415740967, 3.5130550861358643, 3.558145046234131, 3.637938976287842, 3.598234176635742, 3.5244240760803223, 3.5244390964508057, 3.662842035293579, 3.6099350452423096, 3.556847095489502, 3.5615150928497314, 3.663130283355713, 3.6164848804473877, 3.5304782390594482, 3.529283046722412, 3.641202926635742, 3.6497271060943604, 3.576446771621704, 3.536649227142334, 3.7000882625579834, 3.6145708560943604, 3.58121919631958, 3.5934181213378906, 3.715630054473877, 3.6964378356933594, 3.576326847076416, 3.5832431316375732, 3.6971640586853027, 3.644251823425293, 3.580820083618164, 3.583528995513916, 3.7201578617095947, 3.6814727783203125, 3.627413034439087, 3.63906192779541, 3.74617600440979, 3.6979410648345947, 3.619778871536255, 3.625779390335083]
