date 2025-01-26T23:42:30.059438
sample_ratio 0.04
rank 2
seed 0
l2_regularization_strength 0
input_shape (256, 256, 14, 20)
input_size 18350080
num_train_samples 734003
num_test_samples 18350080
num_iterations 10
max_num_richardson_iterations None
num_richardson_iterations None
train_mses [22660.890802034002, 22644.84013251374, 22595.149842453924, 22588.028883400737, 22564.58216085588, 22422.548387011673, 20939.128960225917, 17250.191055701936, 13220.964560592569, 10283.822495534008, 9553.390524005617, 9510.616632209549, 9508.564209527727, 9478.179453545212, 9464.897308627076, 9461.352160704542, 9459.138315767932, 9454.12788088958, 9449.194347466195, 9447.404316353766, 9444.696400775498, 9440.019712242474, 9436.279015583266, 9435.718862054762, 9433.44815856592, 9429.608554805924, 9427.078541813014, 9426.890333128815, 9425.016308327728, 9422.222797247268, 9419.825589280932, 9419.733128450891, 9417.881081241243, 9414.865906788615, 9411.371867398166, 9411.285645785705, 9408.76448491944, 9401.759897361497, 9387.72212498704, 9385.591061602989, 9374.44582970254]
train_rres [0.9999999988796696, 0.9992917006206778, 0.9970989231858347, 0.9967846831540806, 0.9957500052712285, 0.9894822122296446, 0.9240205568126967, 0.7612318150717922, 0.5834265149273845, 0.4538136904613508, 0.4215805370036543, 0.41969297255961624, 0.4196024014211092, 0.4182615558112029, 0.4176754294748956, 0.4175189860257156, 0.4174212915019888, 0.4172001865632417, 0.4169824752004821, 0.4169034831111569, 0.41678398579753, 0.41657760871515315, 0.41641253591692573, 0.4163878169624606, 0.4162876133338329, 0.416118175874854, 0.416006529205172, 0.4159982237645063, 0.4159155251267802, 0.4157922505784964, 0.415686464447466, 0.4156823842534989, 0.41560065546252806, 0.4154675991552721, 0.41531341106897574, 0.4153096062047664, 0.41519835016962353, 0.41488924548299466, 0.41426977414440674, 0.41417573267885793, 0.4136839059459494]
test_mses [22614.471543462947, 22629.00022125072, 22672.487404914573, 22673.03777273005, 22664.676739748626, 22548.700441377023, 21057.991895836756, 17350.40581090569, 13312.343052080014, 10331.281091847355, 9603.036326584384, 9569.713500401514, 9569.301509095889, 9551.83295502801, 9547.794450562427, 9549.934501989099, 9551.156281242496, 9552.894435146212, 9557.15316599884, 9558.483166780283, 9561.156462200468, 9564.751038687953, 9569.202279794112, 9569.577972488141, 9572.072397356958, 9577.840720546283, 9581.850261729223, 9581.911208638403, 9583.719543453804, 9589.817744817994, 9594.46531623776, 9594.465887308363, 9595.75533192889, 9600.196391666666, 9604.699437015299, 9604.747131465867, 9604.67783366171, 9590.891519524932, 9589.342795180557, 9585.731259252174, 9573.345936909966]
test_rres [1.000000000012696, 1.0006424504789841, 1.0025654307962923, 1.0025897677707127, 1.0022200473036453, 0.9970916365799998, 0.9311732912101249, 0.767225790696903, 0.5886647860271208, 0.4568437989860937, 0.42464119969596226, 0.4231676819036384, 0.42314946386547475, 0.4223770136211908, 0.42219843308448124, 0.42229306502945446, 0.42234709146341576, 0.4224239517119693, 0.42261227054332007, 0.42267108247615276, 0.4227892941891739, 0.4229482444649131, 0.4231450759981046, 0.42316168893081507, 0.42327199108242863, 0.423527063290431, 0.4237043630860635, 0.4237070581262311, 0.42378702173767124, 0.4240566809845188, 0.4242621941405921, 0.4242622193930328, 0.4243192379538277, 0.4245156192722811, 0.42471474156174227, 0.4247168505851823, 0.42471378627284473, 0.42410416273552454, 0.42403567896213995, 0.4238759787488722, 0.4233283063295294]
step_times_seconds [3.1931540966033936, 2.2454609870910645, 2.257654905319214, 2.22485089302063, 2.2298460006713867, 2.2506649494171143, 2.2428431510925293, 2.207149028778076, 2.219717025756836, 2.2525038719177246, 2.2184741497039795, 2.2129180431365967, 2.216784715652466, 2.2516608238220215, 2.222055196762085, 2.2190001010894775, 2.2153611183166504, 2.2484121322631836, 2.3199269771575928, 2.21134877204895, 2.222963333129883, 2.2368719577789307, 2.2258212566375732, 2.2169649600982666, 2.209468126296997, 2.247047185897827, 2.2371461391448975, 2.197288990020752, 2.2057809829711914, 2.2525038719177246, 2.230271100997925, 2.2114827632904053, 2.2161877155303955, 2.245239019393921, 2.2279582023620605, 2.2219300270080566, 2.225979804992676, 2.2505338191986084, 2.2369682788848877, 2.23376202583313, 2.2303779125213623]
