date 2025-01-26T23:42:30.059438
sample_ratio 0.2
rank 16
seed 0
l2_regularization_strength 0
input_shape (256, 256, 14, 20)
input_size 18350080
num_train_samples 3670016
num_test_samples 18350080
num_iterations 10
max_num_richardson_iterations None
num_richardson_iterations None
train_mses [22637.914002313733, 22614.879802727875, 22471.928680036828, 22195.17037397507, 19179.485973561503, 10647.583146356612, 6512.397107134441, 5371.098102638637, 4970.991951459419, 4201.009953820815, 3418.182638309485, 3151.8566957988555, 3110.150960301936, 2836.293204694973, 2644.244098453292, 2553.349650250192, 2546.6612106374278, 2475.3032805597913, 2404.365161635724, 2369.502582437308, 2369.3779302346225, 2340.213292509276, 2305.1192633228748, 2287.155410351362, 2287.108070499096, 2267.023793156907, 2240.9996424912365, 2228.7877803564284, 2228.7611546809044, 2212.020091150888, 2191.357070789911, 2182.6437584787877, 2182.6272606378757, 2169.1737385602923, 2153.359852079889, 2147.006370059455, 2146.9960913681894, 2136.623399107406, 2124.777690349584, 2119.972546902877, 2119.965989185245]
train_rres [0.9999999986292428, 0.9989824932375391, 0.992667815901081, 0.9804423826896066, 0.847228501058482, 0.4703429446137623, 0.2876765543654738, 0.23726117586307677, 0.21958701425128352, 0.1855740748742522, 0.15099371051920366, 0.13922911321053197, 0.1373868173419511, 0.12528951212188622, 0.1168059961071686, 0.11279085371952567, 0.11249540071961973, 0.1093432582575303, 0.1062096603995484, 0.10466965193644245, 0.10466414558976661, 0.10337583617740698, 0.1018256037162929, 0.10103207420005511, 0.1010299830245079, 0.10014278655788092, 0.09899320402004914, 0.0984537611139218, 0.09845258495981657, 0.09771307055467496, 0.09680030887837646, 0.09641540979720278, 0.09641468102683604, 0.09582038943010295, 0.09512183184846755, 0.09484117515849709, 0.09484072111086488, 0.09438252110862504, 0.09385925254508277, 0.09364699166982593, 0.09364670199129711]
test_mses [22614.471529869315, 22632.201938707607, 22607.703866131138, 22348.250765856046, 19303.13547861986, 10692.841591363604, 6552.512159100592, 5396.017714409302, 4992.665566699031, 4221.279325096407, 3441.9406965623, 3173.9595405405203, 3132.0172565607436, 2857.5367170761597, 2662.747121133583, 2571.1921553827483, 2564.5179684486284, 2493.198635314346, 2421.2713267710183, 2386.6982883016685, 2386.5732962522106, 2357.679536898996, 2322.453374274794, 2304.9025189229883, 2304.8553721821627, 2284.726146004931, 2258.8330538380806, 2247.0110303128035, 2246.9756106154405, 2230.05311923679, 2209.5758046929163, 2201.1361683468535, 2201.1076610174896, 2187.4578711636573, 2171.806061412702, 2165.588093667444, 2165.5650380975717, 2155.049902368822, 2143.3101715434477, 2138.544536165701, 2138.5236908034713]
test_rres [0.9999999994115928, 1.000784028735667, 0.999700736891783, 0.9882278576878741, 0.8535744663219776, 0.47283181351148074, 0.2897486304993001, 0.23860905633400087, 0.2207730371751987, 0.18666274456323628, 0.15220080159692892, 0.14035081626739573, 0.13849615059901166, 0.1263587659618981, 0.11774527280241029, 0.11369676052229634, 0.1134016314974426, 0.11024792821509449, 0.10706734058093273, 0.10553853906092629, 0.1055330119784464, 0.10425534518450649, 0.10269766285896784, 0.10192157329533168, 0.1019194884913275, 0.10102938473016726, 0.099884405856024, 0.09936164221316345, 0.09936007597283386, 0.09861177233255901, 0.09770627628748106, 0.09733308002110137, 0.09733181944203768, 0.09672823293647766, 0.09603611816735415, 0.09576116291432572, 0.09576014340919034, 0.09529516965516412, 0.09477604495207473, 0.09456531107007143, 0.09456438929915187]
step_times_seconds [14.135537147521973, 11.982067823410034, 11.965181827545166, 11.427922248840332, 11.422040224075317, 12.327337980270386, 12.361285924911499, 11.319436073303223, 11.423458099365234, 12.36380910873413, 12.963538885116577, 11.34403395652771, 11.277305126190186, 12.154380083084106, 12.13400912284851, 11.316781044006348, 11.271964073181152, 12.130202770233154, 12.071188926696777, 11.52881407737732, 12.03363823890686, 12.53768014907837, 12.10508394241333, 11.30368185043335, 11.277742862701416, 12.088641881942749, 12.04256296157837, 11.323616981506348, 11.45726203918457, 12.86798882484436, 12.097880840301514, 11.316259622573853, 11.344656229019165, 12.142969131469727, 12.143208026885986, 11.316445112228394, 11.415813207626343, 12.80938196182251, 12.586347818374634, 11.311232089996338, 11.33509612083435]
