date 2025-01-26T23:42:30.059438
sample_ratio 0.1
rank 2
seed 0
l2_regularization_strength 0
input_shape (256, 256, 14, 20)
input_size 18350080
num_train_samples 1835008
num_test_samples 18350080
num_iterations 10
max_num_richardson_iterations None
num_richardson_iterations None
train_mses [22671.67111920765, 22664.83796319991, 22639.30588947797, 22615.53778527208, 22309.623490907223, 18848.615587807737, 12499.472867265617, 9737.773166258585, 9631.755232672469, 9572.224818117093, 9479.651558513871, 9453.905113444785, 9361.128053347215, 9075.268325433988, 8599.043169607608, 8357.066966647819, 8342.604230527131, 8155.812057604997, 7929.065017593259, 7894.6932709669545, 7894.396648614371, 7807.814378656861, 7745.696816100754, 7737.480403050545, 7737.40510911201, 7716.452099412736, 7700.055565597677, 7694.51744945861, 7694.4961565316335, 7688.096893293708, 7679.894831076773, 7673.781762497429, 7673.77226492804, 7670.636989663167, 7663.616458445511, 7656.642254065946, 7656.636259688314, 7654.709798358895, 7647.487419730753, 7639.973760133212, 7639.969235725881]
train_rres [0.9999999991855093, 0.999698602964373, 0.9985724365884188, 0.9975240752187801, 0.9840308354612344, 0.8313730149555228, 0.5513256076873505, 0.4295128094936649, 0.4248365801613707, 0.422210818072909, 0.41812760519278774, 0.4169919833450315, 0.41289978125131804, 0.4002911064792932, 0.37928581079841883, 0.3686127465372802, 0.3679748254933103, 0.3597358133892691, 0.34973447565660615, 0.3482184097954889, 0.3482053264038509, 0.34438636354788227, 0.34164648777168133, 0.34128407897524476, 0.34128075791708024, 0.3403565644788446, 0.3396333476627797, 0.33938907294189846, 0.33938813375542, 0.3391058756369484, 0.3387440998257553, 0.3384744651551471, 0.33847404623722394, 0.33833575580217684, 0.338026094852394, 0.3377184772825548, 0.33771821288309367, 0.33763324070271394, 0.3373146766857836, 0.33698326487445684, 0.3369830653123115]
test_mses [22614.471543462947, 22620.198776495323, 22631.660032635595, 22606.193976039245, 22292.883157163724, 18814.73287262674, 12480.24650823159, 9729.269761357715, 9626.640237898173, 9572.120239671387, 9483.187838350963, 9459.740359896588, 9354.766802365939, 9064.590769670709, 8581.344402317192, 8339.849820446614, 8325.05973379767, 8133.221894492562, 7906.791044052301, 7873.334748604503, 7872.933681041887, 7788.020621876513, 7727.966693928018, 7720.127495545733, 7719.966036264926, 7700.584697524585, 7685.028219853116, 7679.417451730141, 7679.34438753445, 7673.931829214869, 7666.084057549113, 7659.7764483320225, 7659.731636660565, 7657.274109042958, 7650.543344569487, 7643.330525993167, 7643.294205258462, 7641.86841541242, 7634.988608419626, 7627.19626193372, 7627.162719833526]
test_rres [1.000000000012696, 1.0002532552356378, 1.0007600659350782, 0.9996339703485538, 0.9857795312440475, 0.8319775607714475, 0.5518699158812598, 0.4302231755795164, 0.42568495220057967, 0.4232741066443306, 0.41934156277963613, 0.4183047276535263, 0.4136628523247028, 0.4008314212589261, 0.37946252186055207, 0.3687837588653826, 0.36812974903717566, 0.359646780998818, 0.34963412825970996, 0.3481547085269109, 0.34813697353089956, 0.34438216285565315, 0.34172660984687114, 0.34137996463045217, 0.34137282498624255, 0.3405157924129481, 0.33982789317808126, 0.3395797879719851, 0.3395765571118011, 0.3393372166386335, 0.33899019231614275, 0.3387112731645257, 0.33870929161605695, 0.33860062104142447, 0.33830299018763155, 0.3379840431557476, 0.3379824370720222, 0.33791938939729227, 0.33761516796193136, 0.3372705945116507, 0.33726911129767734]
step_times_seconds [7.327687978744507, 5.6540820598602295, 5.6257102489471436, 5.495906114578247, 5.511136054992676, 5.66333532333374, 5.586935043334961, 5.48971700668335, 5.485261917114258, 5.6478118896484375, 5.557690143585205, 5.477783203125, 5.478199243545532, 5.623403072357178, 5.5771400928497314, 5.482682943344116, 5.480808973312378, 5.65759801864624, 5.6168389320373535, 5.5722291469573975, 5.504093170166016, 5.683196067810059, 5.6021833419799805, 5.544105052947998, 5.448724985122681, 5.65897798538208, 5.614264965057373, 5.4899561405181885, 5.492218017578125, 5.660700082778931, 5.588307857513428, 5.489336013793945, 5.48526406288147, 5.633854866027832, 5.556656837463379, 5.46997594833374, 5.472286939620972, 5.636133193969727, 5.558619976043701, 5.474661111831665, 5.487952947616577]
