date 2025-01-26T23:42:30.059438
sample_ratio 0.7
rank 16
seed 0
l2_regularization_strength 0
input_shape (256, 256, 14, 20)
input_size 18350080
num_train_samples 12845056
num_test_samples 18350080
num_iterations 10
max_num_richardson_iterations None
num_richardson_iterations None
train_mses [22612.898303582333, 22608.019883977602, 22310.365410197617, 20547.922490756737, 11653.567374020691, 6201.207177692318, 4154.979389727996, 3670.31634527602, 3648.5367026737185, 3184.2849515724756, 2872.974909407038, 2777.8400972083477, 2777.5877068957184, 2663.7367892213483, 2566.1078100704362, 2535.192821596206, 2535.1482342128998, 2494.735944312427, 2456.0848320676405, 2439.1107180603435, 2439.0974705153694, 2417.2976234646303, 2393.910564399826, 2382.4862953645475, 2382.476084769419, 2367.6412131654324, 2351.6761637019968, 2343.680209420512, 2343.671548661236, 2332.8342199926337, 2321.386073542709, 2315.543030020144, 2315.5359888605803, 2307.411317124079, 2298.710037194031, 2294.140367479228, 2294.134778808332, 2287.795808918408, 2280.718217763428, 2276.891028759023, 2276.8865468602]
train_rres [0.9999999993521401, 0.9997842632029709, 0.9866212237026344, 0.9086815056427049, 0.5153504522073872, 0.2742331872023857, 0.1837437789377897, 0.16231074378982716, 0.16134759248141037, 0.14081719675027465, 0.12705027321025084, 0.12284316933263842, 0.12283200798971469, 0.11779723022385111, 0.11347982792641118, 0.11211268833912065, 0.11211071657138533, 0.11032358210804724, 0.1086143314095809, 0.10786369282409668, 0.10786310698389222, 0.10689906218326786, 0.10586482682185257, 0.10535961652662619, 0.10535916498808455, 0.10470312915423369, 0.10399711397481003, 0.1036435124961779, 0.10364312949532795, 0.10316387519912547, 0.10265760898376403, 0.10239921470628861, 0.102398903328266, 0.1020396096356945, 0.10165481685912979, 0.10145273441704328, 0.1014524872717717, 0.10117216186630108, 0.10085917274587182, 0.10068992469325401, 0.10068972649226447]
test_mses [22614.471529869315, 22613.623611198316, 22328.74606181856, 20562.76758196821, 11658.850626516816, 6206.954268385625, 4159.318704642467, 3673.0311211245003, 3651.299314094501, 3186.2335518199, 2875.559526054514, 2780.7336704227296, 2780.4533048974254, 2665.789113604993, 2568.015796587889, 2537.173226958272, 2537.124358966173, 2496.521398023764, 2457.731748628544, 2440.782126107019, 2440.7683210445416, 2418.949796717492, 2395.3692005264816, 2383.950311883934, 2383.940227077002, 2369.142611412037, 2352.9859939212215, 2344.9917209685314, 2344.9838817092623, 2334.2192405760593, 2322.6053285766425, 2316.764037183812, 2316.758404704759, 2308.728164547751, 2299.887814106255, 2295.320369762823, 2295.3163408284545, 2289.081682426299, 2281.8848665271257, 2278.0597229670657, 2278.0565922176934]
test_rres [0.9999999994115928, 0.9999625048953322, 0.9873653699662288, 0.9092747333365504, 0.515548223369164, 0.2744682428919566, 0.1839228786178551, 0.16241949824526755, 0.1614585292043369, 0.14089356657026908, 0.12715572506589243, 0.12296257576099967, 0.12295017814539459, 0.11787978810450798, 0.11355630361226884, 0.11219246145611977, 0.11219030053929244, 0.11039485902897948, 0.10867960119856047, 0.1079300978334624, 0.10792948738088333, 0.10696468374683012, 0.10592196222464065, 0.10541702499359606, 0.1054165790487544, 0.10476223629143135, 0.10404779919039325, 0.10369429665828997, 0.10369395001038116, 0.10321794325901175, 0.10270438219802286, 0.10244608337456027, 0.10244583430930829, 0.10209074132640676, 0.10169982569414812, 0.10149785571511448, 0.10149767755776241, 0.10122198425269213, 0.10090374485074845, 0.10073459902070962, 0.10073446058062419]
step_times_seconds [49.57349967956543, 44.85031795501709, 45.870680809020996, 40.137306928634644, 40.59660530090332, 45.36016917228699, 45.848872900009155, 40.452962160110474, 40.31785178184509, 45.308682680130005, 45.91035866737366, 40.55594086647034, 40.500147104263306, 45.19320797920227, 44.967111110687256, 40.46383786201477, 41.25914716720581, 45.148768186569214, 45.57003307342529, 40.70489311218262, 40.47330617904663, 45.15371799468994, 44.88990092277527, 40.437461137771606, 40.54375600814819, 46.026262044906616, 45.40516209602356, 40.82384920120239, 40.89075803756714, 45.48352098464966, 45.1621789932251, 40.61536002159119, 40.89895820617676, 45.383710861206055, 45.073062896728516, 40.43705773353577, 40.48854684829712, 45.134552001953125, 45.05833601951599, 40.58925533294678, 41.04025411605835]
