date 2025-01-28T11:36:04.233235
sample_ratio 0.3
rank 16
seed 0
l2_regularization_strength 0
input_shape (100, 100, 100)
input_size 1000000
num_train_samples 300000
num_test_samples 1000000
num_iterations 10
max_num_richardson_iterations None
num_richardson_iterations None
train_mses [21.035412900838814, 20.983032825527694, 20.31483924792458, 11.97004546534999, 6.339079899695306, 3.6451525776805576, 2.1725610972592535, 1.2378968606542704, 0.8150225396233075, 0.5567442635871772, 0.35147568065372026, 0.26778439783842706, 0.20632348786064741, 0.14173373630475514, 0.11739005208875433, 0.09618898974406934, 0.06826617578440156, 0.057750465726295185, 0.04767208710657862, 0.03436079002233397, 0.0293455022358114, 0.024188422825806574, 0.017860834276062287, 0.015413694953325646, 0.01279008592682102, 0.009640265521336094, 0.008379562639958645, 0.006980396024460371, 0.005346514944074546, 0.004656344749137804, 0.003906653461921665]
train_rres [0.9999994070554747, 0.9975093183417632, 0.965744161910023, 0.5690422348353211, 0.30135258912459023, 0.17328637348316264, 0.10328106319055953, 0.05884819720371362, 0.03874523691083119, 0.02646698384734408, 0.01670875080536803, 0.012730163192872537, 0.009808382012507938, 0.006737859291502679, 0.005580588459867339, 0.004572714268209055, 0.003245295712908215, 0.002745390915581687, 0.0022662763533286565, 0.0016334725546044055, 0.0013950515244883221, 0.0011498898831907, 0.0008490835796651353, 0.0007327493825065335, 0.0006080260179965173, 0.0004582871679599412, 0.0003983547986837334, 0.00033184002226998893, 0.0002541671893530828, 0.00022135728973487367, 0.00018571782564520518]
test_mses [21.056763065298654, 21.048074571842363, 20.470061768003678, 12.172329101170995, 6.509391375453118, 3.776353859347758, 2.2679050012331103, 1.3010974334173349, 0.8589530382284951, 0.5877424267157588, 0.37196012814525914, 0.28269961701303103, 0.21756947044767944, 0.1495888385837495, 0.12356806128255877, 0.10120289383929484, 0.07195427650503168, 0.060790537648436636, 0.05024524349915433, 0.036296889207883876, 0.03097397441590188, 0.025588304721457414, 0.018925621194627918, 0.016320117578188367, 0.013572863912468513, 0.010238310171205989, 0.008892133142610375, 0.007421795055772999, 0.005685251794662545, 0.0049469373462906075, 0.00415534839862397]
test_rres [1.0000031543154257, 0.9995905305500543, 0.9721402227662357, 0.578074011603255, 0.3091363989774001, 0.1793421790162233, 0.107704690786892, 0.061790196976345454, 0.04079239268512569, 0.027912375649482367, 0.01766469519894147, 0.013425639442307331, 0.01033255472627556, 0.0071040980976155976, 0.0058683497872871184, 0.004806209423134269, 0.0034171683106458254, 0.0028869930868505532, 0.0023861883154920865, 0.001723769393574957, 0.001470979752278837, 0.001215209828580497, 0.000898793458107345, 0.000775055928889777, 0.0006445865721845228, 0.00048622584745413157, 0.0004222947830883519, 0.0003524672070175267, 0.00026999732627989965, 0.00023493416035268597, 0.00019734094423807808]
step_times_seconds [0.021630048751831055, 0.03769993782043457, 0.052326202392578125, 0.03658175468444824, 0.02801990509033203, 0.036535024642944336, 0.02487325668334961, 0.0281069278717041, 0.03276181221008301, 0.027652978897094727, 0.03315019607543945, 0.03767800331115723, 0.033238887786865234, 0.04019498825073242, 0.03719496726989746, 0.028863191604614258, 0.03355693817138672, 0.02263665199279785, 0.029510021209716797, 0.02534174919128418, 0.028637170791625977, 0.023147106170654297, 0.036679983139038086, 0.037611961364746094, 0.024167776107788086, 0.03149223327636719, 0.029783248901367188, 0.03722190856933594, 0.02786397933959961, 0.04106926918029785, 0.0275881290435791]
