date 2025-01-28T11:36:04.233235
sample_ratio 0.2
rank 16
seed 0
l2_regularization_strength 0
input_shape (100, 100, 100)
input_size 1000000
num_train_samples 200000
num_test_samples 1000000
num_iterations 10
max_num_richardson_iterations None
num_richardson_iterations None
train_mses [21.075277966255907, 21.01713723813474, 20.58034437690287, 15.188149294314776, 10.183949883825585, 7.056337566369073, 4.985821019331068, 3.4117379699207637, 2.458271709313071, 1.818597978622598, 1.2890330240467605, 0.9810981205542197, 0.7680041769215623, 0.5654501681933483, 0.45533246452509823, 0.3759677583274273, 0.28704707862056633, 0.24243882095722605, 0.208716469455562, 0.16449939529899532, 0.14359525892109845, 0.12704840731388065, 0.10264185120749159, 0.09116696341516539, 0.08180982420608957, 0.06721233567502218, 0.06015872299304451, 0.054181495505279474, 0.04500263419109048, 0.04042115538667938, 0.03617902618982877]
train_rres [1.0000009369824092, 0.9972422173730594, 0.9765168313924589, 0.7206625483024041, 0.48321827319730937, 0.33481618554836207, 0.23657223875958236, 0.1618835667136557, 0.11664254282227811, 0.08629066176629857, 0.06116333240832837, 0.046552128109378185, 0.03644103284225412, 0.026830046982799685, 0.02160507168126804, 0.01783929546289136, 0.013620097824485516, 0.011503480452609502, 0.009903388479782008, 0.007805332375469443, 0.0068134519363039405, 0.006028320317265736, 0.004870253552311048, 0.004325781561836384, 0.0038817946311998056, 0.003189158347491958, 0.002854471454992492, 0.002570857967289396, 0.0021353301451028004, 0.0019179435414949306, 0.0017166587385877886]
test_mses [21.056763065298654, 21.051032360716558, 20.734707236250063, 15.474953201557971, 10.487136596768684, 7.345960816632805, 5.241906812525829, 3.6203983432779014, 2.6292891632209323, 1.9561181081978254, 1.3960293617191684, 1.066636483284559, 0.83613968167682, 0.6185808978417926, 0.4983952216906367, 0.4110096108077589, 0.3149377160287243, 0.2657115079995046, 0.22828333988238672, 0.18046426097783064, 0.15733627292849228, 0.1389670295040998, 0.11256710391100555, 0.09991825035077305, 0.08957275741937064, 0.07376135480387629, 0.06602338689744836, 0.05945162005649756, 0.0494838779020948, 0.0444723662605148, 0.03983844098144533]
test_rres [1.0000031543154257, 0.9997309983985465, 0.9847084556993309, 0.7349183711880306, 0.4980428209209506, 0.3488657760611097, 0.2489425051180819, 0.17193572212068264, 0.12486712457535108, 0.09289767246491096, 0.06629859304143329, 0.050655451860513366, 0.039708967448233795, 0.02937692023806258, 0.023669202727921928, 0.01951918754022818, 0.014956653521007515, 0.012618860045744853, 0.010841365277850191, 0.00857039753258359, 0.007472030184735018, 0.006599659568709386, 0.005345905191319171, 0.0047452006376571855, 0.004253884591963549, 0.0035029879588669524, 0.0031355054407599028, 0.00282340677915666, 0.002350030431382087, 0.0021120295841518012, 0.001891960626660032]
step_times_seconds [0.022747039794921875, 0.04989910125732422, 0.03975677490234375, 0.04091691970825195, 0.041893959045410156, 0.039481163024902344, 0.023021936416625977, 0.04319024085998535, 0.037019968032836914, 0.029900074005126953, 0.03127026557922363, 0.04327511787414551, 0.03927493095397949, 0.03725695610046387, 0.027539968490600586, 0.03263998031616211, 0.027708768844604492, 0.043179988861083984, 0.03352189064025879, 0.0782017707824707, 0.030282974243164062, 0.037561893463134766, 0.02922677993774414, 0.028642892837524414, 0.025181293487548828, 0.03406500816345215, 0.023193836212158203, 0.03440713882446289, 0.030279874801635742, 0.03906679153442383, 0.028428077697753906]
