date 2025-01-28T11:36:04.233235
sample_ratio 0.7
rank 16
seed 0
l2_regularization_strength 0
input_shape (100, 100, 100)
input_size 1000000
num_train_samples 700000
num_test_samples 1000000
num_iterations 10
max_num_richardson_iterations None
num_richardson_iterations None
train_mses [21.06396416056012, 21.023423372460332, 19.051214412080107, 2.341836144347296, 0.37406479697120465, 0.1807399042591428, 0.06598082927224133, 0.02397236288840836, 0.015398752009390735, 0.005368420483804068, 0.00209405541935039, 0.0014390340870110664, 0.0005431566225048107, 0.00019046884457305335, 0.00013311759586343783, 4.59658963836246e-05, 1.7261985999179408e-05, 1.2187863534542023e-05, 4.311170237575364e-06, 1.6603393381775427e-06, 1.162767200587578e-06, 4.1744467271556466e-07, 1.6268548196669006e-07, 1.1333775427657475e-07, 4.199669983612158e-08, 1.7236116661694208e-08, 5.6325256558335874e-08, 3.327014136311049e-08, 4.0793804560399835e-08, 1.6215045731835815e-05, 1.0545353864320448e-05]
train_rres [1.0000014632796708, 0.9980768090639082, 0.9044471469907905, 0.11117753302549514, 0.01775854447345731, 0.00858053913092892, 0.0031324078087917218, 0.0011380762796570473, 0.0007310482692001521, 0.00025486315388612365, 9.941426350601194e-05, 6.831744403623813e-05, 2.578609672683811e-05, 9.042415844918373e-06, 6.319693180116478e-06, 2.182208595410183e-06, 8.195043974967332e-07, 5.786128990674694e-07, 2.0467071217749785e-07, 7.882380330038468e-08, 5.520180784480908e-08, 1.981798299559809e-08, 7.723414205463714e-09, 5.380654812051899e-09, 1.993772917999588e-09, 8.18276263269857e-10, 2.6740141859622777e-09, 1.5794837948369969e-09, 1.936666049286517e-09, 7.698014170259306e-07, 5.006355505896363e-07]
test_mses [21.056763065298654, 21.034971419749674, 19.103160089470542, 2.363063168569024, 0.3782262706686805, 0.1820754156411916, 0.06641708158577889, 0.024124846689987847, 0.015509266175841694, 0.005417655904846343, 0.002113194294828892, 0.0014523545941320178, 0.0005492578787377041, 0.000192997302595913, 0.00013473842045743894, 4.666431409458046e-05, 1.7551430121143646e-05, 1.2379416138283974e-05, 4.395971439844142e-06, 1.6966982046334555e-06, 1.1861152625582344e-06, 4.276505597124387e-07, 1.672080430357241e-07, 1.1616681525156279e-07, 4.322955886966278e-08, 1.7785990174787447e-08, 5.663541047893862e-08, 3.3472463053469917e-08, 4.0944422541512585e-08, 1.6227442409510812e-05, 1.0577034581099027e-05]
test_rres [1.0000031543154257, 0.9989682509820347, 0.9072249275742206, 0.11222383113147846, 0.017962279508048212, 0.008646912604746135, 0.0031542023282609345, 0.0011457089920492837, 0.0007365479228152802, 0.00025728897537771175, 0.00010035735093551909, 6.897352507660553e-05, 2.6084712525235106e-05, 9.165602080993182e-06, 6.398839415492373e-06, 2.2161270060282356e-06, 8.335319834991686e-07, 5.879087468704288e-07, 2.0876833217396116e-07, 8.057760593559258e-08, 5.6329598251243875e-08, 2.030948001509132e-08, 7.94084874033615e-09, 5.5168584705111926e-09, 2.053007629675489e-09, 8.446714351229915e-10, 2.689662648967279e-09, 1.5896350513312723e-09, 1.9444846088719324e-09, 7.706547082122741e-07, 5.023121508088426e-07]
step_times_seconds [0.018920183181762695, 0.036518096923828125, 0.03315567970275879, 0.04283595085144043, 0.03769803047180176, 0.037255048751831055, 0.03282618522644043, 0.03689908981323242, 0.021667957305908203, 0.02868509292602539, 0.027758121490478516, 0.034218549728393555, 0.032691001892089844, 0.03100109100341797, 0.0279538631439209, 0.046736717224121094, 0.03224587440490723, 0.03815507888793945, 0.037178993225097656, 0.03204011917114258, 0.03776812553405762, 0.02992701530456543, 0.02562689781188965, 0.026269912719726562, 0.02865004539489746, 0.036798954010009766, 0.03367185592651367, 0.033986806869506836, 0.028768062591552734, 0.03833484649658203, 0.03733491897583008]
