date 2025-01-26T23:42:30.059438
sample_ratio 0.07
rank 1
seed 0
l2_regularization_strength 0
input_shape (100, 100, 100)
input_size 1000000
num_train_samples 70000
num_test_samples 1000000
num_iterations 10
max_num_richardson_iterations None
num_richardson_iterations None
train_mses [21.119137886087604, 21.094969910554443, 21.057108743807927, 20.986294898323543, 20.92741454196887, 20.86777269375658, 20.79365322558417, 20.34620177874317, 17.409788031585034, 7.110137111821524, 0.9309879857989821, 0.07791582038712468, 0.032102833800567596, 0.028591293126545972, 0.02832355054327765, 0.02831025462668188, 0.028309423089524832, 0.028309355011785234, 0.028309351590011418, 0.028309351339040514, 0.028309351320316933, 0.028309351319263976, 0.02830935131918444, 0.028309351319178513, 0.028309351319178177, 0.028309351319178146, 0.02830935131917815, 0.02830935131917815, 0.02830935131917815, 0.02830935131917815, 0.02830935131917815]
train_rres [0.9999992263674782, 0.9988548635167602, 0.9970621228442905, 0.993709060276943, 0.9909210529671512, 0.9880969887277343, 0.984587403666499, 0.9634004071569128, 0.8243600973066065, 0.336667701567121, 0.04408263588115943, 0.0036893437852043988, 0.0015200814132625795, 0.0013538086242727973, 0.0013411309109315568, 0.0013405013442143292, 0.0013404619706130854, 0.0013404587471061743, 0.00134045858508388, 0.0013404585732003122, 0.0013404585723137436, 0.0013404585722638857, 0.0013404585722601196, 0.001340458572259839, 0.001340458572259823, 0.0013404585722598214, 0.0013404585722598217, 0.0013404585722598219, 0.0013404585722598219, 0.0013404585722598219, 0.0013404585722598217]
test_mses [21.056699254976213, 21.080798181743702, 21.118501488110393, 21.18627513511283, 21.243918210313442, 21.279352257371887, 21.22067139504596, 20.821070597555888, 17.952178090621178, 7.1707896910012865, 0.9533736272974589, 0.07886712491260184, 0.03244585844240327, 0.029085912734955036, 0.02880993992592657, 0.02880210518348837, 0.02880420261442267, 0.028804325322753965, 0.028804377383636313, 0.02880440787320541, 0.028804414254248595, 0.028804414546074752, 0.028804414796121298, 0.028804414913173794, 0.028804414909505863, 0.028804414911115215, 0.028804414913096, 0.028804414912946292, 0.028804414912953193, 0.028804414912988612, 0.02880441491298516]
test_rres [1.0000001239102527, 1.00114460194367, 1.0029351632553916, 1.0061537900011894, 1.008891307484114, 1.0105740997878845, 1.0077872969330535, 0.9888099234061806, 0.8525638371758367, 0.3405467539192315, 0.04527650482565165, 0.003745465218933067, 0.0015408807463073797, 0.0013813141360284244, 0.001368207958280309, 0.0013678358798593687, 0.0013679354885952298, 0.0013679413161157264, 0.0013679437885302378, 0.0013679452365051796, 0.0013679455395462163, 0.0013679455534052827, 0.0013679455652802007, 0.001367945570839121, 0.0013679455706649278, 0.0013679455707413574, 0.0013679455708354264, 0.0013679455708283167, 0.0013679455708286445, 0.0013679455708303266, 0.0013679455708301626]
step_times_seconds [0.20946311950683594, 0.16522908210754395, 0.16585922241210938, 0.16469693183898926, 0.16329598426818848, 0.16513991355895996, 0.16377711296081543, 0.16492104530334473, 0.1653289794921875, 0.16463279724121094, 0.16364312171936035, 0.16576623916625977, 0.16466903686523438, 0.16372895240783691, 0.16826510429382324, 0.1655728816986084, 0.16493606567382812, 0.16681790351867676, 0.16528606414794922, 0.16396307945251465, 0.1661818027496338, 0.16499614715576172, 0.16431403160095215, 0.16680192947387695, 0.1639091968536377, 0.16361618041992188, 0.16564702987670898, 0.16455698013305664, 0.16365599632263184, 0.16571593284606934, 0.16449689865112305]
