date 2025-01-26T23:42:30.059438
sample_ratio 0.02
rank 16
seed 0
l2_regularization_strength 0
input_shape (100, 100, 100)
input_size 1000000
num_train_samples 20000
num_test_samples 1000000
num_iterations 10
max_num_richardson_iterations None
num_richardson_iterations None
train_mses [21.043867521811574, 19.385593445529093, 16.974070861993823, 14.19629643833724, 11.316971538950643, 6.337594215614911, 2.015942932579603, 0.3522827478517724, 0.08834352407370624, 0.04111868764250378, 0.026103635543903977, 0.017405761424204812, 0.011853789463058626, 0.008124495103438416, 0.005942035987764677, 0.004439365021703273, 0.0036079987376424556, 0.0030139006985894605, 0.002486012130886532, 0.002050095561487892, 0.0016631463263458266, 0.0013499626562560971, 0.0011262705792717696, 0.0009537136077490049, 0.0007964889182967681, 0.0006451234031985142, 0.0005068037436784928, 0.00036669705742711594, 0.00026261473862989373, 0.00018865576178123136, 0.00012664889043677137]
train_rres [1.0000190904448496, 0.9212167632702712, 0.8066195478071626, 0.6746177924393884, 0.5377902884648755, 0.3011668457111717, 0.09579899777155747, 0.016740719010942276, 0.004198145160309161, 0.001953988380411678, 0.0012404627546178124, 0.000827133780893282, 0.0005633002462539818, 0.0003860816076342941, 0.00028236964606035797, 0.000210961685942709, 0.00017145458705267365, 0.00014322263871746093, 0.00011813701009984304, 9.742195423912542e-05, 7.903385985609316e-05, 6.415115597190002e-05, 5.352115427978096e-05, 4.5321128047280795e-05, 3.784970242751123e-05, 3.065670881184711e-05, 2.4083663245936545e-05, 1.7425696937931462e-05, 1.2479633403407326e-05, 8.965051842685538e-06, 6.018442574263396e-06]
test_mses [21.056763065298654, 22.889421628854368, 25.425319992575673, 26.63228579863516, 23.95540841197666, 14.203151991031, 4.980790457893473, 0.8869252506979954, 0.2176499492505678, 0.1006485743899893, 0.06163828360964524, 0.03953030418938186, 0.028084764406440144, 0.01955620298836349, 0.014255116213696219, 0.01069422011695013, 0.008862499326652295, 0.0076253076393264395, 0.006496308913007353, 0.005403504568541167, 0.004507516828475823, 0.0038268909343823106, 0.0032441216947611162, 0.0028764618082251204, 0.0024687082259225133, 0.0019742008455989365, 0.001607431883988711, 0.0011563074681392657, 0.0007746245842666512, 0.0005732706475820481, 0.00037533577715427845]
test_rres [1.0000031543154257, 1.0870376305383693, 1.20746954853453, 1.264789356401838, 1.1376622275989492, 0.6745194761515436, 0.23654187271955243, 0.04212081627121712, 0.010336376731419196, 0.004779884332421848, 0.0029272532461465397, 0.0018773269546626529, 0.0013337687709906994, 0.0009287403108517085, 0.000676987300214322, 0.0005078773891661268, 0.0004208874485735176, 0.00036213218851849203, 0.0003085151019778846, 0.0002566169166714866, 0.00021406571525867883, 0.00018174222665354094, 0.00015406603178674312, 0.00013660555863086909, 0.00011724100258673532, 9.375643667210142e-05, 7.633827428038736e-05, 5.4914001354906214e-05, 3.678756441694044e-05, 2.722509884737424e-05, 1.7825007572045197e-05]
step_times_seconds [0.06510782241821289, 0.05275893211364746, 0.05307126045227051, 0.0532381534576416, 0.052935123443603516, 0.0529327392578125, 0.0528111457824707, 0.05259084701538086, 0.052668094635009766, 0.05287504196166992, 0.05248618125915527, 0.05270218849182129, 0.05289912223815918, 0.05253410339355469, 0.0528872013092041, 0.052625179290771484, 0.052490949630737305, 0.05281472206115723, 0.052577972412109375, 0.05229496955871582, 0.05254626274108887, 0.05275392532348633, 0.05250096321105957, 0.052613258361816406, 0.05264472961425781, 0.0524289608001709, 0.05253934860229492, 0.052678823471069336, 0.05234384536743164, 0.0526731014251709, 0.052655935287475586]
