date 2025-01-26T23:42:30.059438
sample_ratio 1.0
rank 16
seed 0
l2_regularization_strength 0
input_shape (100, 100, 100)
input_size 1000000
num_train_samples 1000000
num_test_samples 1000000
num_iterations 10
max_num_richardson_iterations None
num_richardson_iterations None
train_mses [21.056763065298668, 21.025555710913768, 16.103255509805535, 4.3252794572563434e-15, 2.3947391585100955e-14, 2.4021399655779394e-14, 2.380288016597871e-14, 2.0956628094909523e-14, 2.0706815400881666e-14, 2.0023187224776136e-14, 2.3512884533710485e-14, 2.243041779256549e-14, 2.3870122314021473e-14, 2.4193802118704847e-14, 2.343571899922836e-14, 2.4280356336723953e-14, 2.9506972288914956e-14, 2.7688907845123514e-14, 2.6436037321201138e-14, 2.428933734038978e-14, 2.3537310920782296e-14, 2.387218852226072e-14, 2.139897632928876e-14, 2.0639264495862615e-14, 2.0413074686719902e-14, 2.788948158319611e-14, 2.6786923325536703e-14, 2.7333167392451197e-14, 3.044107865924004e-14, 2.9711688625583617e-14, 3.0090195393355346e-14]
train_rres [1.0000031543154273, 0.9985210911547237, 0.7647569692746793, 2.054111112491027e-16, 1.1372815018369493e-15, 1.1407962065374643e-15, 1.130418534603633e-15, 9.95247661463278e-16, 9.833838492884815e-16, 9.509177798188086e-16, 1.1166464013414303e-15, 1.065239157396589e-15, 1.1336119200227113e-15, 1.1489837425895425e-15, 1.1129817460642987e-15, 1.15309427424011e-15, 1.4013106037100355e-15, 1.3149692143472838e-15, 1.2554693533294275e-15, 1.1535207895581053e-15, 1.1178064307364801e-15, 1.1337100459668706e-15, 1.0162551462468287e-15, 9.801758007443426e-16, 9.694338589788735e-16, 1.3244946276372294e-15, 1.2721332208978935e-15, 1.2980748049982907e-15, 1.4456720905109496e-15, 1.4110327524455138e-15, 1.429008352993788e-15]
test_mses [21.056763065298654, 21.02555571091377, 16.10325550980554, 4.325279457256344e-15, 2.3947391585100952e-14, 2.4021399655779407e-14, 2.3802880165978697e-14, 2.095662809490952e-14, 2.0706815400881656e-14, 2.002318722477615e-14, 2.3512884533710472e-14, 2.2430417792565503e-14, 2.387012231402147e-14, 2.4193802118704844e-14, 2.343571899922837e-14, 2.4280356336723946e-14, 2.950697228891495e-14, 2.7688907845123526e-14, 2.6436037321201135e-14, 2.428933734038979e-14, 2.3537310920782305e-14, 2.3872188522260724e-14, 2.139897632928877e-14, 2.063926449586261e-14, 2.04130746867199e-14, 2.7889481583196105e-14, 2.6786923325536715e-14, 2.733316739245121e-14, 3.044107865924005e-14, 2.971168862558363e-14, 3.009019539335534e-14]
test_rres [1.0000031543154257, 0.9985210911547231, 0.7647569692746791, 2.0541111124910261e-16, 1.1372815018369483e-15, 1.1407962065374643e-15, 1.1304185346036317e-15, 9.95247661463277e-16, 9.833838492884805e-16, 9.509177798188084e-16, 1.1166464013414291e-15, 1.0652391573965889e-15, 1.1336119200227103e-15, 1.1489837425895415e-15, 1.1129817460642985e-15, 1.1530942742401088e-15, 1.4013106037100343e-15, 1.3149692143472834e-15, 1.2554693533294265e-15, 1.1535207895581049e-15, 1.1178064307364797e-15, 1.13371004596687e-15, 1.0162551462468285e-15, 9.801758007443418e-16, 9.694338589788726e-16, 1.3244946276372282e-15, 1.2721332208978932e-15, 1.2980748049982903e-15, 1.445672090510949e-15, 1.4110327524455134e-15, 1.4290083529937867e-15]
step_times_seconds [2.71313214302063, 2.5054681301116943, 2.587538957595825, 2.587608814239502, 2.5729308128356934, 2.6262550354003906, 2.6459031105041504, 2.6507279872894287, 2.669386863708496, 2.661832332611084, 2.6528656482696533, 2.6687369346618652, 2.6434130668640137, 2.638841152191162, 2.6500608921051025, 2.6588151454925537, 2.6550440788269043, 2.6619112491607666, 2.6632349491119385, 2.6550891399383545, 2.673151969909668, 2.659242868423462, 2.6331629753112793, 2.6314680576324463, 2.6211109161376953, 2.62309193611145, 2.638662099838257, 2.6327638626098633, 2.6361000537872314, 2.6403141021728516, 2.6371030807495117]
