date 2025-01-26T23:42:30.059438
sample_ratio 0.4
rank 16
seed 0
l2_regularization_strength 0
input_shape (100, 100, 100)
input_size 1000000
num_train_samples 400000
num_test_samples 1000000
num_iterations 10
max_num_richardson_iterations None
num_richardson_iterations None
train_mses [21.045985838180503, 20.968790230780883, 19.4911026978496, 2.214425278980552, 0.09412806668274969, 0.016847373494789323, 0.002953300966072177, 0.0005042680501565422, 3.303658612539337e-05, 5.3988009844869415e-06, 2.9324927307844655e-07, 1.9736634496025355e-08, 1.156341328076949e-09, 8.594294561315309e-11, 6.8072262993536506e-12, 5.321016684936943e-13, 4.487952724304427e-14, 4.016861913927173e-15, 3.332944622455181e-16, 2.989532288861336e-17, 2.710972924348339e-18, 2.3875538564126798e-19, 2.1365544475484028e-20, 2.1468121851653328e-21, 3.4048008400388694e-22, 1.7706584295258102e-22, 1.3813294428924967e-22, 1.327358880452568e-22, 1.3147316248733184e-22, 1.3517582568879227e-22, 1.2009456688894276e-22]
train_rres [1.000000046366253, 0.9963320969733173, 0.9261197717913161, 0.10521842020998905, 0.004472495219318894, 0.0008005029750317184, 0.00014032609950957752, 2.3960297104388717e-05, 1.56973343568648e-06, 2.565240362850999e-07, 1.3933739618094742e-08, 9.377862155230568e-10, 5.4943559811505294e-11, 4.083579180315343e-12, 3.234453670794514e-13, 2.5282811518382023e-14, 2.1324507993596453e-15, 1.908611994258227e-16, 1.5836486837052243e-17, 1.4204763086228522e-18, 1.288118822701046e-19, 1.1344462480741734e-20, 1.0151838754620864e-21, 1.0200578396334078e-22, 1.6177911664892973e-23, 8.413283774107521e-24, 6.56338703998191e-24, 6.306945905043811e-24, 6.2469474984031475e-24, 6.42287954556921e-24, 5.7062935127233946e-24]
test_mses [21.056763065298654, 21.073674621456313, 19.684093360360738, 2.223654560806925, 0.09507894713127937, 0.016972597150065445, 0.0029837004474064363, 0.0005100346617511044, 3.37114309924804e-05, 5.5213264844140025e-06, 2.983407884789173e-07, 2.0360183450924425e-08, 1.1991416665671265e-09, 8.966005755756687e-11, 7.160675125684922e-12, 5.612717175684392e-13, 4.736193148460661e-14, 4.2511095360468696e-15, 3.54514765138792e-16, 3.163982057817441e-17, 2.8828839130234418e-18, 2.5469963810032794e-19, 2.2669885655822796e-20, 2.274412753938696e-21, 3.517309235398889e-22, 1.7912104657474663e-22, 1.385250672085309e-22, 1.3355337945380404e-22, 1.3318395098413656e-22, 1.3537711522946928e-22, 1.2057400372001178e-22]
test_rres [1.0000031543154257, 1.000806298153327, 0.9348139307621962, 0.10560320064480286, 0.004515378111318481, 0.0008060427252924368, 0.00014169841060974415, 2.422196939670374e-05, 1.600983837089543e-06, 2.622123772441751e-07, 1.4168451656823404e-08, 9.669220102931514e-10, 5.69482329890658e-11, 4.258030547982415e-12, 3.4006640481763754e-13, 2.665525970235422e-14, 2.249257434877536e-15, 2.0188872013253861e-16, 1.6836200430750117e-17, 1.5026013391531585e-18, 1.3691054971785383e-19, 1.2095897204783068e-20, 1.0766116849722593e-21, 1.0801374936407738e-22, 1.670399348273134e-23, 8.506607165762227e-24, 6.5786704124802536e-24, 6.342560834688995e-24, 6.325016370052346e-24, 6.429171560309431e-24, 5.7261595086833216e-24]
step_times_seconds [1.0956060886383057, 1.0004286766052246, 1.007922887802124, 1.0254278182983398, 1.0325980186462402, 1.0334820747375488, 1.0132009983062744, 1.0021331310272217, 1.0235569477081299, 1.0392889976501465, 1.0296361446380615, 1.0318152904510498, 1.030461072921753, 1.0114121437072754, 1.0042500495910645, 1.0253639221191406, 1.0420448780059814, 1.03495192527771, 1.0132617950439453, 1.0353429317474365, 1.0152959823608398, 1.017014980316162, 1.0140931606292725, 1.039039134979248, 1.0155949592590332, 1.034472942352295, 1.0202338695526123, 1.017091989517212, 1.0274078845977783, 1.0381109714508057, 1.0208179950714111]
