date 2025-01-26T23:42:30.059438
sample_ratio 0.07
rank 16
seed 0
l2_regularization_strength 0
input_shape (100, 100, 100)
input_size 1000000
num_train_samples 70000
num_test_samples 1000000
num_iterations 10
max_num_richardson_iterations None
num_richardson_iterations None
train_mses [21.119228771217575, 20.65258028594721, 19.550412404676862, 11.684822863134077, 2.3165374039599995, 0.11895465926995878, 0.029808589642636576, 0.01510521005566045, 0.0059097394193104846, 0.00127937179880147, 0.0005207109270872158, 0.00016087765033117484, 8.9754342029847e-05, 3.4305297381548834e-05, 1.4619157289178185e-05, 3.968374735805115e-06, 1.0221966624013692e-06, 2.096179406081165e-07, 5.1852855978096696e-08, 1.2501991807418166e-08, 3.13846556340187e-09, 8.835829390848537e-10, 2.448802244562503e-10, 7.388955584255009e-11, 2.2137298862391247e-11, 6.515387393247246e-12, 2.189317172989547e-12, 6.565364421061939e-13, 2.0332201152575053e-13, 7.007600591313256e-14, 2.0945456544784078e-14]
train_rres [1.0000035298130143, 0.9779075462187534, 0.9257194770588144, 0.5532808150787519, 0.10968892879559075, 0.005632548444182847, 0.0014114480781613167, 0.0007152374519856405, 0.00027982841341440165, 6.057874217870581e-05, 2.465586081481717e-05, 7.617618045714444e-06, 4.249902296063674e-06, 1.6243689030722212e-06, 6.922226682819823e-07, 1.8790405589214685e-07, 4.8401401473408014e-08, 9.925489362846948e-09, 2.455252489127381e-09, 5.919740759733613e-10, 1.4860754034142313e-10, 4.183798885552156e-11, 1.1595171939772284e-11, 3.4986986248080683e-12, 1.048209536566358e-12, 3.0850607576286174e-13, 1.0366500238178805e-13, 3.1087250707366645e-14, 9.627374721729047e-15, 3.3181255824944667e-15, 9.917753486753682e-16]
test_mses [21.056763065298654, 21.478709589582124, 21.68927530672032, 13.530587588176202, 2.6120409958734876, 0.13252997119282578, 0.0328438293445258, 0.01719088827418478, 0.006636983683635147, 0.001451482683047599, 0.0005944791959721948, 0.00018523703560180022, 0.00010539345012951802, 4.060612189438744e-05, 1.747604464537156e-05, 4.801121734968193e-06, 1.2606667304376783e-06, 2.745956851347446e-07, 6.791058328425775e-08, 1.6740718274346233e-08, 4.379688667112985e-09, 1.249324967249796e-09, 3.460874102136825e-10, 1.0647560848215519e-10, 3.24417621914278e-11, 9.449564016118991e-12, 3.1933164082379857e-12, 9.753349508167329e-13, 2.981918554397512e-13, 1.028846176618021e-13, 3.138709260293258e-14]
test_rres [1.0000031543154257, 1.0200417449538541, 1.030041685622603, 0.6425788344560757, 0.12404799479267191, 0.006293958326983653, 0.0015597807147504944, 0.0008164095519505255, 0.000315195863589921, 6.893211729555212e-05, 2.8232310412742978e-05, 8.79706056070455e-06, 5.0052224193656566e-06, 1.928418430362776e-06, 8.299518646875602e-07, 2.28009255949352e-07, 5.987010933583454e-08, 1.3040776991439992e-08, 3.2251299634735657e-09, 7.950306050335321e-10, 2.0799504978285176e-10, 5.933147958879275e-11, 1.6435978350959827e-11, 5.056615017684311e-12, 1.5406862119488158e-12, 4.487676379185448e-13, 1.5165324656322715e-13, 4.6319466306678506e-14, 1.4161378703184422e-14, 4.8860758832344976e-15, 1.4905990778539339e-15]
step_times_seconds [0.19753789901733398, 0.18123579025268555, 0.18361902236938477, 0.18318390846252441, 0.18156003952026367, 0.18247604370117188, 0.1828300952911377, 0.18074393272399902, 0.18318390846252441, 0.18201804161071777, 0.1818990707397461, 0.18242383003234863, 0.18212509155273438, 0.1816551685333252, 0.18502306938171387, 0.18314886093139648, 0.18178701400756836, 0.18423986434936523, 0.18417596817016602, 0.1822960376739502, 0.18357396125793457, 0.1821279525756836, 0.2193892002105713, 0.1853039264678955, 0.18268799781799316, 0.18104290962219238, 0.18291187286376953, 0.18199825286865234, 0.18169307708740234, 0.1825258731842041, 0.18194079399108887]
