date 2025-01-26T23:42:30.059438
sample_ratio 0.03
rank 1
seed 0
l2_regularization_strength 0
input_shape (100, 100, 100)
input_size 1000000
num_train_samples 30000
num_test_samples 1000000
num_iterations 10
max_num_richardson_iterations None
num_richardson_iterations None
train_mses [21.155563494322422, 21.090185533564306, 20.989604950405468, 20.804891614260853, 20.685943838255866, 20.610014499133545, 20.55158666988103, 20.49487225401464, 20.43164766099112, 20.296789573850283, 19.82483873637328, 17.967450887700522, 10.902235694231175, 3.165354591606544, 0.23800387771235235, 0.04772663412167595, 0.032218644873955926, 0.028431909566991462, 0.028184651701993555, 0.028161389980848155, 0.028157112215067146, 0.028156790906949565, 0.02815675582196269, 0.028156750090279972, 0.028156749630338398, 0.02815674957572526, 0.028156749567998438, 0.028156749567346956, 0.028156749567266496, 0.028156749567256213, 0.028156749567255314]
train_rres [0.9999987681469781, 0.9969084283297653, 0.9921541016825297, 0.9834229181026405, 0.9778003957098557, 0.9742113045656319, 0.9714494893441323, 0.9687686651714373, 0.9657801125310371, 0.9594055283205202, 0.9370969636618857, 0.8493004102331673, 0.5153359430584323, 0.1496226131345742, 0.011250165214953034, 0.002255982230976074, 0.001522937698821753, 0.001343943145295472, 0.0013322555549139198, 0.001331156000534448, 0.0013309537955441353, 0.0013309386076848346, 0.0013309369492584984, 0.0013309366783285533, 0.0013309366565876525, 0.0013309366540061533, 0.0013309366536409153, 0.0013309366536101205, 0.0013309366536063173, 0.0013309366536058314, 0.0013309366536057889]
test_mses [21.056699254976213, 21.12130701639827, 21.215546349362754, 21.386093672582632, 21.505160610655558, 21.58424839151659, 21.638446560892984, 21.671872262121212, 21.703085187355086, 21.653699695587658, 21.11198054967779, 19.110285140857883, 11.161927228569445, 3.2183806376956885, 0.2534746035546926, 0.05024351542601548, 0.03297423045525107, 0.02926108785547858, 0.02901912575993968, 0.028987850886171364, 0.028989632189254703, 0.028990290527661215, 0.02899006104073808, 0.028990268490352016, 0.028990303008142503, 0.02899029555671491, 0.028990302868544978, 0.02899030426768973, 0.028990303984821574, 0.028990304219569947, 0.028990304279213043]
test_rres [1.0000001239102527, 1.003068400122269, 1.0075439042599572, 1.0156433381877195, 1.0212979258980133, 1.0250538702510734, 1.0276277862972598, 1.0292152005906998, 1.0306975283156445, 1.0283521703234548, 1.0026254784770865, 0.9075633021781379, 0.530089188076751, 0.1528435676225686, 0.012037719297476908, 0.0023861062478644844, 0.0015659735717269976, 0.0013896333478910403, 0.0013781423671541948, 0.0013766570974419344, 0.0013767416930037786, 0.0013767729580411007, 0.0013767620595166554, 0.0013767719114709967, 0.0013767735507495154, 0.0013767731968750347, 0.0013767735441199132, 0.0013767736105664587, 0.0013767735971328152, 0.00137677360828121, 0.0013767736111137104]
step_times_seconds [0.09128713607788086, 0.07181286811828613, 0.07232213020324707, 0.0719461441040039, 0.07134795188903809, 0.07158613204956055, 0.07169938087463379, 0.07128405570983887, 0.0720069408416748, 0.07226800918579102, 0.07119488716125488, 0.07169795036315918, 0.07189583778381348, 0.07128429412841797, 0.07186603546142578, 0.07202410697937012, 0.07128214836120605, 0.07182097434997559, 0.07220888137817383, 0.07142901420593262, 0.07192301750183105, 0.07203412055969238, 0.07132291793823242, 0.07199478149414062, 0.07162690162658691, 0.07131600379943848, 0.07283782958984375, 0.07274103164672852, 0.07202672958374023, 0.07236886024475098, 0.07236289978027344]
