date 2025-01-26T23:42:30.059438
sample_ratio 0.5
rank 16
seed 0
l2_regularization_strength 0
input_shape (100, 100, 100)
input_size 1000000
num_train_samples 500000
num_test_samples 1000000
num_iterations 10
max_num_richardson_iterations None
num_richardson_iterations None
train_mses [21.053038058674616, 20.991141492828696, 19.16242571347812, 1.2722681149004396, 0.05616229418309912, 0.013131591703669378, 0.0013909391569861972, 0.00035586395584781116, 2.0859387968754655e-05, 1.7794877818743418e-06, 5.415553338237917e-08, 3.7545918540610524e-09, 1.5651357010474114e-10, 9.777429180968054e-12, 5.69263625992759e-13, 3.308908568203807e-14, 2.1302473275500484e-15, 1.4560526165216243e-16, 9.608495251975068e-18, 6.503444625137221e-19, 5.458582415038508e-20, 1.0445772313365938e-20, 7.268160049605452e-21, 7.028101541269869e-21, 6.557087880198133e-21, 6.253234827219856e-21, 6.226583549733068e-21, 7.568579755838678e-21, 7.422890073732312e-21, 7.398782050370196e-21, 7.518071238927358e-21]
train_rres [1.0000010092909246, 0.997060976211373, 0.91019856614209, 0.060431629650946284, 0.002667660159577397, 0.0006237391924466222, 6.606840100568511e-05, 1.690322859942027e-05, 9.90802798332984e-07, 8.452412297625597e-08, 2.5723407657429974e-09, 1.7833984972014557e-10, 7.434258544361376e-12, 4.644193879281918e-13, 2.7039527452467266e-14, 1.571702810128063e-15, 1.0118489652905951e-16, 6.916123373948724e-18, 4.5639517313194e-19, 3.089079671484848e-20, 2.5927792032309867e-21, 4.96165105818782e-22, 3.4523128514930323e-22, 3.3382871465304437e-22, 3.1145597513921094e-22, 2.970232192202044e-22, 2.9575730670385385e-22, 3.5950096008205353e-22, 3.5258082680990524e-22, 3.5143571665397724e-22, 3.5710184942883855e-22]
test_mses [21.056763065298654, 21.057315361135334, 19.284202965122375, 1.2776556565689163, 0.05639780264063581, 0.013239499780521916, 0.001399057517488791, 0.000358811184133331, 2.113660356207847e-05, 1.8035174803366876e-06, 5.519427329433213e-08, 3.839457717684552e-09, 1.6131974349233762e-10, 1.0100518887347607e-11, 5.892862901343935e-13, 3.4456291516038856e-14, 2.214269917192241e-15, 1.5156716272697393e-16, 1.0023530723736732e-17, 6.776953540044023e-19, 5.675852513735448e-20, 1.0584294445953033e-20, 7.288854583029812e-21, 7.067665501286463e-21, 6.550252588619397e-21, 6.278493666016503e-21, 6.277110981473316e-21, 7.546990977763777e-21, 7.430333912803134e-21, 7.431300347339755e-21, 7.532889326569695e-21]
test_rres [1.0000031543154257, 1.000029383303095, 0.9158228039979016, 0.06067692753799532, 0.00267837845552045, 0.0006287548328783232, 6.644240267219138e-05, 1.704024093467164e-05, 1.003794845772196e-06, 8.565054199483707e-08, 2.621221847979081e-09, 1.8233903362253566e-10, 7.661208507947133e-12, 4.796820250219633e-13, 2.798569500458359e-14, 1.6363578815603675e-15, 1.0515751613063002e-16, 7.198050353114122e-18, 4.760257932347185e-19, 3.218431482406479e-20, 2.6955094662761183e-21, 5.02656927816182e-22, 3.461537536312151e-22, 3.35649300560363e-22, 3.110769319039814e-22, 2.9817087511958827e-22, 2.9810521028305465e-22, 3.5841286526091207e-22, 3.5287272442482735e-22, 3.529186212030768e-22, 3.5774316614184957e-22]
step_times_seconds [1.3986048698425293, 1.2633569240570068, 1.2990801334381104, 1.3043670654296875, 1.303473949432373, 1.323646068572998, 1.3267230987548828, 1.3284108638763428, 1.3585758209228516, 1.3399879932403564, 1.3169341087341309, 1.3252129554748535, 1.3224248886108398, 1.3156719207763672, 1.3135240077972412, 1.305354118347168, 1.3020100593566895, 1.3136558532714844, 1.2969791889190674, 1.2960519790649414, 1.294477939605713, 1.2991869449615479, 1.2895338535308838, 1.2932898998260498, 1.293647050857544, 1.290557861328125, 1.2999029159545898, 1.2876322269439697, 1.2892658710479736, 1.2874791622161865, 1.29752516746521]
