date 2025-01-26T23:42:30.059438
sample_ratio 0.7
rank 16
seed 0
l2_regularization_strength 0
input_shape (100, 100, 100)
input_size 1000000
num_train_samples 700000
num_test_samples 1000000
num_iterations 10
max_num_richardson_iterations None
num_richardson_iterations None
train_mses [21.06396416056012, 21.019418417930385, 18.863104004227036, 0.6300475772211509, 0.033159519788359605, 0.008141530917888704, 0.0006239479849931536, 8.149734257725418e-05, 7.895503433502356e-06, 3.967052395136438e-07, 6.222391253252797e-08, 4.312722436997663e-10, 5.867626882721476e-11, 7.068765379211696e-13, 4.631675795575268e-14, 1.2730537628610113e-15, 6.055910600168381e-17, 2.1159524692618e-18, 1.0496184453590728e-19, 4.294350865358285e-21, 3.118823624749797e-22, 1.377669919807423e-22, 1.561995102087241e-22, 1.3857409630539623e-22, 1.3842493167645918e-22, 1.6524387138215211e-22, 1.6083714513318741e-22, 1.6204882254325945e-22, 1.2609104954518812e-22, 1.1951831168799135e-22, 1.2020218163001522e-22]
train_rres [1.0000014632796708, 0.9978866757936563, 0.8955166967831595, 0.029911202580597655, 0.0015742320893281018, 0.00038651522425534225, 2.962162740344143e-05, 3.869046738279851e-06, 3.748351889819238e-07, 1.8833388481886178e-08, 2.9540500121065345e-09, 2.0474440209083848e-11, 2.785627351041117e-12, 3.3558620157680736e-14, 2.1988655780589495e-15, 6.043760879912408e-17, 2.8750141310049667e-18, 1.0045381531050643e-19, 4.983012567072728e-21, 2.038722206542348e-22, 1.4806463610969565e-23, 6.540421001585942e-24, 7.415495847868858e-24, 6.578737887216829e-24, 6.5716563689389965e-24, 7.844872499809447e-24, 7.635665312423098e-24, 7.693189108697101e-24, 5.986111307944073e-24, 5.6740737719489635e-24, 5.706540165145612e-24]
test_mses [21.056763065298654, 21.039064483855828, 18.92717848926513, 0.6320438561459942, 0.033273980527603816, 0.008155693128698623, 0.0006248421821626757, 8.17935786981248e-05, 7.912063956503533e-06, 3.991687612083991e-07, 6.241705233808584e-08, 4.3487783390606855e-10, 5.917051274018607e-11, 7.183859798019064e-13, 4.705000954397523e-14, 1.2971913132170671e-15, 6.182471670434605e-17, 2.1601595388493504e-18, 1.073367390417579e-19, 4.3982277157157815e-21, 3.1550723779034846e-22, 1.3786149068692598e-22, 1.556988760060994e-22, 1.3829285289907763e-22, 1.3832345296379481e-22, 1.6493827912438482e-22, 1.6073926650542136e-22, 1.6225771458738993e-22, 1.2616166239267585e-22, 1.1980868593958857e-22, 1.2048163897840668e-22]
test_rres [1.0000031543154257, 0.9991626339935297, 0.898867415322164, 0.03001628730169287, 0.001580208951444643, 0.0003873206356093646, 2.967427382709866e-05, 3.884444938057326e-06, 3.757504840185037e-07, 1.895685576528182e-08, 2.9642376194097895e-09, 2.0652709264920457e-11, 2.81005675939622e-12, 3.411674641492173e-14, 2.2344440030331313e-15, 6.160469208609761e-17, 2.936107108546542e-18, 1.0258776935348813e-19, 5.0975108226667614e-21, 2.088754845877319e-22, 1.498370058214931e-23, 6.547156612724955e-24, 7.394268845910929e-24, 6.5676423621949206e-24, 6.569095584665275e-24, 7.833055768365488e-24, 7.633641174063778e-24, 7.705753533732923e-24, 5.991522056600787e-24, 5.689813932105214e-24, 5.721773030445133e-24]
step_times_seconds [1.909458875656128, 1.7425081729888916, 1.7910690307617188, 1.814697265625, 1.7963619232177734, 1.8088278770446777, 1.8478999137878418, 1.873180866241455, 1.8558411598205566, 1.8532958030700684, 1.8540081977844238, 1.854095697402954, 1.8401079177856445, 1.8165361881256104, 1.8209028244018555, 1.8149497509002686, 1.8120040893554688, 1.8088009357452393, 1.8172049522399902, 1.808640956878662, 1.8051738739013672, 1.819760799407959, 1.7968790531158447, 1.8288590908050537, 1.8126118183135986, 1.8200640678405762, 1.8350920677185059, 1.838343858718872, 1.8354251384735107, 1.8405699729919434, 1.8386001586914062]
