date 2025-01-26T23:42:30.059438
sample_ratio 0.3
rank 16
seed 0
l2_regularization_strength 0
input_shape (100, 100, 100)
input_size 1000000
num_train_samples 300000
num_test_samples 1000000
num_iterations 10
max_num_richardson_iterations None
num_richardson_iterations None
train_mses [21.035412900838814, 20.932971835618027, 19.682608650245182, 3.5746831612647534, 0.14233362271105043, 0.02126575217364273, 0.0070442595871227694, 0.0011872462671972893, 0.00016622189578892408, 1.9258710387071576e-05, 2.5990817998092065e-06, 1.542827668754216e-07, 1.8477266335685565e-08, 1.6832241478164926e-09, 1.2253149266893132e-10, 1.3276067363636571e-11, 1.0975523963479197e-12, 1.1566882193292355e-13, 1.2390211796771225e-14, 1.2093199167389016e-15, 1.3652043694109798e-16, 1.594728199541462e-17, 2.9243937791855042e-18, 1.825898206124917e-18, 1.5701458334771381e-18, 1.5403056327094808e-18, 1.374093477637688e-18, 1.3031772632607159e-18, 1.2903626953944241e-18, 1.2381001049936192e-18, 1.2131304589330754e-18]
train_rres [0.9999994070554747, 0.9951294762886375, 0.935688644303496, 0.1699363382371923, 0.00676637720334134, 0.0010109494719442091, 0.0003348760228037508, 5.6440326074073506e-05, 7.901998311710472e-06, 9.155370069753527e-07, 1.235573682793857e-07, 7.334425814296587e-09, 8.783880528893657e-10, 8.00185457586539e-11, 5.8250066491286926e-12, 6.31129018206042e-13, 5.217638230987464e-14, 5.498763152070877e-15, 5.890164604075301e-16, 5.748968206043887e-17, 6.490025018078365e-18, 7.581154985992764e-19, 1.3902232672911351e-19, 8.680110687990167e-20, 7.464293236693018e-20, 7.322436344153088e-20, 6.532282819234271e-20, 6.195155268366167e-20, 6.134236282233725e-20, 5.885785920653687e-20, 5.767083086663044e-20]
test_mses [21.056763065298654, 21.099881345506944, 20.025038364642242, 3.6206394692609347, 0.14474745532276254, 0.021611800545368747, 0.007146027123857295, 0.001212891420828328, 0.00017034894945165398, 1.975793447734389e-05, 2.6712705849952736e-06, 1.5966702655934912e-07, 1.9291883996324947e-08, 1.7507398710852805e-09, 1.2995161925906326e-10, 1.4120158643288075e-11, 1.1718734855804696e-12, 1.2444788477263472e-13, 1.331647725224902e-14, 1.3077617357909254e-15, 1.476245571126178e-16, 1.7128430332941398e-17, 3.079868259672118e-18, 1.8441696016137957e-18, 1.588656033327736e-18, 1.5718328530324865e-18, 1.3785248279770582e-18, 1.3193867474201548e-18, 1.318246274697147e-18, 1.2516618641201885e-18, 1.2362975878569262e-18]
test_rres [1.0000031543154257, 1.0020508772291155, 0.9510056919874279, 0.17194717339374266, 0.006874176788380019, 0.001026362344904794, 0.0003393707590535369, 5.760122023072417e-05, 8.090012992866284e-06, 9.383207066931566e-07, 1.2686085713846156e-07, 7.582719609104808e-09, 9.16187582544687e-10, 8.31440895279994e-11, 6.171510253711322e-12, 6.705780531857842e-13, 5.565324444241502e-14, 5.9101333350521925e-15, 6.324105568991339e-16, 6.210669022719488e-17, 7.010812740269665e-18, 8.134433724830667e-19, 1.462654998300137e-19, 8.758114497406306e-20, 7.544659354922726e-20, 7.464764675438057e-20, 6.54672882058967e-20, 6.26587716778021e-20, 6.260460968163575e-20, 5.944246076070675e-20, 5.87127985291762e-20]
step_times_seconds [0.839076042175293, 0.763592004776001, 0.7618811130523682, 0.757990837097168, 0.7575538158416748, 0.7573399543762207, 0.7645900249481201, 0.7543740272521973, 0.7722039222717285, 0.7724752426147461, 0.7648699283599854, 0.767420768737793, 0.7677440643310547, 0.755871057510376, 0.770205020904541, 0.7715709209442139, 0.7622683048248291, 0.7660510540008545, 0.7768490314483643, 0.7557027339935303, 0.7625727653503418, 0.7654130458831787, 0.7772722244262695, 0.7804279327392578, 0.7607581615447998, 0.7695469856262207, 0.7746691703796387, 0.7617223262786865, 0.773679256439209, 0.7750160694122314, 0.7585878372192383]
