date 2025-01-26T23:42:30.059438
sample_ratio 0.09
rank 1
seed 0
l2_regularization_strength 0
input_shape (100, 100, 100)
input_size 1000000
num_train_samples 90000
num_test_samples 1000000
num_iterations 10
max_num_richardson_iterations None
num_richardson_iterations None
train_mses [21.12078829675024, 21.10568229639391, 21.079246159798814, 21.029921809031187, 20.986752912173987, 20.91353893495809, 20.65349695814402, 17.655900426716695, 7.609003069892826, 0.3881020875543668, 0.054949304905528365, 0.029305826808763324, 0.028451173877636366, 0.028403255738119373, 0.02839995428037543, 0.02839985518442098, 0.028399844916098763, 0.0283998445525539, 0.028399844528548157, 0.028399844526727128, 0.028399844526675693, 0.028399844526670267, 0.02839984452667004, 0.02839984452667003, 0.028399844526670024, 0.028399844526670024, 0.028399844526670024, 0.028399844526670024, 0.02839984452667002, 0.02839984452667002, 0.028399844526670024]
train_rres [0.9999989532669881, 0.9992837344819625, 0.9980320714970357, 0.9956967278325289, 0.9936528244012574, 0.9901863865225312, 0.9778742653570747, 0.8359480573184616, 0.36026094283937715, 0.01837534072413458, 0.002601666501090384, 0.0013875332549920074, 0.0013470682863305384, 0.0013447995220833787, 0.001344643209059366, 0.0013446385171961017, 0.0013446380310252579, 0.0013446380138126199, 0.001344638012676028, 0.001344638012589808, 0.001344638012587373, 0.001344638012587116, 0.0013446380125871054, 0.001344638012587105, 0.0013446380125871045, 0.0013446380125871045, 0.0013446380125871045, 0.0013446380125871045, 0.0013446380125871043, 0.0013446380125871043, 0.0013446380125871045]
test_mses [21.056699254976213, 21.071536557991493, 21.09689280894189, 21.142735995253723, 21.177379691988932, 21.178268541802467, 20.885502977669905, 17.80511464754565, 7.685763915585552, 0.39386262912381464, 0.05568686622959787, 0.029633178965222374, 0.028813601580636596, 0.028770421908190978, 0.028768127671673895, 0.028768597172692624, 0.02876867205457487, 0.02876868889107586, 0.02876869583640022, 0.028768696604055077, 0.02876869688932512, 0.02876869696207025, 0.028768696973040808, 0.028768696977836097, 0.028768696978444936, 0.028768696978663875, 0.028768696978733202, 0.028768696978734826, 0.028768696978738722, 0.028768696978739548, 0.028768696978739478]
test_rres [1.0000001239102527, 1.0007047597448682, 1.001908949147265, 1.0040860801133844, 1.0057313380243427, 1.0057735502397, 0.9918698706143179, 0.8455796722068927, 0.36500330725453883, 0.018704863148689042, 0.002644615495308999, 0.0014073042635148064, 0.0013683818533015279, 0.0013663312148195343, 0.0013662222596232054, 0.0013662445566162537, 0.0013662481128189907, 0.0013662489123983964, 0.0013662492422376147, 0.0013662492786941807, 0.001366249292241892, 0.0013662492956966186, 0.0013662492962176196, 0.0013662492964453517, 0.0013662492964742659, 0.0013662492964846636, 0.0013662492964879559, 0.001366249296488033, 0.001366249296488218, 0.0013662492964882573, 0.001366249296488254]
step_times_seconds [0.2652418613433838, 0.20877504348754883, 0.2114250659942627, 0.21003293991088867, 0.20938897132873535, 0.21133804321289062, 0.20945191383361816, 0.2074897289276123, 0.2130289077758789, 0.21142005920410156, 0.21076107025146484, 0.21489477157592773, 0.21210694313049316, 0.21083688735961914, 0.21307373046875, 0.21175098419189453, 0.21091604232788086, 0.21336793899536133, 0.2116689682006836, 0.21033692359924316, 0.2128138542175293, 0.2117159366607666, 0.21050310134887695, 0.2130439281463623, 0.2114861011505127, 0.20983505249023438, 0.21276521682739258, 0.2115650177001953, 0.21057486534118652, 0.21259307861328125, 0.21168994903564453]
