date 2025-01-26T23:42:30.059438
sample_ratio 0.04
rank 4
seed 0
l2_regularization_strength 0
input_shape (100, 100, 100)
input_size 1000000
num_train_samples 40000
num_test_samples 1000000
num_iterations 10
max_num_richardson_iterations None
num_richardson_iterations None
train_mses [21.083672048597407, 20.847495273037627, 20.497578814878008, 18.279518484287593, 11.396315580805714, 1.4777771461037432, 0.10070407365327529, 0.034756983200089825, 0.027279858558812094, 0.021768761283907638, 0.018663173225748165, 0.013875163286747186, 0.009731683133957557, 0.007763971049347728, 0.006117235768153463, 0.004343454801856711, 0.0034636152058206975, 0.0033649188314070267, 0.003117735250880703, 0.0030220559742584405, 0.0029762127258849084, 0.002873920150423077, 0.00281324082190847, 0.0027903211121072078, 0.0027245431123376664, 0.0026791748531158417, 0.0026634927259753154, 0.002615548641278994, 0.0025810980116399234, 0.0025674374188967516, 0.002531235199812398]
train_rres [1.0000045433093006, 0.9888026118791619, 0.9722059750536713, 0.8670027446670507, 0.5405304792980988, 0.07009138904722742, 0.004776422766912137, 0.0016485335681422288, 0.0012938914263496148, 0.0010324985199896154, 0.0008851995978356263, 0.0006581029288410244, 0.0004615764903557895, 0.0003682473482595318, 0.00029014222695873193, 0.00020601129279110842, 0.00016428025128223782, 0.00015959905425952123, 0.00014787506694896032, 0.0001433369717299553, 0.0001411626134612476, 0.00013631084760315338, 0.00013343280984674645, 0.00013234572151223987, 0.00012922585233253898, 0.00012707402293397478, 0.0001263302151972042, 0.0001240562136660375, 0.0001224222105341576, 0.00012177428474703748, 0.0001200572032311238]
test_mses [21.0567193515457, 21.2774363342554, 21.501424346632263, 19.89299682191787, 12.247032789875709, 1.6023064297318665, 0.10986791125742905, 0.03713068694743825, 0.029065475236416838, 0.02365695540825655, 0.020446169865385045, 0.015208851555075936, 0.010669175795328696, 0.008383488486686479, 0.006542305233647788, 0.004648863511361449, 0.003687046747028638, 0.003569637007646455, 0.003322103202385041, 0.0032124152627422855, 0.0031519621624917526, 0.003056739476996781, 0.0029861520249046215, 0.0029535318267193598, 0.002894663256928192, 0.00284211779827832, 0.0028186560507955224, 0.0027768282209163554, 0.0027370484662602094, 0.002716625503741398, 0.002685777781293966]
test_rres [1.000001078313017, 1.0104831110089363, 1.0211204876185842, 0.9447349295337888, 0.5816217517811755, 0.07609486220378994, 0.00521771829196949, 0.0017633671402480693, 0.0013803435422604679, 0.0011234884467471872, 0.0009710055764814701, 0.0007222809831419495, 0.0005066880135464526, 0.0003981388262220364, 0.0003106995054203653, 0.00022077838654150232, 0.00017510091013054637, 0.0001695250241614904, 0.0001577694383056069, 0.00015256026701498813, 0.00014968929911022476, 0.00014516709474471696, 0.00014181483805985275, 0.0001402656777744614, 0.0001374699605363157, 0.00013497453309422146, 0.00013386031523386974, 0.0001318738768773368, 0.00012998470331297273, 0.0001290147998726413, 0.00012754981593112962]
step_times_seconds [0.11788105964660645, 0.09558677673339844, 0.09716320037841797, 0.09649395942687988, 0.09603619575500488, 0.0975959300994873, 0.09699296951293945, 0.09568500518798828, 0.09722709655761719, 0.0968160629272461, 0.09617400169372559, 0.09725332260131836, 0.09675884246826172, 0.09597301483154297, 0.09720897674560547, 0.09663224220275879, 0.09626007080078125, 0.09721088409423828, 0.09681582450866699, 0.09624195098876953, 0.09740209579467773, 0.09693002700805664, 0.09637188911437988, 0.0982968807220459, 0.09696292877197266, 0.09642314910888672, 0.09767913818359375, 0.09719085693359375, 0.09663581848144531, 0.09801602363586426, 0.0975339412689209]
