date 2025-01-26T23:42:30.059438
sample_ratio 0.05
rank 1
seed 0
l2_regularization_strength 0
input_shape (100, 100, 100)
input_size 1000000
num_train_samples 50000
num_test_samples 1000000
num_iterations 10
max_num_richardson_iterations None
num_richardson_iterations None
train_mses [21.069085942417257, 21.03552695021077, 20.97902326318223, 20.85709123663574, 20.774830229224957, 20.70867290200046, 20.659702919003536, 20.62167760521704, 20.596204497391152, 20.577874848707317, 20.562174123012976, 20.54982790845371, 20.54004132035243, 20.529145264401592, 20.514810596227385, 20.49208593000378, 20.41612268871126, 20.00541791677211, 17.831212701167107, 9.068517612143332, 0.9771186013593411, 0.1357002916357156, 0.03365991734729408, 0.02893888426224889, 0.028304261608168953, 0.028255024568445312, 0.028251684935491045, 0.02825128321617367, 0.028251253824860913, 0.028251251500630833, 0.028251251225970806]
train_rres [0.9999994000350596, 0.9984065937707544, 0.9957247663159356, 0.9899375217375616, 0.9860331777958319, 0.9828931608196216, 0.9805689046202551, 0.9787641138914801, 0.9775550869497069, 0.9766851091188327, 0.9759399075321398, 0.975353920689345, 0.9748894210780938, 0.974372262932583, 0.9736918983637031, 0.9726133203631334, 0.9690078865097214, 0.9495146571093971, 0.8463206259539737, 0.43041792112554605, 0.04637685838830144, 0.00644072602822794, 0.001597596461684088, 0.0013735226567979323, 0.0013434016408666743, 0.0013410647093871735, 0.0013409062008045167, 0.0013408871340506265, 0.0013408857390544125, 0.0013408856287397699, 0.0013408856157036153]
test_mses [21.056699254976213, 21.089604731998726, 21.146526574948098, 21.260871131562855, 21.34449536305297, 21.42265684698389, 21.485219589531557, 21.54608688374526, 21.590488594862162, 21.621680763765514, 21.658685292959664, 21.67819043589536, 21.698143374254464, 21.711922685984646, 21.697681361237667, 21.686607881665505, 21.56721755156721, 20.95109222816858, 18.49035859591795, 9.404503463450324, 1.0239986295319476, 0.14198684553614155, 0.034616610855898615, 0.02953770465367275, 0.028923033526819124, 0.028886337526943758, 0.028881153726114186, 0.028881864335432987, 0.028882267380932476, 0.028882192721208816, 0.02888222022042044]
test_rres [1.0000001239102527, 1.0015628323243964, 1.004266097889113, 1.009696415784554, 1.013667799943078, 1.0173797536861346, 1.020350910254515, 1.0232415485743553, 1.0253502226870959, 1.026831564676677, 1.028588940480515, 1.0295152559070877, 1.0304628375099718, 1.0311172284603636, 1.03044089612835, 1.0299150073928844, 1.0242450615269023, 0.9949847585571827, 0.8781224760425467, 0.4466276748736966, 0.048630544797940295, 0.006743073138408077, 0.0016439715800695052, 0.0014027701092191227, 0.0013735788672502552, 0.0013718361437598343, 0.0013715899607560725, 0.0013716237081824022, 0.001371642849147686, 0.0013716393034954445, 0.001371640609455828]
step_times_seconds [0.1443488597869873, 0.1179802417755127, 0.11938190460205078, 0.11806988716125488, 0.11742115020751953, 0.11808395385742188, 0.11955022811889648, 0.11702227592468262, 0.1186978816986084, 0.11823010444641113, 0.11724710464477539, 0.11878299713134766, 0.11806297302246094, 0.11744308471679688, 0.1190328598022461, 0.1181941032409668, 0.11776494979858398, 0.11936402320861816, 0.11817407608032227, 0.1172330379486084, 0.12072968482971191, 0.11924505233764648, 0.11855602264404297, 0.11986398696899414, 0.11889386177062988, 0.11730003356933594, 0.11938786506652832, 0.11811304092407227, 0.11774396896362305, 0.11923813819885254, 0.11833024024963379]
