date 2025-01-26T23:42:30.059438
sample_ratio 0.05
rank 16
seed 0
l2_regularization_strength 0
input_shape (100, 100, 100)
input_size 1000000
num_train_samples 50000
num_test_samples 1000000
num_iterations 10
max_num_richardson_iterations None
num_richardson_iterations None
train_mses [21.069234982684833, 20.392287060883607, 19.195662985342107, 14.482055090326352, 4.625037767932177, 0.30416312685233826, 0.04935105342341004, 0.025753522727885392, 0.013211124602454482, 0.006510244270497992, 0.002719615153494766, 0.0014308519803690458, 0.0005990436164843706, 0.00022731806916652823, 7.45423052070907e-05, 2.0540616781288376e-05, 7.204650112596734e-06, 2.148612523171805e-06, 7.515190852794391e-07, 2.2834572375856967e-07, 6.563371828892573e-08, 2.0288361257169124e-08, 6.044348240069192e-09, 2.048064929810819e-09, 7.285873835131426e-10, 2.5571409777402745e-10, 9.589636826610827e-11, 3.643471028438301e-11, 1.3606772046320101e-11, 5.2975139526173464e-12, 2.0960918156101168e-12]
train_rres [1.0000064739147032, 0.9678765790770091, 0.9110813597267517, 0.6873599757094876, 0.2195175911148729, 0.014436456578914566, 0.0023423428975223102, 0.001222336239315751, 0.0006270379603723419, 0.0003089949123741035, 0.000129080755057616, 6.791234920293183e-05, 2.843233250442922e-05, 1.0789169183937374e-05, 3.5379921410946966e-06, 9.74916734108771e-07, 3.419534103069243e-07, 1.0197932838433854e-07, 3.566925667531423e-08, 1.0837944625752617e-08, 3.115164990563691e-09, 9.62943961608616e-10, 2.868821471511209e-10, 9.720705049289343e-11, 3.4580852172586736e-11, 1.2136926350455427e-11, 4.5515173744954215e-12, 1.7292961130070778e-12, 6.458165256870568e-13, 2.514352444511848e-13, 9.94865445875167e-14]
test_mses [21.056763065298654, 21.70214796756811, 22.37257106023097, 18.42362339083896, 5.568778198962779, 0.3548096677457395, 0.05821608173788775, 0.03032568715045845, 0.015760925705896885, 0.008012280815621187, 0.003318810756641341, 0.0017633045985194348, 0.000747105303171813, 0.0002866272954287457, 9.490431640403165e-05, 2.6745982784430648e-05, 9.650123799151e-06, 2.868207448058776e-06, 1.0271913518926075e-06, 3.258878011056884e-07, 9.511688702845893e-08, 3.050660982090762e-08, 9.41680848182985e-09, 3.2744615217837067e-09, 1.1815332628390766e-09, 4.225682645147637e-10, 1.6001858707368592e-10, 6.103894891978332e-11, 2.3037548145336055e-11, 8.991934765160453e-12, 3.5575562533033235e-12]
test_rres [1.0000031543154257, 1.0306530189701029, 1.0624919680673466, 0.8749531657655621, 0.2644658985512867, 0.01685020560031245, 0.002764730038954195, 0.0014401920519881725, 0.0007484994427658209, 0.0003805098658343344, 0.00015761307732462887, 8.374079886211232e-05, 3.548065091774822e-05, 1.3612168150099275e-05, 4.5070847531443595e-06, 1.270188920621612e-06, 4.582923884720308e-07, 1.3621355221575186e-07, 4.8782169832690996e-08, 1.547668214948328e-08, 4.517179908524268e-09, 1.448784219767013e-09, 4.472120504092562e-10, 1.5550689535299443e-10, 5.6111995281688644e-11, 2.0068117598034312e-11, 7.599415509713052e-12, 2.8987903442990912e-12, 1.094072281745684e-12, 4.2703444497495724e-13, 1.6895129911115012e-13]
step_times_seconds [0.14434599876403809, 0.12444210052490234, 0.12563133239746094, 0.12491130828857422, 0.12404990196228027, 0.12495684623718262, 0.12725400924682617, 0.12473702430725098, 0.12630176544189453, 0.12628602981567383, 0.12459802627563477, 0.12653303146362305, 0.12627196311950684, 0.12502789497375488, 0.128187894821167, 0.12591910362243652, 0.12462806701660156, 0.12620019912719727, 0.12589788436889648, 0.12446379661560059, 0.12801003456115723, 0.12658381462097168, 0.12537884712219238, 0.12688493728637695, 0.12642788887023926, 0.12468767166137695, 0.12617182731628418, 0.12589502334594727, 0.12473201751708984, 0.12634706497192383, 0.12603402137756348]
