date 2025-01-26T23:42:30.059438
sample_ratio 0.04
rank 2
seed 0
l2_regularization_strength 0
input_shape (100, 100, 100)
input_size 1000000
num_train_samples 40000
num_test_samples 1000000
num_iterations 10
max_num_richardson_iterations None
num_richardson_iterations None
train_mses [21.08358923110452, 20.974816959193472, 20.75994845900177, 18.866512194337833, 10.420807931376034, 1.1513084440371588, 0.08325557920244417, 0.03254573584039185, 0.022178212491316032, 0.018531941722081963, 0.01477458260013976, 0.014444894814811463, 0.014270158053855385, 0.014259660629252201, 0.014241663981755125, 0.014236484167222114, 0.014225595951289659, 0.014211303509872184, 0.01420834312884021, 0.014196953373313321, 0.01418360924408116, 0.014181108356083067, 0.014169901683489826, 0.014157217997452358, 0.014154945105738753, 0.014144244185688803, 0.014132247653998916, 0.014130144382391612, 0.014120095954759894, 0.014108825021544683, 0.014106866716355837]
train_rres [1.000000615252131, 0.9948415155542033, 0.9846502416665007, 0.894844022770372, 0.49426187489113765, 0.054606885941583964, 0.003948835727779691, 0.0015436534788967802, 0.0010519189068524013, 0.0008789752504074824, 0.0007007626418957311, 0.0006851254567582487, 0.000676837642641407, 0.0006763397468160481, 0.0006754861607225094, 0.0006752404806505291, 0.0006747240494816184, 0.0006740461549327222, 0.000673905743220992, 0.0006733655238869113, 0.0006727326080538482, 0.0006726139902269992, 0.0006720824545683725, 0.0006714808637432951, 0.0006713730598448653, 0.0006708655121727675, 0.000670296513273231, 0.0006701967545045368, 0.0006697201547328428, 0.0006691855711746957, 0.0006690926882043328]
test_mses [21.056665852709568, 21.142864889332103, 21.179025155134692, 19.536976853641466, 10.842151156644032, 1.175382525051306, 0.0855291735313717, 0.03378231024478516, 0.023094456060305364, 0.019373814407921422, 0.015219712301217523, 0.014866811548654482, 0.01470730528738209, 0.014687594396801425, 0.014671846714046638, 0.014664570711210655, 0.014653083977508802, 0.014640384732806334, 0.01463637975915655, 0.014626106353922742, 0.014614308858089356, 0.01461124919199105, 0.014601911743462995, 0.01459083430548554, 0.01458795500163538, 0.014579441411472056, 0.014569092629537445, 0.014566121881821803, 0.014558401747125702, 0.014548793487570568, 0.014545648174059896]
test_rres [0.9999985376088872, 1.0040922014001439, 1.005809482434809, 0.9278272457567698, 0.514902757018551, 0.05581989163925966, 0.004061851437095516, 0.0016043499516086872, 0.0010967748858590678, 0.0009200785257906534, 0.0007227967689902363, 0.0007060372193562801, 0.0006984621346240822, 0.000697526048071087, 0.0006967781775470606, 0.000696432634133563, 0.0006958871196164926, 0.0006952840219456631, 0.0006950938224230529, 0.0006946059298819482, 0.0006940456570133299, 0.0006939003509309103, 0.0006934569077505717, 0.0006929308310271533, 0.0006927940904975922, 0.000692389773034767, 0.0006918983007915812, 0.0006917572175169532, 0.0006913905819128055, 0.0006909342776920277, 0.0006907849041429104]
step_times_seconds [0.11750388145446777, 0.09540796279907227, 0.09707283973693848, 0.09605979919433594, 0.09566307067871094, 0.09674692153930664, 0.09615397453308105, 0.09527397155761719, 0.09653806686401367, 0.09620404243469238, 0.09560513496398926, 0.09682202339172363, 0.09625077247619629, 0.09578800201416016, 0.09692597389221191, 0.09603595733642578, 0.09550023078918457, 0.0968010425567627, 0.09623980522155762, 0.0956108570098877, 0.09695982933044434, 0.09632110595703125, 0.09575080871582031, 0.09825897216796875, 0.09697675704956055, 0.09611916542053223, 0.09748697280883789, 0.09672307968139648, 0.09604978561401367, 0.09719300270080566, 0.09646010398864746]
