date 2025-01-26T23:42:30.059438
sample_ratio 0.02
rank 1
seed 0
l2_regularization_strength 0
input_shape (100, 100, 100)
input_size 1000000
num_train_samples 20000
num_test_samples 1000000
num_iterations 10
max_num_richardson_iterations None
num_richardson_iterations None
train_mses [21.043439863917445, 20.927567203972686, 20.77810926223276, 20.60405607216447, 20.458394415706238, 20.34725778691184, 20.266257282905215, 20.19423486699851, 20.14005358138441, 20.102878722790702, 20.068048288339213, 20.037581135081872, 20.014197143697036, 19.987243370434417, 19.959027256584296, 19.935432793237215, 19.904741284569617, 19.868911069085517, 19.82937169363667, 19.75767160120498, 19.602238655225158, 19.174380183534534, 17.57657550127008, 11.43453287123615, 2.2281422537809736, 0.314332033502453, 0.05878684697878961, 0.032681343876443975, 0.02880371429218605, 0.028185473422187204, 0.0281110661690766]
train_rres [0.9999987678469306, 0.9944924191738418, 0.9873900747590801, 0.9791189471899342, 0.9721970048685868, 0.9669157156603704, 0.9630665158752871, 0.9596439610254234, 0.9570692289851849, 0.9553026540797039, 0.953647487825503, 0.9521996677013139, 0.9510884443118207, 0.9498075824267986, 0.9484667332469109, 0.9473455080846909, 0.9458870264367552, 0.9441843498987226, 0.9423054115223937, 0.9388981737062444, 0.931511892971356, 0.9111797634682736, 0.8352509835797624, 0.5433768840116202, 0.10588285578676614, 0.01493727490514743, 0.002793591490961303, 0.0015530399886790113, 0.0013687723579351623, 0.0013393931256314392, 0.0013358572416737474]
test_mses [21.056699254976213, 21.176801335657608, 21.327095840149976, 21.515492206213235, 21.679432482538186, 21.798533725425756, 21.880441355641807, 21.98243333904571, 22.056707376236048, 22.111799401177088, 22.170246218796038, 22.212671478214027, 22.27514411746848, 22.31060960930321, 22.338641098361848, 22.40586806407111, 22.42065998830049, 22.428397651962836, 22.447774523230375, 22.33745723595565, 22.14863668549876, 21.229337487775133, 18.634428058733267, 11.811958343768469, 2.317453994695933, 0.34825530082432343, 0.06285447708850789, 0.03454553852942185, 0.030004915733052157, 0.02924047900598402, 0.02917766883047515]
test_rres [1.0000001239102527, 1.0057038714021533, 1.0128414821594462, 1.0217885819458943, 1.0295742417330087, 1.035230458607422, 1.039120319946724, 1.043964003888197, 1.0474913395591048, 1.0501077055479235, 1.0528833934253716, 1.054898204206548, 1.0578650816947512, 1.0595493673370457, 1.0608806060175526, 1.0640732704150122, 1.0647757511734222, 1.0651432192427253, 1.0660634429413163, 1.0608243834093198, 1.0518571387539606, 1.0081988568693023, 0.8849644544040389, 0.5609597052396404, 0.11005781361029661, 0.016538933275329206, 0.0029850112838539014, 0.001640596296297688, 0.0014249583511469848, 0.0013886546165239515, 0.0013856717091588833]
step_times_seconds [0.0648798942565918, 0.04879403114318848, 0.04890298843383789, 0.04890799522399902, 0.04867720603942871, 0.04834604263305664, 0.04848885536193848, 0.04836416244506836, 0.04826807975769043, 0.04860186576843262, 0.048451900482177734, 0.04849720001220703, 0.048684120178222656, 0.04855227470397949, 0.048829078674316406, 0.04888105392456055, 0.04873204231262207, 0.048716068267822266, 0.04870486259460449, 0.048554182052612305, 0.04858899116516113, 0.04867291450500488, 0.048436880111694336, 0.04862499237060547, 0.0487210750579834, 0.048523902893066406, 0.04878807067871094, 0.04895901679992676, 0.04873800277709961, 0.04901003837585449, 0.04902815818786621]
