date 2025-01-26T23:42:30.059438
sample_ratio 0.09
rank 8
seed 0
l2_regularization_strength 0
input_shape (100, 100, 100)
input_size 1000000
num_train_samples 90000
num_test_samples 1000000
num_iterations 10
max_num_richardson_iterations None
num_richardson_iterations None
train_mses [21.12074510091802, 20.897403107579233, 19.961128780143298, 8.029614815428326, 0.8245657629474565, 0.04567900559098714, 0.024903911207498165, 0.014603920006828502, 0.00997715447501343, 0.005555591231894581, 0.0038398762028753145, 0.0027790404151450112, 0.001765565000266111, 0.0013375510377238735, 0.0008978122755119806, 0.0006964128963840092, 0.0005990037880161444, 0.0005302764250907973, 0.00045284839603845664, 0.00037884508653868035, 0.0002954656180305956, 0.0002249065959233047, 0.00020312352192416815, 0.00017932153261307184, 0.0001619692492005698, 0.0001488966513655166, 0.0001333430599222983, 0.00012139326977982364, 0.0001094741614587492, 9.822778289228477e-05, 8.924877003756551e-05]
train_rres [0.9999969080882569, 0.989422408859281, 0.9450929390377996, 0.3801755075496355, 0.03904044149593242, 0.0021627487163579234, 0.0011791172180625484, 0.0006914469533634955, 0.00047238502140242613, 0.0002630387340953865, 0.0001818053440808814, 0.00013157830414214534, 8.359362005738202e-05, 6.332858503538193e-05, 4.250841981501114e-05, 3.2972830258082475e-05, 2.836083353533121e-05, 2.510682189426371e-05, 2.144086270192712e-05, 1.7937052569544147e-05, 1.3989312548643894e-05, 1.0648577948236498e-05, 9.617221973638451e-06, 8.490277085864983e-06, 7.668704282544756e-06, 7.049760331785829e-06, 6.313349600129861e-06, 5.7475668525193695e-06, 5.183236786923086e-06, 4.650758233732003e-06, 4.2256318923315904e-06]
test_mses [21.056701372931382, 21.165442454834402, 20.67768014395726, 8.37519563713322, 0.8672951503195662, 0.047582718729051815, 0.025892547206983252, 0.01520878734304785, 0.010472321210609245, 0.005890686715059489, 0.004074461417383752, 0.0029444063068987656, 0.001888973282836233, 0.0014379182075627572, 0.0009641396005632447, 0.0007517180752195685, 0.0006451324382054064, 0.0005720835987550374, 0.0004848727441611225, 0.0004040598347187664, 0.00031355248741114295, 0.00023569933096753877, 0.0002130906756509352, 0.00018721184093787894, 0.00016878347087679303, 0.0001556926016227215, 0.00013888279175782828, 0.00012614534797612776, 0.00011448835811499455, 0.00010233496336019178, 9.273223559285269e-05]
test_rres [1.0000002244937016, 1.005164428724403, 0.9820001917559417, 0.3977449919139898, 0.04118856651197905, 0.0022597428043615885, 0.0012296585567282716, 0.0007222779336594422, 0.0004973392259360093, 0.00027975360115303235, 0.00019349955436573954, 0.0001398322992643332, 8.970890898073587e-05, 6.828792909675768e-05, 4.578778983140848e-05, 3.5699715290728475e-05, 3.0637874926739495e-05, 2.716872491337233e-05, 2.3027009046882765e-05, 1.9189136905701564e-05, 1.4890867864269412e-05, 1.1193556849485843e-05, 1.011985304414205e-05, 8.890845705131242e-06, 8.015667116056089e-06, 7.393970870236804e-06, 6.595659048224697e-06, 5.990747271418548e-06, 5.437147148037437e-06, 4.859972344258025e-06, 4.403930832673718e-06]
step_times_seconds [0.2509939670562744, 0.21256184577941895, 0.21647095680236816, 0.21529412269592285, 0.21381187438964844, 0.21563172340393066, 0.21421122550964355, 0.21329116821289062, 0.2179880142211914, 0.2160964012145996, 0.21526503562927246, 0.2176501750946045, 0.2166118621826172, 0.21463775634765625, 0.21950006484985352, 0.21598601341247559, 0.2147829532623291, 0.21695590019226074, 0.21581077575683594, 0.21454596519470215, 0.21714401245117188, 0.215864896774292, 0.21479010581970215, 0.21688294410705566, 0.2156689167022705, 0.21454811096191406, 0.21738600730895996, 0.2159731388092041, 0.2146899700164795, 0.21779179573059082, 0.21598291397094727]
