date 2025-01-26T23:42:30.059438
sample_ratio 0.07
rank 2
seed 0
l2_regularization_strength 0
input_shape (100, 100, 100)
input_size 1000000
num_train_samples 70000
num_test_samples 1000000
num_iterations 10
max_num_richardson_iterations None
num_richardson_iterations None
train_mses [21.119151598151944, 21.049354017157572, 20.813556368853785, 16.19893399550959, 4.3651093996801835, 0.20216338866916184, 0.04501578666815101, 0.02706439164002647, 0.022262340933498954, 0.01990913021137415, 0.017688466975216376, 0.01715866691917044, 0.016493876198665682, 0.016019072781181407, 0.01565807982939473, 0.015286271919746429, 0.015110719016985276, 0.014963730333585201, 0.014856972378101421, 0.014816900021696772, 0.014773770095807786, 0.014753912175761084, 0.01474020063719794, 0.014722056648036743, 0.014717451922410444, 0.014705819568002015, 0.014691390515977365, 0.014688553011680294, 0.01467576307210068, 0.014660963993798112, 0.0146581330622053]
train_rres [0.9999998756389499, 0.9966949335824526, 0.9855298250844209, 0.767025697301716, 0.2066895934026331, 0.00957251348797558, 0.0021315146520317447, 0.001281509257059294, 0.0010541303262806706, 0.0009427049018955846, 0.0008375556514783433, 0.0008124694169439121, 0.0007809913230090754, 0.0007585092002670437, 0.0007414160464433454, 0.0007238108002438527, 0.0007154983034035643, 0.0007085383332344372, 0.0007034833033620919, 0.0007015858620167343, 0.0006995436435912045, 0.0006986033635101198, 0.0006979541169343642, 0.0006970949921338026, 0.0006968769566207638, 0.0006963261602070085, 0.0006956429390954416, 0.0006955085821857424, 0.0006949029736730329, 0.0006942022316762079, 0.00069406818598656]
test_mses [21.056665852709568, 21.101145078196147, 21.004636089163192, 16.50389796414156, 4.460432210274509, 0.2063143410427582, 0.04631303588076677, 0.027796401057160445, 0.022847179803465272, 0.020400074767456824, 0.018057545250728828, 0.017499722211592184, 0.016825052427652278, 0.0163075275187407, 0.01594360804093354, 0.015543188607673212, 0.01534077774612727, 0.015195904818345643, 0.015072127938390313, 0.015021476818447765, 0.014979118634954436, 0.014952646616014297, 0.01493674295289789, 0.014917223770294212, 0.014911043614289953, 0.01490066060380993, 0.014883718694224267, 0.014881414030600313, 0.014871304421824475, 0.014853596137282264, 0.014852060479110432]
test_rres [0.9999985376088872, 1.0021108929433775, 0.997527600955266, 0.7837838119497031, 0.21182962766178476, 0.00979803928948946, 0.002199444512106134, 0.0013200741562023571, 0.0010850315311914686, 0.000968816482023611, 0.0008575678110602442, 0.000831076331958893, 0.0007990357039683038, 0.0007744580165173176, 0.0007571751784763785, 0.0007381589272573386, 0.0007285462674488983, 0.0007216661318693093, 0.0007157878651099405, 0.000713382401385289, 0.0007113707760954452, 0.000710113597945169, 0.0007093583197843113, 0.0007084313376022539, 0.0007081378368643077, 0.000707644739079092, 0.0007068401537317026, 0.0007067307033434144, 0.0007062505896320437, 0.0007054096085019046, 0.0007053366788207841]
step_times_seconds [0.19681572914123535, 0.1648390293121338, 0.16743111610412598, 0.16564083099365234, 0.16507387161254883, 0.16725516319274902, 0.16531991958618164, 0.16406989097595215, 0.16686606407165527, 0.16651082038879395, 0.16570281982421875, 0.1681210994720459, 0.16641616821289062, 0.16540908813476562, 0.16980814933776855, 0.1667337417602539, 0.16627001762390137, 0.16865992546081543, 0.16686511039733887, 0.16512417793273926, 0.1679980754852295, 0.16680502891540527, 0.1652369499206543, 0.16946721076965332, 0.16566181182861328, 0.16507911682128906, 0.16680383682250977, 0.16597294807434082, 0.16521501541137695, 0.16756916046142578, 0.16583585739135742]
