date 2025-01-26T23:42:30.059438
sample_ratio 0.09
rank 4
seed 0
l2_regularization_strength 0
input_shape (100, 100, 100)
input_size 1000000
num_train_samples 90000
num_test_samples 1000000
num_iterations 10
max_num_richardson_iterations None
num_richardson_iterations None
train_mses [21.120854623374726, 21.02511329611402, 20.79284312815528, 13.566228029042415, 4.394587722212069, 0.08429070733392152, 0.03527893087717952, 0.027547707610854226, 0.023562268815849625, 0.019493669824924006, 0.018075348445747725, 0.01634459976763746, 0.01145124702958968, 0.00653908631855236, 0.005511257620760229, 0.005237795772165314, 0.005053278830710306, 0.004755177353057548, 0.00449193192436687, 0.004391510999310878, 0.004095199612394288, 0.0038561896207785877, 0.0037919900110660754, 0.00358229665081251, 0.0034084498930606723, 0.003347843523725184, 0.003222386810060141, 0.0030987475971613753, 0.003038621597230496, 0.002959942267940927, 0.002867346801274722]
train_rres [1.000002093611663, 0.9954690607674377, 0.984471842218089, 0.6423156957125061, 0.20806908627213505, 0.00399088414313707, 0.0016703398307811334, 0.0013042921688674802, 0.0011155949210508603, 0.0009229603150397408, 0.0008558075234561662, 0.0007738623402479811, 0.0005421783923166037, 0.0003096039495306612, 0.00026093968532381583, 0.0002479921779433528, 0.00023925591555946132, 0.00022514180384015735, 0.00021267800990195943, 0.00020792341369413016, 0.00019389405680676097, 0.00018257773006374693, 0.00017953809245123702, 0.00016960981052281736, 0.00016137874578516992, 0.00015850923613215542, 0.00015256927875070378, 0.00014671537397478477, 0.00014386860821253048, 0.00014014340412318198, 0.0001357593172963792]
test_mses [21.0567193515457, 21.118994032178524, 21.115125157531548, 13.815937053339898, 4.470403619561111, 0.08596530664556551, 0.03636359190272291, 0.028378112099363043, 0.02449780070686151, 0.02033415405228346, 0.01888364837109001, 0.017063715131107864, 0.011987510836941094, 0.006764930290979914, 0.0056841663401640055, 0.0054232719310667865, 0.005233800545175084, 0.004902019648353136, 0.004652257176823105, 0.004545258074478489, 0.0042194215804264665, 0.003988265386713907, 0.003917882695496819, 0.003688668622226216, 0.0035175275275955015, 0.0034524427042035475, 0.0033157059046779224, 0.0031922494207883984, 0.0031290180681535955, 0.003043492057061032, 0.0029501126910142133]
test_rres [1.000001078313017, 1.0029585545819808, 1.002774818513971, 0.6561303173863352, 0.21230317816471106, 0.004082563760663138, 0.0017269371599136635, 0.0013477000963954806, 0.0011634208878488284, 0.0009656858525482416, 0.0008968001338816189, 0.000810369993836738, 0.0005692968388425669, 0.0003212721541637357, 0.0002699457771448764, 0.0002575556851240173, 0.00024855753175368915, 0.00023280098159758644, 0.00022093955453089472, 0.0002158580783552014, 0.0002003838328202797, 0.0001894060333296708, 0.00018606350090870786, 0.00017517793432977655, 0.00016705030170490509, 0.00016395936942399458, 0.00015746562532797237, 0.00015160257444368563, 0.00014859966502734522, 0.00014453796377709343, 0.00014010330018206623]
step_times_seconds [0.2561039924621582, 0.21233797073364258, 0.215087890625, 0.21368098258972168, 0.21267914772033691, 0.21411895751953125, 0.21291399002075195, 0.21149587631225586, 0.2170119285583496, 0.21406793594360352, 0.21357393264770508, 0.21642208099365234, 0.21458721160888672, 0.21329998970031738, 0.21594023704528809, 0.2145519256591797, 0.2133502960205078, 0.21583986282348633, 0.21456193923950195, 0.21329307556152344, 0.21600103378295898, 0.21557879447937012, 0.213209867477417, 0.21605992317199707, 0.21427488327026367, 0.2131361961364746, 0.21622872352600098, 0.21456384658813477, 0.21338891983032227, 0.21571826934814453, 0.21422600746154785]
