date 2025-01-26T23:42:30.059438
sample_ratio 0.02
rank 2
seed 0
l2_regularization_strength 0
input_shape (100, 100, 100)
input_size 1000000
num_train_samples 20000
num_test_samples 1000000
num_iterations 10
max_num_richardson_iterations None
num_richardson_iterations None
train_mses [21.043458888567347, 20.85733002161041, 20.49547047606598, 19.688881113623093, 17.136129501543234, 10.29162347711808, 0.9967594937896319, 0.13023696417820774, 0.036759817256077985, 0.028003325589764528, 0.025193837897005432, 0.02260537926726387, 0.020781010753688392, 0.019869259143064828, 0.019346554143608682, 0.019104456975060417, 0.01872178256227142, 0.01856372212174753, 0.018340738664494458, 0.018071622619435356, 0.017864139934059057, 0.017526623764196187, 0.01717437280964983, 0.016803824231535668, 0.016316803285394883, 0.01590099348154207, 0.015493044311491247, 0.015059939664118975, 0.014808478188272661, 0.01458278080705138, 0.01439533100185525]
train_rres [0.9999996719114078, 0.9911546998525937, 0.9739588848138866, 0.935629202318186, 0.814320686067654, 0.48906504178099414, 0.047366698224013924, 0.006188950311761801, 0.0017468518550233414, 0.0013307373350778715, 0.0011972285433019818, 0.0010742232049588591, 0.0009875279556330872, 0.0009442008906141514, 0.0009193615887327207, 0.0009078569644026171, 0.0008896720125244927, 0.0008821608714377042, 0.0008715645438436751, 0.0008587759638773178, 0.0008489162436477541, 0.0008328772426016366, 0.0008161380344304831, 0.0007985293105746005, 0.0007753857395041924, 0.0007556261710020644, 0.000736240145236643, 0.0007156587138489125, 0.0007037090911810683, 0.0006929837960493272, 0.0006840760520948469]
test_mses [21.056665852709568, 21.23977324449781, 21.532044495996324, 21.53906785803261, 18.318539861892344, 10.750806044241752, 1.066981156220022, 0.13959850275471844, 0.03955933892084655, 0.03002010173013344, 0.02697143053430272, 0.024145795029522722, 0.022118390292562382, 0.021229944536945607, 0.020656156494378474, 0.02043159940949312, 0.020095658232236177, 0.019966255105060615, 0.019734454293549218, 0.01950905720188625, 0.019349511941467248, 0.018957100314300302, 0.018624709107925297, 0.018271361147381766, 0.01771149620561079, 0.01724777389881792, 0.016805954358070422, 0.016308831754820972, 0.01598001105976285, 0.01572368943962465, 0.015499130084046612]
test_rres [0.9999985376088872, 1.0086944596173593, 1.0225746639254891, 1.0229082092177264, 0.8699626617603957, 0.5105647018174593, 0.05067182066428445, 0.006629648757481003, 0.0018787058381576779, 0.001425679546752198, 0.0012808956213764362, 0.0011467038460801517, 0.0010504207124500103, 0.001008227686138237, 0.0009809780157736018, 0.0009703136134382166, 0.0009543594881113749, 0.0009482140262019376, 0.0009372056132770526, 0.0009265013183226233, 0.000918924381488585, 0.0009002884276271063, 0.0008845028933637942, 0.0008677221054516782, 0.0008411336546995181, 0.0008191110974773443, 0.0007981287207931612, 0.0007745199557712381, 0.0007589039880537587, 0.0007467310615758114, 0.0007360665514033457]
step_times_seconds [0.06498575210571289, 0.049513816833496094, 0.04962897300720215, 0.04966998100280762, 0.049223899841308594, 0.04917788505554199, 0.04936408996582031, 0.049019813537597656, 0.0490870475769043, 0.04951024055480957, 0.049092769622802734, 0.04944205284118652, 0.049757957458496094, 0.0490260124206543, 0.049417972564697266, 0.04938006401062012, 0.049247026443481445, 0.04953598976135254, 0.05047321319580078, 0.04946112632751465, 0.0496518611907959, 0.04954695701599121, 0.049340009689331055, 0.049456119537353516, 0.049874067306518555, 0.049169063568115234, 0.04946303367614746, 0.04953598976135254, 0.049326181411743164, 0.04980039596557617, 0.04990720748901367]
