date 2025-01-26T23:42:30.059438
sample_ratio 0.03
rank 4
seed 0
l2_regularization_strength 0
input_shape (100, 100, 100)
input_size 1000000
num_train_samples 30000
num_test_samples 1000000
num_iterations 10
max_num_richardson_iterations None
num_richardson_iterations None
train_mses [21.15567668119136, 20.863651215864742, 20.407021666880564, 18.135977045162917, 12.091031829323736, 2.0106913573723095, 0.13832299874410112, 0.04195887674121335, 0.026705193965316516, 0.021628915437254558, 0.01913035898311944, 0.017856924414828376, 0.016432386047920366, 0.014740598645564948, 0.012762281749889663, 0.011571182193894233, 0.010723917357287558, 0.01030499902370024, 0.009871558099155166, 0.00933604204643232, 0.009056689701946752, 0.008685776032557598, 0.008310951876832232, 0.00808430992650362, 0.007792260743424704, 0.007526837797718807, 0.0072698217216807205, 0.00683588142070386, 0.006213276058324554, 0.005234843036083492, 0.0040704001595784555]
train_rres [1.0000041183580248, 0.9862004158155453, 0.9646160705625232, 0.8572664447899007, 0.5715289473709617, 0.09504303116462481, 0.0065383665335891055, 0.0019833470786682116, 0.001262323316304459, 0.0010223735614234204, 0.0009042697171579939, 0.0008440759529999937, 0.0007767396888315434, 0.0006967708750121419, 0.0006032581468255085, 0.000546956262498225, 0.0005069070436188362, 0.00048710526345571606, 0.00046661701738626556, 0.0004413037992727658, 0.0004280991403451268, 0.00041056648456984704, 0.00039284898467447954, 0.00038213588449164277, 0.000368331060838724, 0.00035578482831624485, 0.00034363597870034913, 0.0003231241276904412, 0.000293694299664915, 0.00024744491390792626, 0.00019240305967440204]
test_mses [21.0567193515457, 21.33535732054391, 21.672442311009657, 20.155675025653366, 13.545484302784976, 2.2998371872285754, 0.1506049822177273, 0.04678705347294682, 0.029374450441386202, 0.024071113121676764, 0.021748206873411963, 0.0206687474542708, 0.019037402764453377, 0.01701994741768934, 0.014533462123426278, 0.013164309314173487, 0.012257773893700901, 0.011974713490911663, 0.011545706745156334, 0.010931702841685204, 0.010689450123323438, 0.010337852232643354, 0.009887191664975875, 0.00964485599250417, 0.009361856219418874, 0.008982656383315597, 0.008626058343414034, 0.008093962729216192, 0.0070933974878337695, 0.005866163825128833, 0.0045146628499814455]
test_rres [1.000001078313017, 1.013233826720081, 1.029242272685532, 0.9572097354425041, 0.6432862917965754, 0.10922117680236491, 0.0071523556021553135, 0.002221956000976056, 0.0013950170311826, 0.001143157140293291, 0.0010328403946358374, 0.0009815759709089255, 0.000904102057632977, 0.0008082914288008884, 0.0006902061784843429, 0.0006251839752260949, 0.0005821318557165579, 0.0005686890822582994, 0.0005483151958424464, 0.0005191556408657847, 0.0005076508582098748, 0.000490953182568068, 0.00046955093817772545, 0.0004580422159622857, 0.0004446023218589879, 0.00042659380692042687, 0.0004096586700421508, 0.0003843890077039667, 0.0003368713339581037, 0.0002785889887571224, 0.0002144050857509177]
step_times_seconds [0.09135007858276367, 0.0728907585144043, 0.07398605346679688, 0.07336020469665527, 0.07253885269165039, 0.07323288917541504, 0.07305788993835449, 0.07247400283813477, 0.07364320755004883, 0.07314467430114746, 0.07254815101623535, 0.07357907295227051, 0.0732259750366211, 0.07284092903137207, 0.07346606254577637, 0.07321596145629883, 0.0726020336151123, 0.07350492477416992, 0.07341909408569336, 0.07258391380310059, 0.0735328197479248, 0.07323384284973145, 0.07257580757141113, 0.07367801666259766, 0.07319498062133789, 0.0726931095123291, 0.07427000999450684, 0.07375001907348633, 0.07286787033081055, 0.07384181022644043, 0.07362198829650879]
