date 2025-01-26T23:42:30.059438
sample_ratio 0.02
rank 8
seed 0
l2_regularization_strength 0
input_shape (100, 100, 100)
input_size 1000000
num_train_samples 20000
num_test_samples 1000000
num_iterations 10
max_num_richardson_iterations None
num_richardson_iterations None
train_mses [21.04324338533673, 20.163062753952975, 18.937975171256156, 15.795489577408388, 8.893847567089711, 1.7477702189542863, 0.2096251457020976, 0.053833313582534015, 0.029675438735408476, 0.02236600497352777, 0.015502047768433062, 0.010618366907245368, 0.008456414318723671, 0.006975070482469005, 0.006494353300934989, 0.005939634110072032, 0.005618727420791166, 0.005313752298493663, 0.005051284257169437, 0.004825226895688854, 0.004538752114190679, 0.00424639171041213, 0.004028490738460996, 0.0037835365659242546, 0.0035596725401909886, 0.003442507197417578, 0.003254936890189359, 0.0030527496728036253, 0.0029621717985530522, 0.002771138316924688, 0.0025669059428749643]
train_rres [0.9999894310493397, 0.9581626407261614, 0.8999456343277915, 0.7506125527524348, 0.4226417670315454, 0.08305524556518404, 0.009961531421070962, 0.0025581961694369987, 0.0014101973043679553, 0.0010628479735167425, 0.0007366679957167166, 0.000504592114809089, 0.00040185463754083067, 0.0003314601573326626, 0.0003086161455016342, 0.0002822555071767583, 0.00026700580009702597, 0.0002525131720621769, 0.00024004050981585523, 0.00022929810817405312, 0.00021568462908651083, 0.0002017914611711701, 0.00019143665678211154, 0.000179796265653106, 0.0001691580928379109, 0.0001635903149857417, 0.00015467684469163307, 0.00014506876875121531, 0.00014076444573033516, 0.000131686403001521, 0.00012198113980667765]
test_mses [21.056701372931382, 21.884258217216487, 22.772406155647367, 21.347539563945002, 11.7056921475281, 2.313642990896247, 0.29163602266797517, 0.070014816547091, 0.03849264786025332, 0.03015283284213825, 0.021321136563447397, 0.015212270183287217, 0.012587393670336147, 0.010653302662553366, 0.010453200875606047, 0.009996976753084119, 0.009786606275840212, 0.009683348665012689, 0.00943626106252256, 0.009173792861643609, 0.008693666210568118, 0.008296775291195359, 0.007908134119415829, 0.007454707744089303, 0.007200038012962642, 0.007036929008255266, 0.006636041227071831, 0.006341945539705306, 0.006212529758442434, 0.005630900302551528, 0.005189903935755993]
test_rres [1.0000002244937016, 1.0393015858707613, 1.0814804685971993, 1.0138123715700162, 0.5559130353831231, 0.10987682587685553, 0.013850036763750982, 0.0033250617475622827, 0.0018280477943754783, 0.0014319830574232824, 0.0010125584711628587, 0.0007224433366330399, 0.0005977857724813432, 0.0005059341852968317, 0.0004964311853575277, 0.00047476472312959995, 0.000464774054565473, 0.00045987026492722775, 0.00044813586961128457, 0.0004356710369125213, 0.0004128694237653591, 0.0003940207445993774, 0.00037556385279358736, 0.00035403025790199736, 0.0003419357810042154, 0.00033418959899614466, 0.0003151511055455246, 0.0003011842572638076, 0.0002950381944012614, 0.0002674161288097938, 0.0002464728453397937]
step_times_seconds [0.06500601768493652, 0.050576210021972656, 0.051029205322265625, 0.051171064376831055, 0.050634145736694336, 0.05086398124694824, 0.05061602592468262, 0.050230979919433594, 0.05069899559020996, 0.050850868225097656, 0.050560951232910156, 0.05080699920654297, 0.050909996032714844, 0.05046796798706055, 0.050868988037109375, 0.05106306076049805, 0.05059480667114258, 0.050786733627319336, 0.05083918571472168, 0.05042695999145508, 0.050942182540893555, 0.0509638786315918, 0.050837039947509766, 0.05089569091796875, 0.050891876220703125, 0.050608158111572266, 0.050798892974853516, 0.050927162170410156, 0.05062508583068848, 0.051007986068725586, 0.05100393295288086]
