date 2025-01-26T23:42:30.059438
sample_ratio 0.06
rank 1
seed 0
l2_regularization_strength 0
input_shape (100, 100, 100)
input_size 1000000
num_train_samples 60000
num_test_samples 1000000
num_iterations 10
max_num_richardson_iterations None
num_richardson_iterations None
train_mses [21.06393582278174, 21.031667102199542, 20.986215163668593, 20.89338641390238, 20.83375673331444, 20.770126084089267, 20.66597265887272, 19.914275690906592, 15.629985443141134, 4.845981933329105, 0.7989414421760221, 0.06719756926450926, 0.03189885973795543, 0.028505604040498365, 0.028159220507605286, 0.02814006900450728, 0.028138206184996427, 0.028138090539934893, 0.028138080643309055, 0.028138079880093925, 0.028138079833612793, 0.028138079829263262, 0.028138079828957264, 0.02813807982893758, 0.028138079828935784, 0.028138079828935663, 0.02813807982893566, 0.028138079828935656, 0.028138079828935656, 0.028138079828935653, 0.028138079828935653]
train_rres [0.9999992711819324, 0.9984673306492768, 0.9963095237803633, 0.9919025277235987, 0.9890716400096198, 0.9860508084145488, 0.9811061793488354, 0.945419761271982, 0.7420253357789249, 0.23006044275204918, 0.037929324634049064, 0.0031901692473364387, 0.0015143815836634797, 0.0013532885546617, 0.0013368441786743848, 0.0013359349711406564, 0.0013358465347644319, 0.0013358410445759776, 0.0013358405747388728, 0.0013358405385056362, 0.0013358405362989688, 0.001335840536092477, 0.00133584053607795, 0.0013358405360770155, 0.0013358405360769303, 0.0013358405360769246, 0.0013358405360769244, 0.0013358405360769242, 0.0013358405360769242, 0.001335840536076924, 0.001335840536076924]
test_mses [21.056699254976213, 21.08835809321021, 21.132901777962267, 21.22173690210562, 21.279694353154987, 21.307401334458227, 21.215457695465822, 20.468052347801084, 16.230860667977943, 4.949023189446137, 0.8276225711653872, 0.06894703072869508, 0.03263794106174493, 0.029203185318970697, 0.02885716640953972, 0.028838820822998473, 0.028840152522350827, 0.028840100517887674, 0.028840027409924248, 0.02884008991176047, 0.02884008695230878, 0.028840085924622075, 0.0288400873027308, 0.028840087153109952, 0.02884008714870838, 0.02884008717887358, 0.028840087174590627, 0.02884008717477909, 0.028840087175408636, 0.028840087175309302, 0.02884008717531777]
test_rres [1.0000001239102527, 1.001503628413665, 1.0036190449721718, 1.0078378987476486, 1.010590346200551, 1.0119061737384245, 1.0075396940128123, 0.9720447937330693, 0.770817044143908, 0.23503321877531572, 0.03930448280115516, 0.003274351712823425, 0.0015500029093214749, 0.0013868835083752902, 0.0013704507831833544, 0.0013695795360523437, 0.0013696427795598487, 0.0013696403098247317, 0.0013696368378668718, 0.0013696398061309482, 0.0013696396655841314, 0.0013696396167784367, 0.0013696396822259638, 0.0013696396751203454, 0.0013696396749113113, 0.0013696396763438815, 0.0013696396761404806, 0.001369639676149431, 0.0013696396761793286, 0.001369639676174611, 0.0013696396761750133]
step_times_seconds [0.17016100883483887, 0.140610933303833, 0.14247822761535645, 0.14144492149353027, 0.14035630226135254, 0.1415107250213623, 0.14055299758911133, 0.1397240161895752, 0.1416020393371582, 0.1411120891571045, 0.14071106910705566, 0.14407610893249512, 0.14069771766662598, 0.14001822471618652, 0.14162898063659668, 0.14102816581726074, 0.14005303382873535, 0.14423418045043945, 0.14180397987365723, 0.14088988304138184, 0.14257001876831055, 0.14200592041015625, 0.1409919261932373, 0.14272475242614746, 0.141373872756958, 0.140488862991333, 0.14235901832580566, 0.1414339542388916, 0.14028191566467285, 0.1422898769378662, 0.14141011238098145]
