date 2025-01-26T23:42:30.059438
sample_ratio 0.2
rank 16
seed 0
l2_regularization_strength 0
input_shape (100, 100, 100)
input_size 1000000
num_train_samples 200000
num_test_samples 1000000
num_iterations 10
max_num_richardson_iterations None
num_richardson_iterations None
train_mses [21.075277966255907, 20.914497829676943, 19.831911692760972, 5.197703436521435, 0.24523668078684374, 0.02382591230992252, 0.009777984089169824, 0.002051573117667109, 0.00043263557473477725, 9.653853947230541e-05, 2.1894739844513254e-05, 7.481658359498552e-06, 1.0327643828426562e-06, 1.7542183342477826e-07, 1.2581075200057892e-08, 1.9077877521557036e-09, 2.1142802862859635e-10, 3.1261915587006044e-11, 4.5994622090441225e-12, 6.492275437087673e-13, 1.074172216862144e-13, 1.6064853436536623e-14, 2.551507148675081e-15, 4.2184468791984973e-16, 6.56031047405484e-17, 1.0691833744441241e-17, 1.794823328367676e-18, 2.853211345855277e-19, 4.798899425554155e-20, 8.794610178325893e-21, 2.0580223139067596e-21]
train_rres [1.0000009369824092, 0.992372079726787, 0.9410044463786768, 0.24662584830436343, 0.011636236113324528, 0.0011305157954514984, 0.0004639556008051079, 9.734509994315866e-05, 2.052812687924702e-05, 4.5806574927167665e-06, 1.0388835864730004e-06, 3.549972333299653e-07, 4.9003640767077846e-08, 8.323591179808987e-09, 5.969594806031929e-10, 9.052262763859492e-11, 1.0032049260344863e-11, 1.4833467406183308e-12, 2.1823989823638914e-13, 3.080519996286876e-14, 5.096840122642738e-15, 7.622612861734736e-16, 1.2106647150645765e-16, 2.0016110053510426e-17, 3.1128019433263085e-18, 5.0731685625310985e-19, 8.516257830427178e-20, 1.3538203500008214e-20, 2.277029954111225e-21, 4.172954887144161e-22, 9.765110787779944e-23]
test_mses [21.056763065298654, 21.157920254310653, 20.43024937396335, 5.303148150557063, 0.2497636708949438, 0.024348118446196772, 0.010093548685082502, 0.0021349343531293294, 0.00045562442699889063, 0.00010128647724035365, 2.2980052117479925e-05, 7.876165356441761e-06, 1.085146687684117e-06, 1.8641082726960817e-07, 1.3682829428108268e-08, 2.096653561104564e-09, 2.372952960676848e-10, 3.5405071623760785e-11, 5.2002618778065024e-12, 7.458844220592961e-13, 1.230840288680419e-13, 1.8387135050322516e-14, 2.9475221531477643e-15, 4.856112931647686e-16, 7.550024838626375e-17, 1.2381597732590493e-17, 2.0709945910429563e-18, 3.293364067069337e-19, 5.549882913366109e-20, 1.0017396198602515e-20, 2.26331911716073e-21]
test_rres [1.0000031543154257, 1.0048071931783784, 0.9702494991304274, 0.25185090708925933, 0.011861484025526848, 0.0011563123530590497, 0.00047935100433138013, 0.00010138980434766135, 2.163798218981322e-05, 4.810178868221722e-06, 1.0913417476631929e-06, 3.7404562970704304e-07, 5.153451683024207e-08, 8.85280490121297e-09, 6.49808925789617e-10, 9.95718177627458e-11, 1.126935055668453e-11, 1.681416236328924e-12, 2.4696475260448606e-13, 3.542267026042805e-14, 5.8453626861924835e-15, 8.732203041904462e-16, 1.3998027338873674e-16, 2.306208335203462e-17, 3.585569458312706e-18, 5.88012352594689e-19, 9.835325197851192e-20, 1.5640459291703133e-20, 2.635685457559038e-21, 4.757344595446627e-22, 1.0748690334617838e-22]
step_times_seconds [0.5568020343780518, 0.5059137344360352, 0.5073096752166748, 0.5128920078277588, 0.5058839321136475, 0.5121681690216064, 0.5086719989776611, 0.5063159465789795, 0.5119261741638184, 0.5056538581848145, 0.5075578689575195, 0.5164740085601807, 0.5110876560211182, 0.5114729404449463, 0.5082178115844727, 0.5086429119110107, 0.50736403465271, 0.5120081901550293, 0.5107400417327881, 0.5086410045623779, 0.5118720531463623, 0.5098860263824463, 0.5103001594543457, 0.5131778717041016, 0.5121798515319824, 0.5097780227661133, 0.5111348628997803, 0.5132369995117188, 0.5107851028442383, 0.513329029083252, 0.5125560760498047]
