date 2025-01-26T23:42:30.059438
sample_ratio 0.03
rank 2
seed 0
l2_regularization_strength 0
input_shape (100, 100, 100)
input_size 1000000
num_train_samples 30000
num_test_samples 1000000
num_iterations 10
max_num_richardson_iterations None
num_richardson_iterations None
train_mses [21.155602289900692, 21.002691045308442, 20.767361932313698, 20.012867710930877, 16.20867365569503, 6.253474409029383, 0.3430711190373034, 0.06312988128001619, 0.027538249783483192, 0.02252542308559939, 0.01601111050083645, 0.01483958325012471, 0.014292536370247117, 0.014263175228857021, 0.014239753029563028, 0.014237526851656973, 0.014224519505850746, 0.014211196758224421, 0.014208258802439245, 0.014195230807199201, 0.014181296876492324, 0.014178317228683141, 0.014164966243981768, 0.014150637305136089, 0.014147714674454926, 0.014134291667709287, 0.014119842473562945, 0.014117023120866138, 0.014103784512649584, 0.014089479094871831, 0.014086793335801713]
train_rres [1.000000601968634, 0.9927726660987573, 0.9816489338868016, 0.9459848735955539, 0.7661650654373431, 0.2955944287348477, 0.016216570951474753, 0.002984075726946412, 0.0013017008914840526, 0.0010647504304782094, 0.000756826485940615, 0.000701449761615746, 0.0006755914947752975, 0.0006742036279274412, 0.0006730964879333886, 0.0006729912591048429, 0.0006723764170664079, 0.0006717466663524536, 0.0006716077926152054, 0.0006709919745021608, 0.000670333333878097, 0.0006701924894075872, 0.0006695614039600875, 0.0006688840917628313, 0.000668745942425344, 0.0006681114525799626, 0.0006674284560551509, 0.0006672951885473137, 0.0006666694150049504, 0.000665993214621093, 0.0006658662619278981]
test_mses [21.056665852709568, 21.193025883881706, 21.346285404295557, 20.972403115467035, 16.826167289733526, 6.427091695870362, 0.35980865425977043, 0.06616054362091861, 0.028770416882029876, 0.023555173980726016, 0.016641402185356244, 0.015378280333672001, 0.01486115827442559, 0.014827051892006615, 0.014807113343454241, 0.01481000846542003, 0.014801074619715103, 0.014786809132268616, 0.014786618024393633, 0.014777861272375657, 0.014762614854531701, 0.014762271153511215, 0.014753251253026381, 0.014737706995743284, 0.0147373129693761, 0.014728234437130883, 0.014712707507258055, 0.014712201745019755, 0.014703290830751852, 0.014688046750260463, 0.014687358656052314]
test_rres [0.9999985376088872, 1.0064743886630982, 1.0137528104873572, 0.9959968302822445, 0.7990886496938371, 0.3052279188882863, 0.01708761161884003, 0.0031420191273925776, 0.001366330976122972, 0.001118654762278894, 0.0007903140015386706, 0.0007303272964571758, 0.0007057687406711387, 0.0007041490002630098, 0.0007032021020439903, 0.0007033395937889913, 0.0007029153180416986, 0.0007022378382030313, 0.0007022287623314357, 0.0007018128969103176, 0.0007010888318729381, 0.000701072509226216, 0.0007006441466660032, 0.000699905936986463, 0.0006998872243472578, 0.0006994560773160823, 0.000698718690529637, 0.0006986946714611759, 0.0006982714847468597, 0.0006975475307122935, 0.0006975148525472555]
step_times_seconds [0.0910792350769043, 0.07253575325012207, 0.07331204414367676, 0.0729529857635498, 0.07221102714538574, 0.07317113876342773, 0.07270574569702148, 0.07205414772033691, 0.07299423217773438, 0.07294297218322754, 0.07222390174865723, 0.07316088676452637, 0.07271885871887207, 0.07194876670837402, 0.07313704490661621, 0.07271027565002441, 0.0722951889038086, 0.0729069709777832, 0.07298874855041504, 0.0728759765625, 0.0736398696899414, 0.07272601127624512, 0.07195115089416504, 0.07284712791442871, 0.07287096977233887, 0.07220005989074707, 0.07387781143188477, 0.07353496551513672, 0.07259488105773926, 0.07349801063537598, 0.0731048583984375]
