date 2025-01-26T23:42:30.059438
sample_ratio 0.1
rank 8
seed 0
l2_regularization_strength 0
input_shape (100, 100, 100)
input_size 1000000
num_train_samples 100000
num_test_samples 1000000
num_iterations 10
max_num_richardson_iterations None
num_richardson_iterations None
train_mses [21.125778825120562, 20.918514490282302, 19.995713568993406, 7.292277011493848, 0.736788194795511, 0.0437679526217256, 0.0244213931366589, 0.011720800054935922, 0.005874946080423203, 0.0013646861180093592, 0.0005925800295719705, 0.00034144624841624376, 0.00023979114471752946, 0.0001408384626172258, 5.41112194535877e-05, 3.9217657047100824e-05, 3.485103289404483e-05, 2.9877733027125495e-05, 2.6321433934772573e-05, 2.5182870816805594e-05, 2.2823757646648573e-05, 2.094947632840463e-05, 2.024939740448176e-05, 1.876526135973781e-05, 1.7567575993092885e-05, 1.7081308264140534e-05, 1.6078837640342228e-05, 1.52647701422876e-05, 1.491765892212798e-05, 1.4223654676447249e-05, 1.365279644379598e-05]
train_rres [0.9999969939420759, 0.9901860556800881, 0.9465049135581901, 0.34518278122913826, 0.034876157043328075, 0.002071773136272765, 0.001155996184883715, 0.0005548086495914145, 0.0002780928678950825, 6.459795054093358e-05, 2.805000720434718e-05, 1.616249156234809e-05, 1.1350607514944023e-05, 6.666643649661778e-06, 2.5613757125860123e-06, 1.85638311757381e-06, 1.649687257370136e-06, 1.4142741652393903e-06, 1.2459353583555897e-06, 1.1920410283616377e-06, 1.0803714848122664e-06, 9.916516463835387e-07, 9.585131370182596e-07, 8.882609775295757e-07, 8.315680727970325e-07, 8.085503998757778e-07, 7.610980612608572e-07, 7.225638582068815e-07, 7.061332129939135e-07, 6.732822508964341e-07, 6.462604534354311e-07]
test_mses [21.056701372931382, 21.14712800544616, 20.6066835271012, 7.533933041927448, 0.7698861824080245, 0.04555703620208192, 0.025229785755126903, 0.012109003139816572, 0.006049520379401063, 0.0014348074110636221, 0.0006265505048264738, 0.00036436639575837944, 0.0002545557630138239, 0.00014855165392655434, 5.660750270476034e-05, 4.153457002646706e-05, 3.680176515784133e-05, 3.14162210530976e-05, 2.791652857703067e-05, 2.6618313157355385e-05, 2.4067241045051403e-05, 2.2233524118401236e-05, 2.1426902358926063e-05, 1.9818239062067e-05, 1.8647457604504758e-05, 1.8085572963919254e-05, 1.69951767362433e-05, 1.620018308043848e-05, 1.579851231884534e-05, 1.5041024541160942e-05, 1.4484194752868128e-05]
test_rres [1.0000002244937016, 1.004294660322631, 0.978628503496848, 0.3577927330504349, 0.03656253377997376, 0.002163541459913265, 0.0011981834653118115, 0.0005750666091402982, 0.00028729674369875485, 6.814019478916625e-05, 2.9755403488247858e-05, 1.7304062545367976e-05, 1.2089064457513924e-05, 7.054841337420011e-06, 2.688337285609119e-06, 1.972511202733282e-06, 1.7477463714670379e-06, 1.4919824121278205e-06, 1.3257791118224489e-06, 1.2641257840706794e-06, 1.1429732521606704e-06, 1.0558885133959685e-06, 1.0175813765718885e-06, 9.411846214722604e-07, 8.855832383467743e-07, 8.588988704216359e-07, 8.071150485802551e-07, 7.693601400503813e-07, 7.502844622102593e-07, 7.143107389608337e-07, 6.87866430166418e-07]
step_times_seconds [0.2781202793121338, 0.23781299591064453, 0.2419731616973877, 0.24004197120666504, 0.24117302894592285, 0.241804838180542, 0.24177193641662598, 0.2391190528869629, 0.24268507957458496, 0.24155902862548828, 0.23985815048217773, 0.24440598487854004, 0.24097824096679688, 0.23967289924621582, 0.24256205558776855, 0.2407228946685791, 0.23790574073791504, 0.23982882499694824, 0.2385730743408203, 0.23827910423278809, 0.24088025093078613, 0.23914194107055664, 0.23804020881652832, 0.24059224128723145, 0.23858404159545898, 0.23766112327575684, 0.2416849136352539, 0.2398052215576172, 0.23815512657165527, 0.24132895469665527, 0.23967790603637695]
