date 2025-01-26T23:42:30.059438
sample_ratio 0.04
rank 16
seed 0
l2_regularization_strength 0
input_shape (100, 100, 100)
input_size 1000000
num_train_samples 40000
num_test_samples 1000000
num_iterations 10
max_num_richardson_iterations None
num_richardson_iterations None
train_mses [21.083690013221126, 20.24902161585188, 18.857691503823446, 14.885091419283306, 6.558049033008668, 0.5251143117501736, 0.08222575924340247, 0.029626653468146327, 0.020884671843301447, 0.013008963388893392, 0.006761657340664415, 0.003520259391473054, 0.0015091637053458202, 0.0007568582770660344, 0.0003200644142716724, 0.00012253192092341185, 4.13219073682621e-05, 1.5461161410313822e-05, 5.9623098080195305e-06, 2.7849535618112945e-06, 1.0984592018025238e-06, 4.895079154532847e-07, 1.8343935935426135e-07, 6.294259189439663e-08, 2.3763920843340454e-08, 7.907700531809427e-09, 3.0830248585353528e-09, 1.2072077582804828e-09, 4.702303423770578e-10, 1.985370883086106e-10, 8.308358040506636e-11]
train_rres [1.0000053953764971, 0.9604168366281901, 0.8944256549182645, 0.706004106521275, 0.31105012509858837, 0.02490632069672339, 0.003899991075128172, 0.0014052005743073347, 0.0009905659071477843, 0.0006170188220843235, 0.00032070732486160636, 0.00016696690106856763, 7.158006245139429e-05, 3.589800268011824e-05, 1.5180745919665118e-05, 5.811723751981775e-06, 1.9599097828509964e-06, 7.333272695341899e-07, 2.8279404474202014e-07, 1.320911370797946e-07, 5.2100231397571326e-08, 2.3217499224558197e-08, 8.700580826394147e-09, 2.98538498023389e-09, 1.127129503599158e-09, 3.7506447836561094e-10, 1.4622874319826873e-10, 5.725820626578322e-11, 2.2303158467608015e-11, 9.416670391494643e-12, 3.940677776051687e-12]
test_mses [21.056763065298654, 21.875685053229624, 22.85099545095505, 20.351992067435873, 8.687349335224527, 0.6593936752147775, 0.10516936455529083, 0.036752124821196414, 0.02720432081317947, 0.01756564291813821, 0.00899302169830762, 0.004846566540941519, 0.001997313938435459, 0.00102188144007304, 0.00044334246858403415, 0.0001724782320795735, 5.9232864695832547e-05, 2.232565995404893e-05, 8.923123767677296e-06, 4.3646526876530725e-06, 1.695377143822172e-06, 7.735446630024155e-07, 2.9441904998737207e-07, 1.0383205340660129e-07, 4.09871300501437e-08, 1.3368434137508246e-08, 5.511986388719008e-09, 2.302806640181438e-09, 8.55844012159606e-10, 3.782464927160525e-10, 1.6500939956414486e-10]
test_rres [1.0000031543154257, 1.038894439197612, 1.0852127394576063, 0.9665329946927309, 0.41256943011251607, 0.031315152908620456, 0.004994580409462764, 0.001745388910680104, 0.0012919557740107197, 0.000834206961024543, 0.0004270860643322311, 0.00023016746750255463, 9.485409663393088e-05, 4.852999771334683e-05, 2.105470179111471e-05, 8.191134392093006e-06, 2.8130179055197174e-06, 1.0602641207002564e-06, 4.2376655359386706e-07, 2.0728097863898666e-07, 8.05148676612325e-08, 3.673627805980668e-08, 1.3982205040960186e-08, 4.9310703930920804e-09, 1.9465128239024966e-09, 6.348780325024119e-10, 2.6176880834768144e-10, 1.0936219858763388e-10, 4.0644742456736046e-11, 1.796323986986147e-11, 7.836433337077059e-12]
step_times_seconds [0.11716103553771973, 0.10027790069580078, 0.1012730598449707, 0.10067892074584961, 0.10015010833740234, 0.10073995590209961, 0.1002802848815918, 0.09984993934631348, 0.10067915916442871, 0.10042285919189453, 0.09966206550598145, 0.1005558967590332, 0.10024905204772949, 0.09970712661743164, 0.1020650863647461, 0.1001901626586914, 0.09962177276611328, 0.10060310363769531, 0.10300493240356445, 0.09926891326904297, 0.10055303573608398, 0.10007381439208984, 0.09942293167114258, 0.10141420364379883, 0.10072016716003418, 0.09978604316711426, 0.10103917121887207, 0.10054206848144531, 0.09976601600646973, 0.10064220428466797, 0.10017609596252441]
