date 2025-01-26T23:42:30.059438
sample_ratio 0.01
rank 16
seed 0
l2_regularization_strength 0
input_shape (100, 100, 100)
input_size 1000000
num_train_samples 10000
num_test_samples 1000000
num_iterations 10
max_num_richardson_iterations None
num_richardson_iterations None
train_mses [21.34046527749753, 17.7667774517841, 14.010992162115953, 10.625122819472312, 8.804881102813907, 7.421761164678588, 6.5387230450762, 5.8317889425958604, 5.14604405173024, 4.4662968833728085, 3.5658455841548466, 2.5229859515198285, 1.4749438373783854, 0.7927418883179046, 0.4213556403391461, 0.23305643612580193, 0.14565158965439445, 0.09281940644883555, 0.06459461494149428, 0.04815312658766066, 0.0368042004944443, 0.029790371064969963, 0.02518839676444413, 0.021669418165378256, 0.019216574205864822, 0.01743682291670208, 0.015927416741302176, 0.01475035360543207, 0.013844618261303484, 0.01298241755313637, 0.012260136851311701]
train_rres [1.0000284440351666, 0.8325630476933165, 0.6565644426714564, 0.49790034578315534, 0.4126026042387282, 0.3477886809403476, 0.30640892537799524, 0.2732815215774671, 0.24114705837340022, 0.20929365244852688, 0.16709790366905247, 0.11822880535230873, 0.0691168524937488, 0.03714841390698192, 0.0197450064895309, 0.01092118012239501, 0.006825330688873006, 0.004349579327362324, 0.0030269467620795986, 0.0022564876459213496, 0.001724669395714946, 0.0013959966681113339, 0.0011803450813534122, 0.0010154433958813717, 0.0009005014910823348, 0.0008171011579908294, 0.0007463693773396419, 0.0006912114133032849, 0.0006487680506530971, 0.0006083647500960304, 0.0005745181944089816]
test_mses [21.056763065298654, 25.638478289244578, 30.50780695745759, 33.609144866314224, 36.44301101866175, 39.463201594498976, 41.1046405920054, 42.121744235691175, 41.66285409963179, 38.816557726917985, 33.7348933580399, 26.58943564238244, 16.241967747855576, 9.582659208742486, 5.7783139545650934, 3.411033605991988, 2.3237613551155683, 1.507664197904985, 1.0382707177355552, 0.7815750358380629, 0.5673408568482188, 0.43898425710230504, 0.36404825617064174, 0.2949410099217231, 0.2511789162203657, 0.22551358263838725, 0.19922480882598048, 0.18122611489889048, 0.17082869477999557, 0.15876500715564798, 0.15027614868111272]
test_rres [1.0000031543154257, 1.2175926129569383, 1.4488410727753507, 1.5961261840641618, 1.7307088396445651, 1.8741401967389615, 1.9520934970649675, 2.0003965932624865, 1.9786035198389709, 1.8434305427767441, 1.6020980843028703, 1.2627543669173313, 0.7713445285857673, 0.4550884390803841, 0.27441692549186597, 0.16199281698188825, 0.1103573553915039, 0.07160022406473507, 0.04930833811204164, 0.03711764713068777, 0.026943488163914925, 0.020847726710691024, 0.017288953832302074, 0.014006993351450201, 0.01192869520063307, 0.01070982720753529, 0.009461351520461842, 0.008606578607605655, 0.008112796496680329, 0.0075398819589798756, 0.007136739024581659]
step_times_seconds [0.03892397880554199, 0.029171228408813477, 0.028916358947753906, 0.029161930084228516, 0.02901315689086914, 0.029237985610961914, 0.029102087020874023, 0.028935909271240234, 0.02898883819580078, 0.029139995574951172, 0.029040813446044922, 0.029166221618652344, 0.029027938842773438, 0.028522968292236328, 0.02867293357849121, 0.0289459228515625, 0.028835058212280273, 0.028898954391479492, 0.028946876525878906, 0.02863907814025879, 0.028856992721557617, 0.02892899513244629, 0.02878403663635254, 0.028921127319335938, 0.028937816619873047, 0.028839826583862305, 0.02883005142211914, 0.02890300750732422, 0.028775930404663086, 0.02875804901123047, 0.02892017364501953]
