date 2025-01-26T23:42:30.059438
sample_ratio 0.06
rank 16
seed 0
l2_regularization_strength 0
input_shape (100, 100, 100)
input_size 1000000
num_train_samples 60000
num_test_samples 1000000
num_iterations 10
max_num_richardson_iterations None
num_richardson_iterations None
train_mses [21.06400386041077, 20.523315751449495, 19.395416356479068, 13.181819751803555, 3.0649108451067257, 0.15139734787050085, 0.034291480540199135, 0.020455564974062267, 0.008743826828872061, 0.003700537521639823, 0.0015187845337011005, 0.0003584421465427956, 0.00013419713423553888, 5.498772759802818e-05, 2.1319220006484127e-05, 6.6982084519559495e-06, 1.6484337404515837e-06, 3.918481384356242e-07, 9.442922299008924e-08, 2.3005371822077122e-08, 6.800164924415097e-09, 2.003275866287152e-09, 6.208900709016314e-10, 2.007990401039626e-10, 6.66922686596961e-11, 2.1771151888388674e-11, 7.596187067328364e-12, 2.587498277510822e-12, 8.787027389536141e-13, 3.1910302004521767e-13, 1.1002868717723342e-13]
train_rres [1.000002501232575, 0.9743336177225318, 0.9207871873485325, 0.6257999575937914, 0.14550502988285163, 0.0071875094380811, 0.0016279699974617544, 0.000971117185210619, 0.00041510857846215954, 0.0001756810719399789, 7.210349668559322e-05, 1.7016852326145498e-05, 6.37093834501251e-06, 2.6105134379732952e-06, 1.012118753494946e-06, 3.1799392224392144e-07, 7.825852456597522e-08, 1.8602784215940183e-08, 4.482977681038857e-09, 1.0921679238343006e-09, 3.2283425213332214e-10, 9.51044678030618e-11, 2.947642945788913e-11, 9.532828786005879e-12, 3.166180366968011e-12, 1.0335739818212515e-12, 3.606249845707524e-13, 1.2284011940906199e-13, 4.171595023513221e-14, 1.5149247992487946e-14, 5.223554036246948e-15]
test_mses [21.056763065298654, 21.556523088513373, 21.95691359605368, 15.978322716302229, 3.499709393980263, 0.17413183360230777, 0.03895618644952561, 0.023779890865232457, 0.010191134346149693, 0.004374185684085846, 0.0018332158327779948, 0.00043208363370408323, 0.00016241902386042125, 6.582791780629612e-05, 2.6088024401803594e-05, 8.428146151123287e-06, 2.0461434356598436e-06, 5.08987696133107e-07, 1.28828731359302e-07, 3.2522531353772706e-08, 9.791002472449921e-09, 3.0017900955586963e-09, 9.308045097191499e-10, 3.0588464312017043e-10, 1.0325633142872945e-10, 3.3574937691219075e-11, 1.1834586181614679e-11, 4.070727352028978e-12, 1.3793364716474197e-12, 5.050736174103283e-13, 1.7528484646593685e-13]
test_rres [1.0000031543154257, 1.0237371726004618, 1.042752050113051, 0.7588238072215505, 0.1662041037511172, 0.008269665300836535, 0.0018500616267001211, 0.0011293267536309128, 0.00048398542836799606, 0.000207733708551618, 8.706094140082274e-05, 2.0520010378244044e-05, 7.713414244989987e-06, 3.1262224513888763e-06, 1.238941930949223e-06, 4.002596557703711e-07, 9.717304998381644e-08, 2.417224813056181e-08, 6.118183375395709e-09, 1.5445220065040308e-09, 4.649828335911508e-10, 1.4255750301424233e-10, 4.420467870031435e-11, 1.4526715574860378e-11, 4.90372887853473e-12, 1.5945016569281868e-12, 5.620343200392361e-13, 1.933222205029034e-13, 6.550583383743678e-14, 2.398636528347465e-14, 8.324422838688852e-15]
step_times_seconds [0.17100310325622559, 0.15617990493774414, 0.1594250202178955, 0.15694093704223633, 0.15644502639770508, 0.15748810768127441, 0.15680384635925293, 0.1556539535522461, 0.15764808654785156, 0.15698504447937012, 0.15575885772705078, 0.15785503387451172, 0.15688204765319824, 0.15580105781555176, 0.1578350067138672, 0.15682101249694824, 0.15552878379821777, 0.15970301628112793, 0.15876388549804688, 0.1574690341949463, 0.15900111198425293, 0.15736603736877441, 0.15675997734069824, 0.16219592094421387, 0.15666580200195312, 0.15689706802368164, 0.15724802017211914, 0.1567370891571045, 0.15532779693603516, 0.1571199893951416, 0.15728211402893066]
