date 2025-01-26T23:42:30.059438
sample_ratio 0.01
rank 1
seed 0
l2_regularization_strength 0
input_shape (100, 100, 100)
input_size 1000000
num_train_samples 10000
num_test_samples 1000000
num_iterations 10
max_num_richardson_iterations None
num_richardson_iterations None
train_mses [21.33977435295917, 21.098553052002657, 20.791675536473196, 20.433054974038562, 20.148019187513444, 19.905472689538392, 19.749170535069183, 19.61935245189455, 19.509331389471896, 19.392661311734088, 19.2592328775384, 19.129039332815918, 18.945887611165862, 18.608575763176013, 17.917712541443986, 15.988554941571413, 11.253247710563816, 4.165660313281914, 0.8256293538509155, 0.21035411394603679, 0.060668026431323414, 0.038717909028585476, 0.02956766219035959, 0.028197714392232877, 0.027968916857883278, 0.02790988338357361, 0.027897966033595616, 0.027895997698526655, 0.02789556077878982, 0.027895453186452222, 0.02789543584469252]
train_rres [0.9999960668502246, 0.9886922757132035, 0.9743117905469358, 0.9575065916730068, 0.9441496245035226, 0.9327837337498691, 0.925459310486333, 0.9193759484772747, 0.9142202880717991, 0.9087530503715683, 0.9025005049043678, 0.8963995485166206, 0.8878169366174697, 0.8720102783223667, 0.8396359667182844, 0.7492343542036105, 0.5273346973462555, 0.1952056221502802, 0.03868954248864955, 0.009857334155111684, 0.0028429442041628767, 0.001814347054699822, 0.0013855603816267895, 0.0013213637135993759, 0.0013106421084563063, 0.00130787576045535, 0.0013073173054825766, 0.0013072250679877161, 0.0013072045936372784, 0.001307199551788539, 0.0013071987391421065]
test_mses [21.056699254976213, 21.320048718589835, 21.687737067723372, 22.025011331847008, 22.273863031029933, 22.561798294366707, 22.700524515280783, 22.817468312800525, 22.914920591717138, 23.01516771540168, 23.103674193373678, 23.12268996648074, 22.933366377223358, 22.520531855088684, 21.319423886458225, 17.975815099451477, 12.091236132560276, 4.607924890103007, 0.9951277637020778, 0.24348953501411702, 0.06891127812281657, 0.042345156014205715, 0.03154244152624927, 0.02992698239575818, 0.029659775890940335, 0.02961973056177149, 0.02959730018702995, 0.029596667425776792, 0.029599800289612146, 0.02959873474225855, 0.029598924431221075]
test_rres [1.0000001239102527, 1.0125068085077016, 1.0299686333759557, 1.04598606810451, 1.0578042418365297, 1.0714785264681468, 1.0780667498370538, 1.0836205078403476, 1.0882485974479303, 1.093009416553161, 1.0972126626491958, 1.0981157374964474, 1.089124603110949, 1.069518749017196, 1.0124771347111836, 0.853686378343042, 0.5742228392197294, 0.21883417744037822, 0.047259443417915444, 0.011563520105242722, 0.0032726537918968965, 0.0020110066040477594, 0.0014979767271561767, 0.00142125723227707, 0.0014085673735916293, 0.0014066655876732402, 0.0014056003505603725, 0.0014055703002032913, 0.0014057190825069949, 0.0014056684787788073, 0.0014056774872650724]
step_times_seconds [0.058637142181396484, 0.042903900146484375, 0.04332613945007324, 0.03875279426574707, 0.0414121150970459, 0.038253068923950195, 0.030143022537231445, 0.028922080993652344, 0.028296947479248047, 0.0278778076171875, 0.027365922927856445, 0.027003765106201172, 0.02662515640258789, 0.025835037231445312, 0.02571702003479004, 0.025599956512451172, 0.02545309066772461, 0.02544999122619629, 0.02547478675842285, 0.025565147399902344, 0.025435924530029297, 0.025549650192260742, 0.0253751277923584, 0.025564908981323242, 0.025435209274291992, 0.02562403678894043, 0.02559494972229004, 0.02566075325012207, 0.025534868240356445, 0.025699138641357422, 0.02550816535949707]
