date 2025-01-26T23:42:30.059438
sample_ratio 0.04
rank 1
seed 0
l2_regularization_strength 0
input_shape (100, 100, 100)
input_size 1000000
num_train_samples 40000
num_test_samples 1000000
num_iterations 10
max_num_richardson_iterations None
num_richardson_iterations None
train_mses [21.0835825768576, 21.03384949902338, 20.94750433314933, 20.83697439736679, 20.747282377369643, 20.66803643086647, 20.56373537468616, 20.361404336876603, 19.296542303845573, 14.358577296721053, 4.299285453021843, 0.18023648756379038, 0.04449603709142989, 0.029113372452924308, 0.028394493256305043, 0.028303150028842934, 0.028297248180378223, 0.02829662542595952, 0.028296573376624827, 0.02829656846885093, 0.028296567965560133, 0.02829656792448725, 0.028296567920118355, 0.02829656791968902, 0.028296567919653706, 0.02829656791964964, 0.02829656791964926, 0.028296567919649226, 0.028296567919649226, 0.028296567919649226, 0.02829656791964922]
train_rres [1.000000299639313, 0.9976414456563661, 0.9935460699567338, 0.988303603763015, 0.9840494858233603, 0.9802908281113943, 0.9753437994433399, 0.9657471809512826, 0.9152404727946525, 0.6810313924008337, 0.20391632805213547, 0.008548667709232885, 0.0021104596556105683, 0.001380855510220143, 0.0013467588660941675, 0.001342426430916268, 0.001342146504570182, 0.0013421169671515279, 0.0013421144984368254, 0.0013421142656597181, 0.0013421142417884926, 0.0013421142398403942, 0.0013421142396331763, 0.0013421142396128128, 0.0013421142396111377, 0.001342114239610945, 0.001342114239610927, 0.0013421142396109254, 0.0013421142396109254, 0.0013421142396109254, 0.001342114239610925]
test_mses [21.056699254976213, 21.105397184875994, 21.19124895704724, 21.2942858987297, 21.368458255647642, 21.43587591664986, 21.476934889632954, 21.30066515080598, 20.136258646107958, 14.67019137530738, 4.431369929255373, 0.18546647090101961, 0.04568740901135662, 0.029741707369356052, 0.029018400068433082, 0.028930964961276253, 0.028927746133180103, 0.02892810460011345, 0.02892849226303855, 0.028928562371802552, 0.028928598553685018, 0.028928617649231422, 0.02892861861726232, 0.02892861963332124, 0.028928620245624863, 0.028928620234097282, 0.02892862025759711, 0.02892862027449159, 0.028928620273207757, 0.02892862027357386, 0.028928620274002288]
test_rres [1.0000001239102527, 1.002312829018697, 1.0063900009329452, 1.011283310810344, 1.0148058176007246, 1.0180075382759166, 1.019957462980332, 1.0115862667859927, 0.9562876354630067, 0.6966995641364625, 0.21044943581555403, 0.008807956633487398, 0.002169732972830391, 0.0014124583675017269, 0.001378107903462249, 0.0013739555376554252, 0.0013738026728376293, 0.0013738196967298085, 0.0013738381071638675, 0.0013738414366872577, 0.0013738431549948857, 0.001373844061858233, 0.0013738441078308238, 0.0013738441560843051, 0.0013738441851631122, 0.001373844184615658, 0.0013738441857316843, 0.0013738441865340171, 0.001373844186473047, 0.0013738441864904335, 0.0013738441865107798]
step_times_seconds [0.11770319938659668, 0.09480786323547363, 0.09592914581298828, 0.09503507614135742, 0.0946798324584961, 0.09539413452148438, 0.09477806091308594, 0.09438109397888184, 0.0954890251159668, 0.0949559211730957, 0.09435105323791504, 0.09550786018371582, 0.09499073028564453, 0.09488821029663086, 0.09590482711791992, 0.09672117233276367, 0.09473299980163574, 0.09502792358398438, 0.0948631763458252, 0.09440994262695312, 0.09528803825378418, 0.09484100341796875, 0.09418606758117676, 0.09625482559204102, 0.09549999237060547, 0.09497904777526855, 0.09597110748291016, 0.09559774398803711, 0.09498906135559082, 0.09630799293518066, 0.09702706336975098]
