date 2025-01-26T23:42:30.059438
sample_ratio 0.1
rank 16
seed 0
l2_regularization_strength 0
input_shape (100, 100, 100)
input_size 1000000
num_train_samples 100000
num_test_samples 1000000
num_iterations 10
max_num_richardson_iterations None
num_richardson_iterations None
train_mses [21.125926365770585, 20.81308834917304, 19.829410133821575, 8.73798259371021, 0.9043991976669566, 0.04832668887416259, 0.019433424133564293, 0.005061460619948788, 0.002294577460986067, 0.00043289515180714296, 0.00013240480719971647, 3.3247258782113504e-05, 5.192542533346844e-06, 9.569686811512736e-07, 1.2790253597874216e-07, 2.5952144979853874e-08, 4.802326638446754e-09, 9.867936864604856e-10, 2.2852140075260817e-10, 4.8123057137999936e-11, 1.1755230324116069e-11, 2.8149500549282418e-12, 6.660306553311143e-13, 1.6849057637617825e-13, 4.1798853109223637e-14, 1.0542557619363733e-14, 2.71845502187297e-15, 6.901753079635965e-16, 1.8019597534703097e-16, 4.681701407538622e-17, 1.206882686356827e-17]
train_rres [1.0000039778363847, 0.9851956681036163, 0.9386328754841987, 0.4136158197603646, 0.04281008934521118, 0.0022875626977535, 0.0009198887234612889, 0.00023958621581735215, 0.00010861472054345494, 2.049126113090276e-05, 6.267433275679055e-06, 1.5737719832318678e-06, 2.4579102939811174e-07, 4.5298486383378344e-08, 6.054316508521926e-09, 1.228454921403576e-09, 2.2732000756650455e-10, 4.671026466149105e-11, 1.0817149781588535e-11, 2.277923709968977e-12, 5.564384198340067e-13, 1.3324676057282628e-13, 3.1526821269775565e-14, 7.975567257354567e-15, 1.978565041575999e-15, 4.990360835970125e-16, 1.2867913048522584e-16, 3.266971783477924e-17, 8.529646890614126e-18, 2.2161016513654092e-18, 5.712826345424341e-19]
test_mses [21.056763065298654, 21.31609800927937, 21.168281085636217, 9.46702031059591, 0.9653029600874156, 0.050791871311660665, 0.020752096822735308, 0.0054066230823004765, 0.0024862170166899448, 0.0004732993630568357, 0.00014495899310779984, 3.69406439602944e-05, 5.859711362676404e-06, 1.0899156917544698e-06, 1.5131010840050014e-07, 3.1436798890208963e-08, 5.9388931924947266e-09, 1.2500398138672488e-09, 2.9002004582461515e-10, 6.215570408852922e-11, 1.533332018545393e-11, 3.682915003468323e-12, 8.768503951424026e-13, 2.2472557486702404e-13, 5.585289470888548e-14, 1.403145973954553e-14, 3.6622457868432554e-15, 9.319039788517568e-16, 2.4097758808925387e-16, 6.327946068235806e-17, 1.6359015821121357e-17]
test_rres [1.0000031543154257, 1.0123191860436032, 1.005299237657141, 0.44959665183134057, 0.04584303874075727, 0.0024121481239891347, 0.000985534301594237, 0.0002567650174781687, 0.00011807250959193757, 2.24773795727565e-05, 6.884222893360077e-06, 1.7543418410598686e-06, 2.7828255595994835e-07, 5.1761000791642355e-08, 7.185842629804177e-09, 1.4929596706910926e-09, 2.820429667760477e-10, 5.936542824795217e-11, 1.3773292682258048e-11, 2.9518259741288424e-12, 7.281921017030184e-13, 1.7490469019967074e-13, 4.164235301911982e-14, 1.0672404064455576e-14, 2.652500325587942e-15, 6.663656686301997e-16, 1.7392309194745129e-16, 4.4256893401941086e-17, 1.1444225660956754e-17, 3.0051941074467093e-18, 7.769032387307858e-19]
step_times_seconds [0.27785515785217285, 0.25830078125, 0.26277709007263184, 0.25993871688842773, 0.26094603538513184, 0.26235175132751465, 0.26181697845458984, 0.25888800621032715, 0.2627861499786377, 0.2614939212799072, 0.2601318359375, 0.26360082626342773, 0.2598550319671631, 0.2589607238769531, 0.26291513442993164, 0.26128292083740234, 0.25746703147888184, 0.25941896438598633, 0.2611050605773926, 0.264420747756958, 0.26153087615966797, 0.2589681148529053, 0.25984692573547363, 0.26262402534484863, 0.2610151767730713, 0.2618680000305176, 0.26967501640319824, 0.25864601135253906, 0.2574729919433594, 0.2605140209197998, 0.2603480815887451]
