date 2025-01-26T23:42:30.059438
sample_ratio 0.01
rank 2
seed 0
l2_regularization_strength 0
input_shape (100, 100, 100)
input_size 1000000
num_train_samples 10000
num_test_samples 1000000
num_iterations 10
max_num_richardson_iterations None
num_richardson_iterations None
train_mses [21.339964647126006, 20.95367037121677, 20.341012749457036, 19.447230541051923, 18.258833180043574, 15.535304310116766, 8.582126857780827, 1.6027696363633654, 0.2460224055062934, 0.07212241925883445, 0.03655213624493241, 0.028870914078897986, 0.027155894227924745, 0.026321404211831413, 0.025879863668506004, 0.025500633463990945, 0.025067218596935073, 0.024788081261364864, 0.024470944460704396, 0.02418537775832999, 0.023905860397231422, 0.023602169617247426, 0.023246253332633013, 0.02272132652761498, 0.021818011705549582, 0.020198193554690096, 0.017240619397247928, 0.015825780568205813, 0.01516441785967254, 0.014979492445605768, 0.014928037469984664]
train_rres [1.0000049841618714, 0.9819029766070247, 0.9531934316065833, 0.9113102008730829, 0.85562110748308, 0.7279947271459244, 0.4021641916658988, 0.07510685473616904, 0.01152877410014454, 0.00337970469591944, 0.0017128574967727951, 0.0013529103001628164, 0.0012725433254620984, 0.0012334385664277837, 0.0012127476819143264, 0.0011949767014590772, 0.0011746665915581174, 0.001161586029736593, 0.001146724787622758, 0.0011333429413822801, 0.0011202445713108945, 0.0011060134186988914, 0.0010893349440882635, 0.0010647365237057397, 0.00102240658833472, 0.0009465008288322784, 0.000807906930136723, 0.000741606638443484, 0.0007106147405744715, 0.0007019490122650351, 0.0006995377977699839]
test_mses [21.056665852709568, 21.49618476686248, 22.082471470878218, 22.606051159380467, 21.78921341124029, 18.466367781396347, 9.954270658730941, 1.9035687536004737, 0.3058727042194953, 0.08954060449056596, 0.04258240899386359, 0.033480261950942586, 0.03170121304572227, 0.03163575262042668, 0.031847891657545375, 0.03191952018722982, 0.03227347917758146, 0.03234870965748495, 0.03231909149715597, 0.03255528204844817, 0.03209959943053228, 0.03136751680637324, 0.030338468460605266, 0.02885614772174864, 0.02700442813461077, 0.022948684516430472, 0.019494912173622994, 0.017761444264436616, 0.017047274274447348, 0.016847361088253764, 0.01682118215614304]
test_rres [0.9999985376088872, 1.0208716556266575, 1.048714897796919, 1.0735801317559122, 1.0347878291512336, 0.8769831323494157, 0.47273657526426877, 0.09040206000103741, 0.014526148586558466, 0.004252357622688859, 0.002022273944963021, 0.0015900054274450494, 0.0015055169183905129, 0.0015024081484634627, 0.0015124828074038834, 0.0015158845057276615, 0.001532694311952497, 0.0015362670698816647, 0.0015348604788656501, 0.001546077364176049, 0.0015244366184512914, 0.0014896694070281342, 0.0014407990470150652, 0.0013704024048546823, 0.0012824627048018686, 0.001089852074255391, 0.0009258295591905443, 0.0008435057294682214, 0.0008095892039086195, 0.0008000951607756422, 0.0007988519015621462]
step_times_seconds [0.038871049880981445, 0.026386260986328125, 0.02555394172668457, 0.026079893112182617, 0.025707006454467773, 0.026005029678344727, 0.02569413185119629, 0.026365041732788086, 0.025664091110229492, 0.026027917861938477, 0.025667905807495117, 0.025908946990966797, 0.02572178840637207, 0.02611827850341797, 0.025806188583374023, 0.02598118782043457, 0.02574896812438965, 0.026039838790893555, 0.025779008865356445, 0.02604079246520996, 0.025715112686157227, 0.02596592903137207, 0.025662899017333984, 0.02600383758544922, 0.025772809982299805, 0.026016950607299805, 0.0257260799407959, 0.026025056838989258, 0.025690078735351562, 0.025983095169067383, 0.025667190551757812]
