date 2025-01-26T23:42:30.059438
sample_ratio 0.6
rank 16
seed 0
l2_regularization_strength 0
input_shape (100, 100, 100)
input_size 1000000
num_train_samples 600000
num_test_samples 1000000
num_iterations 10
max_num_richardson_iterations None
num_richardson_iterations None
train_mses [21.051487559277096, 20.999694415440864, 18.995959304513242, 0.9776915035550178, 0.038492310686563454, 0.011703144030180903, 0.0011581582785544862, 0.00023029305060446792, 4.778937070871214e-05, 9.656331760872662e-06, 8.212737488108627e-07, 8.223101529470548e-08, 1.2734021805926217e-09, 1.1534351271020322e-10, 2.5453654388708506e-12, 1.8105499100653004e-13, 6.84683690462526e-15, 3.886416058460863e-16, 1.9302525997579722e-17, 1.0016722765536446e-18, 5.90666188552024e-20, 3.0178661917154013e-21, 1.946490501014435e-22, 2.5300644102475547e-23, 1.4143622868673247e-23, 1.4525897618818338e-23, 1.498156719019958e-23, 1.6893489228521853e-23, 1.6854726812351633e-23, 1.5863074494506752e-23, 1.4685637434739374e-23]
train_rres [1.000001817083913, 0.9975415045856687, 0.9023587415509758, 0.04644295455841385, 0.0018284874416562983, 0.0005559305613354734, 5.5015607793230636e-05, 1.0939534245159711e-05, 2.2701225940182414e-06, 4.587015183628838e-07, 3.9012693940113283e-08, 3.9061925901346765e-09, 6.049000057053294e-11, 5.479124549952018e-12, 1.2091164849258994e-13, 8.60059506430713e-15, 3.252430179398483e-16, 1.8461513037791332e-17, 9.169214772845268e-19, 4.75821052481776e-20, 2.805821964736902e-21, 1.4335669471973137e-22, 9.24634913551854e-24, 1.2018480881518167e-24, 6.718598165092576e-25, 6.900188869167039e-25, 7.116644071246231e-25, 8.024858042853426e-25, 8.006444861126655e-25, 7.535383556329053e-25, 6.9760695430300565e-25]
test_mses [21.056763065298654, 21.04620382143226, 19.099301582264523, 0.981898786385417, 0.03864705369658031, 0.011766667199786229, 0.0011631321490636706, 0.0002317001886075647, 4.804988747136936e-05, 9.71178563752649e-06, 8.250167700016695e-07, 8.268999516123748e-08, 1.2898111968472907e-09, 1.1715466658865587e-10, 2.6043109806758456e-12, 1.852980764505609e-13, 7.022788203652503e-15, 4.0024518759914594e-16, 1.985384774977124e-17, 1.035253585065357e-18, 6.103448987770047e-20, 3.1196450987117004e-21, 2.0095778231656718e-22, 2.5773319504408688e-23, 1.420179583137165e-23, 1.4522776838293487e-23, 1.499157941906144e-23, 1.6977990426548135e-23, 1.6952646200290544e-23, 1.5962535017581562e-23, 1.472926746924896e-23]
test_rres [1.0000031543154257, 0.9995016870604241, 0.9070416838645866, 0.04663118830557915, 0.001835380655693853, 0.0005588087912219283, 5.5238111116242145e-05, 1.1003634259668559e-05, 2.281929035667245e-06, 4.6122076035355685e-07, 3.91807311411704e-08, 3.9270164998834756e-09, 6.125420423446986e-11, 5.563772350390278e-12, 1.2368088995530558e-13, 8.79995944127387e-15, 3.3351804044920797e-16, 1.900797614797298e-17, 9.428757076052451e-19, 4.9165051977423983e-20, 2.8985785806897342e-21, 1.481545349293273e-22, 9.543651869834515e-24, 1.2239963341783664e-24, 6.744550710037582e-25, 6.8969872542499035e-25, 7.119625490746825e-25, 8.062988564688222e-25, 8.05095238129067e-25, 7.580740363060927e-25, 6.995051368687488e-25]
step_times_seconds [1.6531407833099365, 1.5244348049163818, 1.5922150611877441, 1.5428588390350342, 1.560744047164917, 1.574803352355957, 1.5829949378967285, 1.5741081237792969, 1.5856270790100098, 1.5958173274993896, 1.5831449031829834, 1.5766232013702393, 1.5782477855682373, 1.5594849586486816, 1.5582547187805176, 1.5666980743408203, 1.5439021587371826, 1.5467708110809326, 1.5467028617858887, 1.5429959297180176, 1.5601210594177246, 1.5448229312896729, 1.5451469421386719, 1.5476129055023193, 1.552489995956421, 1.5497851371765137, 1.558535099029541, 1.5505657196044922, 1.551603078842163, 1.5574190616607666, 1.5559470653533936]
