date 2025-01-26T23:42:30.059438
sample_ratio 0.03
rank 16
seed 0
l2_regularization_strength 0
input_shape (100, 100, 100)
input_size 1000000
num_train_samples 30000
num_test_samples 1000000
num_iterations 10
max_num_richardson_iterations None
num_richardson_iterations None
train_mses [21.15573392769239, 20.07422019368277, 18.33910251814283, 15.138816910656098, 9.138158034101107, 1.4155050815669576, 0.15520715003573787, 0.03849469235277684, 0.02447406418043572, 0.016331997393757104, 0.009369419406361665, 0.0069784663570944, 0.004057690043322227, 0.003089928309151204, 0.0021994328778201797, 0.0016385062179016194, 0.00129512002758606, 0.0008640845550320561, 0.0005850704480404677, 0.0003697149873234177, 0.00022464187908807792, 0.00011728200842179539, 4.837426498060771e-05, 1.9503030139327075e-05, 8.37494495463628e-06, 3.2642077633484854e-06, 1.2663802774525746e-06, 5.10792859668972e-07, 2.114067017079565e-07, 9.420131206105875e-08, 4.3075354277247384e-08]
train_rres [1.0000068243332414, 0.9488849337707942, 0.8668679485651934, 0.7155941871234761, 0.4319500532181971, 0.06690927132489892, 0.0073364606376471325, 0.0018195991301911978, 0.0011568604182324884, 0.0007719944344436781, 0.00044288150807840926, 0.00032986395103691557, 0.00019180226732951159, 0.00014605730089122562, 0.00010396462230998526, 7.745027448418065e-05, 6.121881048151305e-05, 4.084426731714248e-05, 2.76555964806461e-05, 1.7475995474576446e-05, 1.0618559152186516e-05, 5.543783505415687e-06, 2.286594984983762e-06, 9.218854472817299e-07, 3.958738626925553e-07, 1.5429528706244631e-07, 5.986031607232133e-08, 2.4144581664502907e-08, 9.992947781452757e-09, 4.452785956004852e-09, 2.0361216673005325e-09]
test_mses [21.056763065298654, 22.174014407724194, 23.60808018523135, 22.600681522020086, 14.017759092415217, 2.0602328664006135, 0.241901368999201, 0.055187110086761776, 0.035046908376831346, 0.02485260519287613, 0.014656506740843086, 0.01123651426659066, 0.0065759977675890775, 0.005101453110257432, 0.0037172120830976313, 0.002825936784695148, 0.0022983161539368723, 0.001544522067782542, 0.0010268240535091758, 0.0006549815518741478, 0.000399047926676231, 0.00020994187787742454, 8.520848520747519e-05, 3.4519345399623615e-05, 1.5440803963744917e-05, 6.001975101389127e-06, 2.5013728623550613e-06, 1.0707546650755318e-06, 4.5230569106025183e-07, 2.0695725734285262e-07, 9.759710172700167e-08]
test_rres [1.0000031543154257, 1.0530623478450292, 1.12116732184107, 1.0733251232210648, 0.6657150135269444, 0.0978421687434086, 0.011488096783074565, 0.0026208816613063645, 0.0016644067664698292, 0.0011802708473644292, 0.0006960496694880063, 0.0005336313884168964, 0.0003122995918208099, 0.00024227224222591194, 0.00017653348697659022, 0.00013420608332950624, 0.00010914894166893984, 7.335063489590627e-05, 4.8764726527617584e-05, 3.11056175092727e-05, 1.8951117233060907e-05, 9.970314024490865e-06, 4.046621682434073e-06, 1.6393523628242288e-06, 7.332965955416683e-07, 2.8503877898512344e-07, 1.1879227328137241e-07, 5.0851027731707163e-08, 2.1480372665657627e-08, 9.828571918177994e-09, 4.634967363045689e-09]
step_times_seconds [0.09060811996459961, 0.07660889625549316, 0.07717680931091309, 0.07698917388916016, 0.07647109031677246, 0.07683610916137695, 0.07650208473205566, 0.07590866088867188, 0.07644891738891602, 0.07647204399108887, 0.07617807388305664, 0.07648420333862305, 0.0765230655670166, 0.0760338306427002, 0.0766761302947998, 0.07662487030029297, 0.0760498046875, 0.07673406600952148, 0.07666897773742676, 0.07598590850830078, 0.07649469375610352, 0.07643389701843262, 0.07593584060668945, 0.0766599178314209, 0.07635283470153809, 0.07569718360900879, 0.07716083526611328, 0.0767509937286377, 0.0760810375213623, 0.07672810554504395, 0.07647991180419922]
