date 2025-01-26T23:42:30.059438
sample_ratio 0.8
rank 16
seed 0
l2_regularization_strength 0
input_shape (100, 100, 100)
input_size 1000000
num_train_samples 800000
num_test_samples 1000000
num_iterations 10
max_num_richardson_iterations None
num_richardson_iterations None
train_mses [21.061165638700185, 21.02172340083836, 18.69427528708913, 0.4258743290613352, 0.029029103930740922, 0.004797425604896429, 0.0005899238501537366, 9.017621620967186e-05, 7.45415360748304e-06, 1.18185054012556e-06, 3.57340672976249e-08, 1.108627526499785e-09, 2.193671349648927e-11, 6.439060017011111e-13, 1.4037420490531317e-14, 4.381099956216256e-16, 1.114711654963043e-17, 3.9928779694059436e-19, 1.4949023772580115e-20, 4.4188606432315414e-21, 4.499178481584209e-21, 4.4364719003559715e-21, 4.434283865506623e-21, 4.093477269248594e-21, 3.998253334796279e-21, 3.9929936575836e-21, 3.518814572063122e-21, 3.3556539996478316e-21, 3.3491094146231914e-21, 3.4574354059112636e-21, 3.3489121621818744e-21]
train_rres [1.0000025686291727, 0.9981298166718057, 0.8876205442019276, 0.02022088569456995, 0.0013783272490105018, 0.00022778596446193045, 2.8010100464969126e-05, 4.2816456309156514e-06, 3.539297341046645e-07, 5.611529751656588e-08, 1.6966847751071574e-09, 5.263860477483104e-11, 1.0415743468377833e-12, 3.057322024350173e-14, 6.66509004689896e-16, 2.080184584649512e-17, 5.292748451660319e-19, 1.895853389183641e-20, 7.097927259832936e-22, 2.0981136891712018e-22, 2.136249301433718e-22, 2.1064756681154528e-22, 2.105436770028265e-22, 1.9436188167818615e-22, 1.898405659694148e-22, 1.8959083189424209e-22, 1.6707639410645904e-22, 1.5932938739689278e-22, 1.5901864477478327e-22, 1.6416205760366883e-22, 1.59009279056315e-22]
test_mses [21.056763065298654, 21.034002546380933, 18.736169008038612, 0.42660976090384006, 0.029081869494764396, 0.004805961335407874, 0.0005908983733998943, 9.046604146826256e-05, 7.474699005380314e-06, 1.1868674936776208e-06, 3.5850977739614655e-08, 1.1139263640772334e-09, 2.2088387806592146e-11, 6.495507446843637e-13, 1.4187894101808547e-14, 4.4342558524566223e-16, 1.1303726838327623e-17, 4.053427445291795e-19, 1.5144517412762734e-20, 4.430784140087053e-21, 4.4989863063534185e-21, 4.440798114668237e-21, 4.4439343866676584e-21, 4.093497626143449e-21, 4.0034557502167565e-21, 4.0020625775801025e-21, 3.511695636969509e-21, 3.3507599358133744e-21, 3.347501902380156e-21, 3.45923137059269e-21, 3.3549193584021423e-21]
test_rres [1.0000031543154257, 0.9989222383816236, 0.8897962165278223, 0.020260051615845966, 0.0013811221191960292, 0.0002282390925909241, 2.806225417683246e-05, 4.296307392838566e-06, 3.549796594927243e-07, 5.6365322331427904e-08, 1.7025926878566166e-09, 5.2901287548231605e-11, 1.048995869490316e-12, 3.0847703968458204e-14, 6.737948663288785e-16, 2.1058649070359224e-17, 5.368233692326647e-19, 1.9250063357366375e-20, 7.192257013285069e-22, 2.104216162017669e-22, 2.13660593683064e-22, 2.1089718816586055e-22, 2.1104613232610431e-22, 1.9440359971909564e-22, 1.9012743629986812e-22, 1.9006127337507103e-22, 1.6677334037882045e-22, 1.5913037036016072e-22, 1.589756436483684e-22, 1.6428176882516013e-22, 1.5932790479107017e-22]
step_times_seconds [2.169843912124634, 2.0166521072387695, 2.042393922805786, 2.0577449798583984, 2.075820207595825, 2.0657191276550293, 2.1159870624542236, 2.120084047317505, 2.131704807281494, 2.1328911781311035, 2.1182610988616943, 2.128865957260132, 2.0948269367218018, 2.0847551822662354, 2.0960052013397217, 2.0738160610198975, 2.0804243087768555, 2.0901670455932617, 2.0521469116210938, 2.0885961055755615, 2.0780749320983887, 2.0687270164489746, 2.070873737335205, 2.1032791137695312, 2.108566999435425, 2.1070008277893066, 2.1129989624023438, 2.116245985031128, 2.098552703857422, 2.11316180229187, 2.103126049041748]
