date 2025-01-26T23:42:30.059438
sample_ratio 0.03
rank 8
seed 0
l2_regularization_strength 0
input_shape (100, 100, 100)
input_size 1000000
num_train_samples 30000
num_test_samples 1000000
num_iterations 10
max_num_richardson_iterations None
num_richardson_iterations None
train_mses [21.15534259263992, 20.512876479914482, 19.501831463137915, 14.5548811963507, 6.15503984973373, 0.43038209738528566, 0.06257518177332495, 0.028127820625828744, 0.01674607310275325, 0.012900291529891151, 0.009059709659986084, 0.006590681675674689, 0.004877095170703738, 0.0037649156876456355, 0.0027275950218052653, 0.002312911302137266, 0.002094048860838839, 0.001960041146110105, 0.0018789205337803462, 0.0018301469863531295, 0.0017866710963308661, 0.0017457477398505662, 0.0017145582335689848, 0.0016800031276441047, 0.001644157568175968, 0.0015961914672982776, 0.001507314014462568, 0.0013105247653543422, 0.0010158603201332664, 0.0007889191663694846, 0.0007002693094291032]
train_rres [0.9999883263825484, 0.9696197038935264, 0.9218287872588053, 0.6879922281806601, 0.2909415421282035, 0.020343658883550945, 0.002957855729377837, 0.0013295692163452248, 0.0007915673094005121, 0.0006097817078751001, 0.0004282418902331171, 0.0003115338222350971, 0.0002305345903052023, 0.0001779631656151947, 0.00012893022974978221, 0.00010932861483889148, 9.898324295830771e-05, 9.264885485813305e-05, 8.881437829489436e-05, 8.650890969518231e-05, 8.445385517120213e-05, 8.251945592536205e-05, 8.104516440535293e-05, 7.941178492258274e-05, 7.771740720859295e-05, 7.545010566385381e-05, 7.124897231301666e-05, 6.194697443687371e-05, 4.801853039817589e-05, 3.7291287218548904e-05, 3.310091205976013e-05]
test_mses [21.056701372931382, 21.608917343935275, 22.05523400043989, 17.674930960059694, 7.200660669294726, 0.48816021117495595, 0.07361923308033039, 0.032832290077730655, 0.019728838511459547, 0.015964044721068226, 0.011574292675010598, 0.008551338599700156, 0.006318662952375011, 0.004882208994770317, 0.0034528260174255744, 0.0029739404964488104, 0.0027570337213054423, 0.002637221873617048, 0.002589187732842239, 0.002610710620179563, 0.002586161140994333, 0.0025743488303057805, 0.0025848537085216682, 0.0025590254564489385, 0.0025270822288629455, 0.0024560818616443003, 0.002279106582918069, 0.001954116388477886, 0.0014038448233404423, 0.0010420451312502426, 0.0009244981978118385]
test_rres [1.0000002244937016, 1.0262254192757665, 1.047421367719697, 0.8393971408404781, 0.3419653514702081, 0.023183133583847285, 0.003496238480259918, 0.0015592327053932228, 0.0009369389151247201, 0.0007581457333776732, 0.0005496727653765032, 0.0004061101673985202, 0.00030007854786779465, 0.00023186015721681936, 0.0001639775732870446, 0.0001412349024383636, 0.0001309338196621027, 0.00012524385557592256, 0.00012296267436394414, 0.0001239848141468042, 0.00012281893900512638, 0.00012225796256674053, 0.00012275684795187832, 0.00012153024282443836, 0.00012001323243466718, 0.00011664136606774171, 0.00010823666319801445, 9.280260913405676e-05, 6.666975580037532e-05, 4.948758814247952e-05, 4.390518671382754e-05]
step_times_seconds [0.09128499031066895, 0.07383298873901367, 0.07484197616577148, 0.07461285591125488, 0.07381319999694824, 0.07433724403381348, 0.07604503631591797, 0.07362484931945801, 0.07428193092346191, 0.07436895370483398, 0.07383298873901367, 0.07449102401733398, 0.0744481086730957, 0.07360267639160156, 0.07457995414733887, 0.0743098258972168, 0.07372784614562988, 0.07471013069152832, 0.07428216934204102, 0.07368111610412598, 0.07446503639221191, 0.0742330551147461, 0.07473492622375488, 0.07469367980957031, 0.07442688941955566, 0.07394886016845703, 0.07548904418945312, 0.07519793510437012, 0.0744318962097168, 0.07497501373291016, 0.07491087913513184]
