date 2025-01-26T23:42:30.059438
sample_ratio 0.08
rank 4
seed 0
l2_regularization_strength 0
input_shape (100, 100, 100)
input_size 1000000
num_train_samples 80000
num_test_samples 1000000
num_iterations 10
max_num_richardson_iterations None
num_richardson_iterations None
train_mses [21.084209986505385, 20.973182293886655, 20.726125329831103, 14.95971631269119, 5.685464534912688, 0.12514164836037509, 0.038415772215304574, 0.028377344217053565, 0.027200103531636204, 0.025058824300194706, 0.021220079404319192, 0.01924592777946412, 0.018457343779018767, 0.018117873310632006, 0.017977716342607995, 0.017667887285615854, 0.017398680057423184, 0.01722372726963677, 0.016904774680323274, 0.01665868459562678, 0.01645643191935474, 0.016157099582772907, 0.015972287707421602, 0.015787151268048406, 0.015513830028992967, 0.015369927071342306, 0.015193073834143605, 0.014873160244914436, 0.014554749073866691, 0.013411914702296366, 0.010093226362185312]
train_rres [1.0000029641941286, 0.9947370319255056, 0.983019367543559, 0.7095243628179195, 0.2696558889980788, 0.005935343054570674, 0.001822021603451042, 0.0013459090168032475, 0.0012900736700797628, 0.0011885149405860176, 0.001006447114610203, 0.0009128150801214905, 0.0008754133307333873, 0.0008593125863915124, 0.0008526650817628741, 0.0008379701998780934, 0.0008252019706512237, 0.0008169041351386568, 0.0008017765332529315, 0.0007901047269906725, 0.000780512085107591, 0.0007663150521595901, 0.0007575496099975236, 0.0007487687740889437, 0.0007358054214469626, 0.0007289802482818752, 0.0007205922763569503, 0.000705419095207649, 0.0006903171722480474, 0.0006361136825330087, 0.00047871161816959997]
test_mses [21.0567193515457, 21.13621192650442, 21.17999847822561, 15.263135958302474, 5.779265548632776, 0.12859828908798002, 0.039691050026908724, 0.02940589657836942, 0.028470866762080493, 0.02651271831841698, 0.022525978968540063, 0.020539300899745525, 0.01983083152202872, 0.01955712889132737, 0.019472022118447098, 0.019233204411937013, 0.018992019374247573, 0.01884831760286608, 0.01857658718884494, 0.018348718088319036, 0.018155152202075475, 0.017880771947668357, 0.017694981753768366, 0.01748575131413834, 0.01719988435685885, 0.017049360113500653, 0.016797824692413883, 0.016411582757792517, 0.016039028538844164, 0.014361759828491525, 0.010883445164587256]
test_rres [1.000001078313017, 1.003776246673741, 1.0058557063562195, 0.7248589945052502, 0.2744621174839285, 0.006107239480671958, 0.0018849609078999785, 0.0013965104343270783, 0.0013521050923109151, 0.0012591109975296345, 0.001069777436955907, 0.000975428446598607, 0.0009417826478471242, 0.0009287842827519288, 0.000924742491472331, 0.0009134008403801918, 0.0009019467627655466, 0.000895122246375417, 0.0008822175434872326, 0.0008713958507802254, 0.0008622032461899017, 0.0008491727001825163, 0.0008403493696751295, 0.0008304128424434754, 0.000816836783383137, 0.0008096882621364312, 0.0007977426362238065, 0.0007793996861819369, 0.0007617067771176828, 0.000682051893991257, 0.0005168638437282934]
step_times_seconds [0.22492122650146484, 0.1883528232574463, 0.1912240982055664, 0.18963193893432617, 0.1899561882019043, 0.1909630298614502, 0.18920588493347168, 0.18827128410339355, 0.19029927253723145, 0.18981409072875977, 0.18892693519592285, 0.19370412826538086, 0.19097208976745605, 0.19031500816345215, 0.19228506088256836, 0.19083189964294434, 0.19030284881591797, 0.19231224060058594, 0.19103097915649414, 0.19009685516357422, 0.1923232078552246, 0.19109678268432617, 0.18991494178771973, 0.19204092025756836, 0.19065594673156738, 0.18954205513000488, 0.19243407249450684, 0.1903669834136963, 0.18969178199768066, 0.19213485717773438, 0.19061684608459473]
