date 2025-01-26T23:42:30.059438
sample_ratio 0.1
rank 1
seed 0
l2_regularization_strength 0
input_shape (100, 100, 100)
input_size 1000000
num_train_samples 100000
num_test_samples 1000000
num_iterations 10
max_num_richardson_iterations None
num_richardson_iterations None
train_mses [21.12583657171802, 21.112684645953934, 21.09018768425914, 21.0537142152684, 21.013607414772324, 20.97741013818633, 20.94500049781605, 20.912607581305696, 20.888814672693297, 20.868503980310642, 20.851442712395823, 20.840520915690284, 20.828583748526807, 20.812770705713387, 20.760433051219323, 20.473982563285627, 17.74935920263303, 7.098512909456332, 0.47117111928900224, 0.0995571031829205, 0.030099778430359766, 0.028607225058589297, 0.028425114805622383, 0.028416834001032534, 0.028416446014981635, 0.028416417093108808, 0.02841641577898338, 0.028416415708335876, 0.028416415703868835, 0.028416415703662684, 0.02841641570365184]
train_rres [0.9999997273998263, 0.9993771758556913, 0.9983122733849302, 0.9965857874810823, 0.9946873164109876, 0.992973904182519, 0.9914397811940456, 0.9899064498360153, 0.9887802032116187, 0.9878187886528624, 0.9870111868707511, 0.9864941993568518, 0.9859291488856489, 0.985180632326359, 0.9827032090040146, 0.9691439632494241, 0.8401728520382661, 0.3360108817609398, 0.022303069005013904, 0.004712574373358442, 0.001424784771148456, 0.001354134174196556, 0.0013455139142269496, 0.0013451219391066088, 0.001345103573635314, 0.0013451022046071647, 0.0013451021424025244, 0.001345102139058397, 0.001345102138846948, 0.0013451021388371897, 0.0013451021388366762]
test_mses [21.056699254976213, 21.0697295876101, 21.092359168872353, 21.12829233944863, 21.168002382457583, 21.204349029410864, 21.230682075372844, 21.278219504471693, 21.298159796047923, 21.311508477517886, 21.343787047111576, 21.34665039913891, 21.3497969366841, 21.348866293315925, 21.25042874579402, 20.916237655290118, 17.946622795980467, 7.285749392591632, 0.4839779374573805, 0.10064891129196482, 0.030369511891511228, 0.02894818626885436, 0.02876538469651916, 0.02875927160829714, 0.028760609006674667, 0.028760595627720206, 0.02876063371232256, 0.028760650014962322, 0.02876065024793451, 0.028760650837798763, 0.028760650952647467]
test_rres [1.0000001239102527, 1.0006189452217364, 1.0016936428176069, 1.0034001389114937, 1.0052860018118743, 1.0070121342420753, 1.0082627124502763, 1.0105203044125108, 1.0114672854091797, 1.0121012253711066, 1.0136341614311448, 1.0137701443954004, 1.0139195760749329, 1.0138753790489783, 1.0092004982175933, 0.9933294859631618, 0.8523000116226578, 0.34600628556011126, 0.022984513933865167, 0.004779900332176281, 0.0014422733253137035, 0.001374773391845366, 0.0013660919934565378, 0.0013658016778232342, 0.0013658651919821747, 0.0013658645566045234, 0.001365866365273898, 0.0013658671394997908, 0.0013658671505638333, 0.0013658671785769763, 0.0013658671840312364]
step_times_seconds [0.2911548614501953, 0.23082494735717773, 0.23552680015563965, 0.23299527168273926, 0.23382997512817383, 0.2345290184020996, 0.23491501808166504, 0.23258185386657715, 0.23580527305603027, 0.23444771766662598, 0.23273706436157227, 0.23621392250061035, 0.23454999923706055, 0.23305106163024902, 0.23624777793884277, 0.23456788063049316, 0.23313689231872559, 0.23730707168579102, 0.23295998573303223, 0.23162221908569336, 0.2353229522705078, 0.23386192321777344, 0.23223114013671875, 0.2360210418701172, 0.2343001365661621, 0.23315000534057617, 0.2363758087158203, 0.23432397842407227, 0.23257184028625488, 0.23592019081115723, 0.23459362983703613]
