date 2025-01-26T23:42:30.059438
sample_ratio 0.06
rank 8
seed 0
l2_regularization_strength 0
input_shape (100, 100, 100)
input_size 1000000
num_train_samples 60000
num_test_samples 1000000
num_iterations 10
max_num_richardson_iterations None
num_richardson_iterations None
train_mses [21.06381026811061, 20.73919588004256, 19.851668528631762, 10.560859945924825, 1.5649856028527267, 0.08259106013176862, 0.029512389424670323, 0.01992013597970243, 0.010072913243988759, 0.00535586934357383, 0.0030757734291800586, 0.0023542279361881717, 0.0019173561027468011, 0.0016463841146239836, 0.0013931530607733925, 0.0012397553301729909, 0.0010865862306254981, 0.0009196054450838964, 0.000788917104185463, 0.0007059805505731546, 0.0006554486459123223, 0.000599318168975215, 0.0005351244423841625, 0.0004078225097679206, 0.0002831953806202983, 0.00019438044033889045, 0.0001748224856753963, 0.00016285701547548938, 0.0001568613518720948, 0.00015093490707991037, 0.00014728784954959966]
train_rres [0.9999933105399764, 0.9845824132502052, 0.9424475191814092, 0.5013712697299987, 0.07429686813659638, 0.003920967127548182, 0.001401085161092664, 0.0009456979753993919, 0.00047820625677055193, 0.0002542670792951637, 0.00014602072534678943, 0.0001117657326812636, 9.102547223246439e-05, 7.816121965814413e-05, 6.613920860466658e-05, 5.885673204891025e-05, 5.1585109632105065e-05, 4.365778468923327e-05, 3.7453424461879025e-05, 3.351605521311074e-05, 3.111707962481568e-05, 2.8452314763184567e-05, 2.540475136641064e-05, 1.9361159090620956e-05, 1.3444551702255847e-05, 9.228109139066078e-06, 8.299605531105477e-06, 7.731551128551002e-06, 7.446910153374749e-06, 7.1655553048438e-06, 6.992413167355666e-06]
test_mses [21.056701372931382, 21.27249547106894, 21.036342726262124, 11.52160654679471, 1.7126474323852705, 0.08768657237310908, 0.03152038056870767, 0.021778518811595312, 0.011094570784049415, 0.00595245593311111, 0.0034467716362278963, 0.0026794720984014346, 0.0022094146020106118, 0.0019277631733580095, 0.001633057122285255, 0.0014530150812325814, 0.0012749706989092508, 0.0010673676502168364, 0.0009199306485980678, 0.0008325716498311909, 0.0007668356175126557, 0.0007005338962217896, 0.0006231558211821544, 0.0004734774597007739, 0.000324718471856623, 0.000221370313923015, 0.00019794870374754644, 0.0001832165567260126, 0.0001764162631960856, 0.00016953992448924646, 0.00016508301998619543]
test_rres [1.0000002244937016, 1.0102484653154753, 0.9990333754664452, 0.5471706574199682, 0.08133504799880287, 0.004164308098651879, 0.001496929033972737, 0.0010342799337379664, 0.0005268903746231057, 0.0002826870725844991, 0.00016369004569905156, 0.00012725035381707677, 0.00010492693318292016, 9.155107307580764e-05, 7.755523811510223e-05, 6.900489215719147e-05, 6.0549416670321e-05, 5.0690175584969074e-05, 4.3688270010766525e-05, 3.9539518654548734e-05, 3.641765992123523e-05, 3.3268936149124536e-05, 2.9594187144515672e-05, 2.248583753019084e-05, 1.542114973294459e-05, 1.051305993748053e-05, 9.400748231166393e-06, 8.701106341969713e-06, 8.378154758238183e-06, 8.051591725940376e-06, 7.839929632022504e-06]
step_times_seconds [0.17066383361816406, 0.1437511444091797, 0.14650297164916992, 0.14497709274291992, 0.1440751552581787, 0.14546585083007812, 0.14449596405029297, 0.14338922500610352, 0.14522385597229004, 0.14490699768066406, 0.14383912086486816, 0.14581799507141113, 0.14473295211791992, 0.14377188682556152, 0.1457200050354004, 0.14489388465881348, 0.14363789558410645, 0.14735174179077148, 0.14591598510742188, 0.14432168006896973, 0.1462411880493164, 0.14516925811767578, 0.1442241668701172, 0.1478440761566162, 0.14605998992919922, 0.14347410202026367, 0.1456449031829834, 0.14482998847961426, 0.14385318756103516, 0.14567804336547852, 0.14480805397033691]
