date 2025-01-26T23:42:30.059438
sample_ratio 0.05
rank 2
seed 0
l2_regularization_strength 0
input_shape (100, 100, 100)
input_size 1000000
num_train_samples 50000
num_test_samples 1000000
num_iterations 10
max_num_richardson_iterations None
num_richardson_iterations None
train_mses [21.069119784777016, 20.99183936075927, 20.75894663519357, 16.97813462322675, 5.913077457090217, 0.3437025584981017, 0.05964224342663199, 0.029612779814269106, 0.02264119355692279, 0.019449667355989193, 0.015286889852177903, 0.014895388249118034, 0.014556988294726939, 0.014528548706152616, 0.014504708404678499, 0.014492354065447662, 0.014481672965820617, 0.014466569173664396, 0.01446311354788267, 0.014451410860525387, 0.014437264125474077, 0.014434530394382911, 0.014421670333002371, 0.01440704404607789, 0.014404310136761113, 0.014390688687988576, 0.014375520588249221, 0.014372789812163002, 0.014358787702898251, 0.014343303843265202, 0.014340628766393962]
train_rres [1.0000010062907627, 0.9963330551578368, 0.9852792967520506, 0.8058310874683026, 0.2806516583401741, 0.016313111694924515, 0.0028307923659517914, 0.0014055076773891576, 0.0010746161477949159, 0.0009231371375116816, 0.0007255597476966806, 0.0007069779559073916, 0.0006909165210502816, 0.0006895666964024875, 0.0006884351671450755, 0.0006878487946820065, 0.0006873418389816999, 0.0006866249695771251, 0.000686460955641356, 0.0006859055124499398, 0.000685234067727448, 0.0006851043169894, 0.0006844939414989729, 0.000683799735865696, 0.000683669976668548, 0.0006830234635432339, 0.0006823035419158561, 0.0006821739314308398, 0.000681509351064029, 0.0006807744425641732, 0.0006806474757240549]
test_mses [21.056665852709568, 21.10999371611067, 21.05184056878954, 17.530254181179558, 6.101157594045417, 0.3595189666544858, 0.061800207411579496, 0.03056418599307474, 0.023403530836985233, 0.020167646362847087, 0.015784323432582573, 0.015355998974837812, 0.015035091575357451, 0.014992831336095873, 0.01496986117884499, 0.014955515932390005, 0.01493980056529061, 0.014925570105410933, 0.014920967505801063, 0.01490780307801149, 0.014894042707972253, 0.014891101614204937, 0.01487826765971684, 0.014863979604700286, 0.014861329225611295, 0.01484829363451607, 0.014833592073329915, 0.014830877770607176, 0.014817664020868076, 0.014802837026250435, 0.01479994380428665]
test_rres [0.9999985376088872, 1.0025311221019846, 0.9997693808707157, 0.8325263205350172, 0.2897490378792177, 0.01707385411403493, 0.0029349431418912403, 0.00145151855996935, 0.0011114531035243725, 0.0009577782641816067, 0.000749610620225383, 0.000729269136233426, 0.000714028977490681, 0.0007120220036536933, 0.0007109311318214572, 0.0007102498641612792, 0.0007095035283345482, 0.0007088277119841002, 0.0007086091307086379, 0.0007079839411069168, 0.0007073304497131488, 0.0007071907747291386, 0.0007065812795787853, 0.0007059027279874852, 0.0007057768592848312, 0.0007051577882446544, 0.000704459598902165, 0.0007043306944130899, 0.0007037031624710504, 0.0007029990161907945, 0.0007028616146784658]
step_times_seconds [0.14408397674560547, 0.11875104904174805, 0.12023496627807617, 0.11925387382507324, 0.11864209175109863, 0.1199941635131836, 0.11910796165466309, 0.11835765838623047, 0.12003803253173828, 0.11961197853088379, 0.1191706657409668, 0.12044215202331543, 0.11952090263366699, 0.1186521053314209, 0.12004399299621582, 0.11937522888183594, 0.11866521835327148, 0.12042117118835449, 0.12063288688659668, 0.11852908134460449, 0.12169599533081055, 0.1199491024017334, 0.11949014663696289, 0.12077903747558594, 0.11996006965637207, 0.11870694160461426, 0.12003397941589355, 0.11938619613647461, 0.11881184577941895, 0.12026596069335938, 0.11928296089172363]
