date 2025-01-26T23:42:30.059438
sample_ratio 0.09
rank 16
seed 0
l2_regularization_strength 0
input_shape (100, 100, 100)
input_size 1000000
num_train_samples 90000
num_test_samples 1000000
num_iterations 10
max_num_richardson_iterations None
num_richardson_iterations None
train_mses [21.120898348765614, 20.766349045807942, 19.721951061465784, 8.90666328614168, 1.090850428759366, 0.06152556666598701, 0.021847304115426524, 0.00597496363928019, 0.0023964370726833875, 0.00045285492449337897, 0.00015153730392416598, 3.647210407475252e-05, 1.1403988120296346e-05, 1.6025883336292418e-06, 4.058438247660379e-07, 6.350226787493592e-08, 1.4830275669313994e-08, 3.2226648951621238e-09, 7.210902534308497e-10, 1.9198682767027876e-10, 4.8239537270903755e-11, 1.209368806636845e-11, 3.247008282041877e-12, 8.871324329795209e-13, 2.3110955496831313e-13, 6.259862329572918e-14, 1.7776040101213878e-14, 4.722371173325295e-15, 1.2944017988291825e-15, 3.7340124849043413e-16, 1.0046191557256426e-16]
train_rres [1.0000041638632324, 0.9832174356948635, 0.9337686709772602, 0.42170083039057854, 0.05164813318535347, 0.0029130305839300493, 0.0010343970565953554, 0.0002828946202736118, 0.00011346331067682359, 2.144117180251546e-05, 7.17478643201891e-06, 1.7268326061394666e-06, 5.399408404240381e-07, 7.587721791585358e-08, 1.9215352867220115e-08, 3.0066207999815323e-09, 7.02164139785291e-10, 1.5258244515372789e-10, 3.414122089149615e-11, 9.089936607189442e-12, 2.2839813599386345e-12, 5.725958348518039e-13, 1.537350234124888e-13, 4.200276485538261e-14, 1.0942267391310972e-14, 2.9638362400192907e-15, 8.416362706112155e-16, 2.2358854053710213e-16, 6.128561234313647e-17, 1.767930497634286e-17, 4.756536972212272e-18]
test_mses [21.056763065298654, 21.359324381971934, 21.289113395830064, 9.728043410778007, 1.1811404233904246, 0.06558435530835068, 0.023504811323665782, 0.006437134914600668, 0.0026161254251609567, 0.0004949332663450349, 0.00016785310194280663, 4.090071114799064e-05, 1.293404947313047e-05, 1.8550358537081093e-06, 4.831313096262967e-07, 7.84170647095142e-08, 1.8867846773801967e-08, 4.185095914155128e-09, 9.54449908536446e-10, 2.5412847678632813e-10, 6.456490787757237e-11, 1.6345809455565772e-11, 4.369091588643975e-12, 1.1978703013763461e-12, 3.1512236129105395e-13, 8.519519002689917e-14, 2.4085488994019658e-14, 6.477822940308574e-15, 1.777253630579317e-15, 5.06596714069864e-16, 1.3844164264457085e-16]
test_rres [1.0000031543154257, 1.0143720423590836, 1.011037664354652, 0.4619928554986295, 0.056093339010229754, 0.0031146554662134676, 0.0011162629978959371, 0.00030570487968129337, 0.00012424196772946097, 2.3504791595262786e-05, 7.971483123208835e-06, 1.942408718514715e-06, 6.142487442677027e-07, 8.809719230461443e-08, 2.294430687549682e-08, 3.724091486354901e-09, 8.960497029116611e-10, 1.9875367844000433e-10, 4.5327618314965266e-11, 1.2068772279938184e-11, 3.066241061621667e-12, 7.762760574697499e-13, 2.0749178573117034e-13, 5.688785480096897e-14, 1.4965422477764377e-14, 4.045990283274004e-15, 1.143839862402304e-15, 3.076371877917373e-16, 8.440324997182334e-17, 2.4058698407950605e-17, 6.574708510698448e-18]
step_times_seconds [0.25076889991760254, 0.2304229736328125, 0.2360219955444336, 0.23232293128967285, 0.23187494277954102, 0.23947691917419434, 0.2326347827911377, 0.23015189170837402, 0.23649287223815918, 0.23429512977600098, 0.2330307960510254, 0.23506593704223633, 0.2347252368927002, 0.23253512382507324, 0.2342541217803955, 0.23268508911132812, 0.23254990577697754, 0.2350771427154541, 0.23375201225280762, 0.23194599151611328, 0.23491907119750977, 0.2335033416748047, 0.2321929931640625, 0.23432016372680664, 0.23342633247375488, 0.23280906677246094, 0.24799704551696777, 0.23255014419555664, 0.23210906982421875, 0.2344200611114502, 0.23322677612304688]
