date 2025-01-26T23:42:30.059438
sample_ratio 0.09
rank 2
seed 0
l2_regularization_strength 0
input_shape (100, 100, 100)
input_size 1000000
num_train_samples 90000
num_test_samples 1000000
num_iterations 10
max_num_richardson_iterations None
num_richardson_iterations None
train_mses [21.120788009277973, 21.061359028643906, 20.797518780091714, 14.249507574090385, 2.7593565836212472, 0.1018769056116332, 0.035099503201647585, 0.025536192316583967, 0.02097666357761686, 0.019092091526325683, 0.016972300680995617, 0.016560679368719567, 0.01588938076171833, 0.015537433572243858, 0.015273516297424329, 0.015030586188164451, 0.014924212632894377, 0.014837540503119211, 0.014781174974966664, 0.01475699926195744, 0.014731059277361642, 0.01472098075602634, 0.014710531646157515, 0.014697398018719736, 0.014694476857459443, 0.014684804483041755, 0.014673284245710723, 0.014670990428355422, 0.014660417895286923, 0.014648422737114862, 0.014646006572999257]
train_rres [0.999998939656134, 0.9971851754351776, 0.9846932187584237, 0.6746667055439832, 0.13064634030426736, 0.004823532035941492, 0.001661844528181719, 0.0012090536218734601, 0.000993175128026741, 0.000903946920624209, 0.0008035818870519929, 0.000784092989401247, 0.000752309237066865, 0.0007356457103019155, 0.0007231501066880479, 0.0007116481754360647, 0.0007066117420212319, 0.0007025081054601892, 0.0006998393855070822, 0.0006986947460474164, 0.0006974665742065221, 0.0006969893898020302, 0.0006964946592652443, 0.0006958728257661414, 0.0006957345185135156, 0.0006952765638123274, 0.0006947311189591071, 0.0006946225143501286, 0.0006941219401360731, 0.0006935540093634238, 0.0006934396120429934]
test_mses [21.056665852709568, 21.08890378292149, 20.9395910297576, 14.416268512486749, 2.789847517647433, 0.10419560149546853, 0.03567285338015416, 0.026083522030222125, 0.02132454536558296, 0.01939047273700985, 0.017177524857115045, 0.01675122940170357, 0.016062046425673524, 0.01567386196171816, 0.015398055591265794, 0.015139855504842516, 0.015014927794378779, 0.014923429680079807, 0.014861439952040732, 0.01483160779813037, 0.014802369363665304, 0.01479120042007238, 0.014780609176655123, 0.014763837246127459, 0.014761696381606414, 0.014754046451743857, 0.014738517166813637, 0.014737795975624045, 0.014730146938450402, 0.014713968949221626, 0.014713443406942812]
test_rres [0.9999985376088872, 1.0015295436709564, 0.9944385570990705, 0.6846405566344074, 0.1324921740846365, 0.004948335593564023, 0.0016941334141891244, 0.0012387281095860149, 0.0010127203580054577, 0.0009208696436648677, 0.0008157749121827355, 0.0007955297871955839, 0.0007627999156672147, 0.0007443647132950451, 0.0007312664398530467, 0.0007190043034521624, 0.000713071382796802, 0.0007087260614086503, 0.000705782117774864, 0.0007043653640260626, 0.0007029768065064838, 0.0007024463841054405, 0.0007019433971652097, 0.0007011468842643611, 0.0007010452128314173, 0.000700681911313082, 0.0006999444126830065, 0.0006999101627148504, 0.0006995469035910526, 0.0006987785974554377, 0.0006987536390164359]
step_times_seconds [0.25052905082702637, 0.21173501014709473, 0.21546030044555664, 0.21262168884277344, 0.2129228115081787, 0.21438097953796387, 0.21187567710876465, 0.21098804473876953, 0.21645116806030273, 0.21414494514465332, 0.2130727767944336, 0.2157590389251709, 0.21407485008239746, 0.21274685859680176, 0.21541404724121094, 0.2138512134552002, 0.21254873275756836, 0.21453595161437988, 0.2130110263824463, 0.2124490737915039, 0.2151951789855957, 0.21340203285217285, 0.2124190330505371, 0.21567106246948242, 0.21358180046081543, 0.2126777172088623, 0.21564412117004395, 0.21390008926391602, 0.21250200271606445, 0.21771597862243652, 0.21288132667541504]
