date 2025-01-26T23:42:30.059438
sample_ratio 0.08
rank 1
seed 0
l2_regularization_strength 0
input_shape (100, 100, 100)
input_size 1000000
num_train_samples 80000
num_test_samples 1000000
num_iterations 10
max_num_richardson_iterations None
num_richardson_iterations None
train_mses [21.084121744646314, 21.06492639758001, 21.032193861992763, 20.963070759465975, 20.840318688013603, 19.684476237705656, 12.039984616568155, 1.6969419047403822, 0.09014179433870491, 0.0345316764945234, 0.028596481657010026, 0.028355725651272735, 0.02834307949955862, 0.028342097849755533, 0.028342064853080676, 0.02834206183808184, 0.02834206168414654, 0.028342061676495518, 0.02834206167579178, 0.02834206167576159, 0.028342061675759294, 0.028342061675759145, 0.028342061675759134, 0.028342061675759127, 0.028342061675759134, 0.028342061675759134, 0.028342061675759127, 0.028342061675759134, 0.028342061675759134, 0.028342061675759134, 0.028342061675759134]
train_rres [0.9999987789711255, 0.9990883628835735, 0.9975358915017296, 0.9942574519744567, 0.9884354441595132, 0.9336149942973115, 0.5710444125307939, 0.08048425508433642, 0.004275335030061664, 0.0016378028332680063, 0.001356302486118087, 0.0013448836698788766, 0.0013442838755679748, 0.0013442373169009194, 0.0013442357519016766, 0.0013442356089033013, 0.0013442356016023043, 0.001344235601239424, 0.0013442356012060464, 0.0013442356012046144, 0.0013442356012045055, 0.0013442356012044986, 0.001344235601204498, 0.0013442356012044977, 0.001344235601204498, 0.001344235601204498, 0.0013442356012044977, 0.001344235601204498, 0.001344235601204498, 0.001344235601204498, 0.001344235601204498]
test_mses [21.056699254976213, 21.075487402570236, 21.10438475258901, 21.147297160656354, 21.102488727085294, 19.95358417189211, 12.136113992879519, 1.7451057422491982, 0.09087555216289518, 0.03491815831703622, 0.029074177306018797, 0.028792592586630802, 0.02878309528838733, 0.028784744328722984, 0.028784250262260145, 0.02878436222345378, 0.028784390608764025, 0.028784383496166032, 0.028784385259309955, 0.02878438551978132, 0.028784385409723817, 0.02878438542949625, 0.02878438543160747, 0.028784385430027988, 0.02878438543023831, 0.02878438543026058, 0.028784385430236932, 0.02878438543023964, 0.028784385430239996, 0.028784385430239597, 0.028784385430239638]
test_rres [1.0000001239102527, 1.0008923886329695, 1.0022647477691062, 1.004302693643956, 1.002174703944303, 0.9476122730693534, 0.5763541260532755, 0.08287652007345267, 0.004315755395605591, 0.0016582923192723109, 0.001380756810768265, 0.001367384118739495, 0.0013669330841635018, 0.0013670113984576853, 0.001366987934831308, 0.0013669932519613172, 0.0013669946000032596, 0.0013669942622200777, 0.001366994345953246, 0.0013669943583232472, 0.0013669943530965252, 0.0013669943540355345, 0.001366994354135798, 0.001366994354060787, 0.0013669943540707754, 0.001366994354071833, 0.0013669943540707099, 0.0013669943540708387, 0.0013669943540708554, 0.0013669943540708365, 0.0013669943540708385]
step_times_seconds [0.2383430004119873, 0.18663787841796875, 0.18929004669189453, 0.18798303604125977, 0.18638396263122559, 0.18875908851623535, 0.18719005584716797, 0.18627119064331055, 0.18864202499389648, 0.18776917457580566, 0.18688488006591797, 0.19195103645324707, 0.1897261142730713, 0.18735480308532715, 0.18972492218017578, 0.18788981437683105, 0.18735194206237793, 0.18937182426452637, 0.18841099739074707, 0.18702173233032227, 0.19197297096252441, 0.19209861755371094, 0.18793916702270508, 0.19032812118530273, 0.18901419639587402, 0.18802595138549805, 0.19073224067687988, 0.1890101432800293, 0.18832921981811523, 0.19052386283874512, 0.18894171714782715]
