date 2025-01-26T23:42:30.059438
sample_ratio 0.9
rank 16
seed 0
l2_regularization_strength 0
input_shape (100, 100, 100)
input_size 1000000
num_train_samples 900000
num_test_samples 1000000
num_iterations 10
max_num_richardson_iterations None
num_richardson_iterations None
train_mses [21.044558006892448, 21.009804921232043, 18.25017130780288, 0.18013000872424895, 0.020979750850427963, 0.0018865917116441433, 0.00040721874495867807, 2.2027114086387426e-05, 4.413997876031292e-06, 9.874282325953563e-08, 1.3544762171269457e-08, 2.7173578307626634e-11, 4.030712994109029e-12, 1.16334527101367e-14, 8.664603264987598e-16, 6.782955547173174e-18, 2.373004091758736e-19, 3.2783672887476087e-21, 3.917989308281086e-22, 3.7111239825839273e-22, 3.6008081546902417e-22, 3.5827405775822483e-22, 3.025138492744119e-22, 2.8984336336350082e-22, 2.9008961910314857e-22, 2.914740177501674e-22, 2.89512752270124e-22, 2.879864210526751e-22, 3.1008393051209667e-22, 2.9965161466326734e-22, 3.0128049296528347e-22]
train_rres [1.0000033238149972, 0.9983519134521924, 0.867218592189901, 0.00855948637096952, 0.0009969237926673125, 8.96477836079083e-05, 1.935037544362197e-05, 1.0466927978827257e-06, 2.0974603248488122e-07, 4.692099089468755e-09, 6.436251684220187e-10, 1.2912444451755133e-12, 1.9153295546208182e-13, 5.528028373782488e-16, 4.11727918528299e-17, 3.223150655024928e-19, 1.1276131237387468e-20, 1.5578270564581332e-22, 1.8617650841939738e-23, 1.7634660307230105e-23, 1.711045735401551e-23, 1.702460315287068e-23, 1.437496832555962e-23, 1.3772887349512873e-23, 1.3784589023554952e-23, 1.385037340581902e-23, 1.3757177245639054e-23, 1.3684648457427318e-23, 1.4734686329461388e-23, 1.4238959571004383e-23, 1.431636123064355e-23]
test_mses [21.056763065298654, 21.02929729049731, 18.277951305005825, 0.18052519370866513, 0.020999763760314635, 0.0018886806895254409, 0.00040848585671186816, 2.202409257431762e-05, 4.413667470645894e-06, 9.895606450388625e-08, 1.358368713142582e-08, 2.7302081913285867e-11, 4.053137415598855e-12, 1.1722327421588705e-14, 8.704094166194089e-16, 6.843738355101815e-18, 2.3907130098072415e-19, 3.3060313632657553e-21, 3.9320211573242673e-22, 3.7107147852179235e-22, 3.6013819055443768e-22, 3.5849730823788117e-22, 3.0300270727335404e-22, 2.903598943637014e-22, 2.906515277635558e-22, 2.918877457727521e-22, 2.9016946556896387e-22, 2.8880898902854133e-22, 3.102439653369844e-22, 3.001576504864824e-22, 3.017118288321876e-22]
test_rres [1.0000031543154257, 0.9986987818745199, 0.8680350775068351, 0.008573291278542861, 0.0009972962100143932, 8.96950134815646e-05, 1.939933236359059e-05, 1.045942435546904e-06, 2.096087313637957e-07, 4.699505633209416e-09, 6.451005758356818e-10, 1.2965985297929156e-12, 1.9248685982283197e-13, 5.567030583549313e-16, 4.133646560328589e-17, 3.250148145367001e-19, 1.1353694504023991e-20, 1.5700617332679247e-22, 1.8673494819530038e-23, 1.7622492490776292e-23, 1.7103261570976868e-23, 1.7025334707891197e-23, 1.438985004959356e-23, 1.378943237144113e-23, 1.380328228364529e-23, 1.3861991302917822e-23, 1.37803887499301e-23, 1.3715778589879588e-23, 1.473374340501512e-23, 1.4254735941491786e-23, 1.4328545161040598e-23]
step_times_seconds [2.4314041137695312, 2.251230001449585, 2.3369688987731934, 2.336329936981201, 2.349489212036133, 2.384478807449341, 2.403106927871704, 2.4195940494537354, 2.4079229831695557, 2.4318201541900635, 2.4006800651550293, 2.3923819065093994, 2.380014181137085, 2.3818228244781494, 2.391516923904419, 2.382666826248169, 2.3755099773406982, 2.371074676513672, 2.3622658252716064, 2.3431291580200195, 2.371311902999878, 2.348489999771118, 2.3423681259155273, 2.3747363090515137, 2.367304801940918, 2.3852529525756836, 2.3943440914154053, 2.462106943130493, 2.3997080326080322, 2.430079936981201, 2.389472723007202]
