date 2025-01-26T23:42:30.059438
sample_ratio 0.06
rank 2
seed 0
l2_regularization_strength 0
input_shape (100, 100, 100)
input_size 1000000
num_train_samples 60000
num_test_samples 1000000
num_iterations 10
max_num_richardson_iterations None
num_richardson_iterations None
train_mses [21.063968919122253, 20.988248134540047, 20.76320171403364, 16.262439336484512, 5.1070867379841385, 0.25276392615957777, 0.04980555579467776, 0.027831608690409813, 0.020674484511486194, 0.018044271300521737, 0.015357540466536054, 0.01513201380850787, 0.014792662881352081, 0.01474328689882337, 0.014714419143779807, 0.014693461779995672, 0.01468369696194549, 0.01467420286579955, 0.01467141196876923, 0.014666040925997815, 0.014659816207388637, 0.01465865274305808, 0.014653045712793461, 0.014646692658037665, 0.014645309111394302, 0.014638777870140764, 0.014631529453299387, 0.014629819482224214, 0.014622207997180524, 0.01461381965338406, 0.014611827351077886]
train_rres [1.0000008424132858, 0.9964060380029137, 0.9857220775891571, 0.7720507516233618, 0.24245625598248716, 0.01199983441210851, 0.002364492558015752, 0.001321290980013775, 0.000981510275073466, 0.0008566422866715628, 0.0007290911538513673, 0.0007183843944139234, 0.0007022738876840426, 0.0006999297888908246, 0.0006985593074078246, 0.0006975643675881085, 0.0006971007879885712, 0.0006966500607690074, 0.0006965175644008195, 0.0006962625769710204, 0.0006959670617299534, 0.0006959118268729735, 0.0006956456360610908, 0.0006953440281289823, 0.0006952783449799901, 0.0006949682777376476, 0.0006946241629615874, 0.0006945429829844312, 0.000694181631736481, 0.0006937833995279584, 0.0006936888160241483]
test_mses [21.056665852709568, 21.10627195621571, 21.015863871701626, 16.71640118481683, 5.278205123678588, 0.2590861757260359, 0.05146745432841517, 0.028718233665751547, 0.021315314746256208, 0.01861392385270208, 0.015686592311079328, 0.015433436665417638, 0.015121498699944554, 0.01505246891895711, 0.015023677366324045, 0.01500292220947795, 0.014987400899209672, 0.014976402505299682, 0.014973630831531581, 0.01496777168786975, 0.014958772999567337, 0.014958471452922728, 0.014954481848577904, 0.014944728699544253, 0.01494474605450037, 0.01494073357008627, 0.014929770490593923, 0.014929762639557859, 0.014925124580488154, 0.014912859514917276, 0.01491275109863862]
test_rres [0.9999985376088872, 1.0023543726356483, 0.9980608176666657, 0.7938757662694848, 0.25066634204099913, 0.012304217517293981, 0.002444232122164039, 0.0013638527518717502, 0.0010122819882325534, 0.0008839906926418757, 0.000744969288151932, 0.0007329467164295172, 0.0007181325235520805, 0.0007148542419607893, 0.0007134869072303079, 0.0007125012276056646, 0.0007117641076989033, 0.0007112417848438526, 0.0007111101557562175, 0.0007108319001608418, 0.0007104045449847776, 0.0007103902242843524, 0.0007102007546627908, 0.0007097375695204252, 0.000709738393721695, 0.0007095478375066539, 0.0007090271917626068, 0.000709026818910388, 0.0007088065536357481, 0.0007082240754922306, 0.0007082189267131756]
step_times_seconds [0.17043042182922363, 0.14217901229858398, 0.1441972255706787, 0.14292597770690918, 0.14197278022766113, 0.14366388320922852, 0.14272189140319824, 0.14196395874023438, 0.1436460018157959, 0.14308500289916992, 0.14214563369750977, 0.14445114135742188, 0.14307284355163574, 0.14196205139160156, 0.1442561149597168, 0.1430680751800537, 0.143233060836792, 0.1458728313446045, 0.1438295841217041, 0.14252996444702148, 0.14484214782714844, 0.14361000061035156, 0.1424257755279541, 0.1445908546447754, 0.14291787147521973, 0.1420121192932129, 0.14406299591064453, 0.14289307594299316, 0.14208412170410156, 0.14421606063842773, 0.14292097091674805]
