date 2025-01-26T23:42:30.059438
sample_ratio 0.08
rank 16
seed 0
l2_regularization_strength 0
input_shape (100, 100, 100)
input_size 1000000
num_train_samples 80000
num_test_samples 1000000
num_iterations 10
max_num_richardson_iterations None
num_richardson_iterations None
train_mses [21.08417617172732, 20.685037049187066, 19.654706153192937, 10.72685922777436, 1.5958551509055183, 0.07861632637717378, 0.025474033473803722, 0.0100795637270811, 0.004704451463169844, 0.0011164574910931863, 0.0005082679154225388, 0.0001461689955148708, 5.868501269415349e-05, 1.956965939025117e-05, 6.952259460472146e-06, 3.0669989799737654e-06, 7.197149152729324e-07, 2.1946386973408853e-07, 3.267228193278029e-08, 7.70327231223044e-09, 1.748137543326725e-09, 3.9613221908953483e-10, 1.0557276004695115e-10, 2.7638955324312504e-11, 7.186960140237578e-12, 1.9731037790198032e-12, 5.706126190459268e-13, 1.5311784694604888e-13, 4.443053714670059e-14, 1.3099429895034435e-14, 3.595403073189943e-15]
train_rres [1.00000136039307, 0.9810705915418034, 0.9322030290030897, 0.5087641904123076, 0.07568981158655655, 0.0037286936271998866, 0.0012082078958656017, 0.0004780636130694962, 0.00022312742147266923, 5.295246068999025e-05, 2.4106638207104714e-05, 6.932649071589711e-06, 2.7833713800746662e-06, 9.281693462096006e-07, 3.2973870364450535e-07, 1.4546469007456878e-07, 3.413535764955396e-08, 1.0408951552278573e-08, 1.5496136113555122e-09, 3.653584910772265e-10, 8.291241295095419e-11, 1.8788154431959827e-11, 5.00721027976277e-12, 1.3108879711040406e-12, 3.40870321837173e-13, 9.358233621014482e-14, 2.7063585062836815e-14, 7.262226135817881e-15, 2.1072958804657645e-15, 6.212928410726191e-16, 1.7052636702839757e-16]
test_mses [21.056763065298654, 21.411172080423736, 21.48210867260473, 12.04038750119788, 1.744829584766528, 0.08570855113305681, 0.02762981378769761, 0.011181447131845901, 0.0051943980627181035, 0.0012438762553082497, 0.000573225703489372, 0.00016803134836445986, 6.712240022803409e-05, 2.2650714650302713e-05, 8.091964770024457e-06, 3.5850893507038356e-06, 8.57834107467727e-07, 2.6201462743184466e-07, 4.050645608217612e-08, 9.852622222516248e-09, 2.276577183399031e-09, 5.275823926123446e-10, 1.4261902817048668e-10, 3.761120944879994e-11, 9.819583893919835e-12, 2.741982413345892e-12, 7.886751926951497e-13, 2.123783083027869e-13, 6.246648824177295e-14, 1.8309483874082342e-14, 5.0418704164556384e-15]
test_rres [1.0000031543154257, 1.016834332590256, 1.0202031702277128, 0.5718079955138221, 0.08286340512540004, 0.004070370228276401, 0.001312162788514217, 0.0005310162044841569, 0.0002466862751591856, 5.9072715736456776e-05, 2.72229644151111e-05, 7.979948193711167e-06, 3.1876984959703505e-06, 1.0757012380088762e-06, 3.84294122963718e-07, 1.7025886875816584e-07, 4.073925373462514e-08, 1.2443292119310814e-08, 1.923685218221876e-09, 4.679092066639429e-10, 1.0811653991554608e-10, 2.5055325699279844e-11, 6.773096016401629e-12, 1.7861875526538645e-12, 4.663401890182931e-13, 1.302190205550677e-13, 3.745483947270174e-14, 1.0086022127539604e-14, 2.966585371505885e-15, 8.695325853831597e-16, 2.3944261064580475e-16]
step_times_seconds [0.22423815727233887, 0.20783782005310059, 0.2121419906616211, 0.2083292007446289, 0.2073211669921875, 0.20943689346313477, 0.20800995826721191, 0.2063920497894287, 0.20847773551940918, 0.20731401443481445, 0.20617890357971191, 0.21240901947021484, 0.20957183837890625, 0.20853304862976074, 0.21149492263793945, 0.20829987525939941, 0.20730209350585938, 0.21137094497680664, 0.21041297912597656, 0.20941901206970215, 0.20991802215576172, 0.20952701568603516, 0.2073829174041748, 0.21134305000305176, 0.20818567276000977, 0.2073202133178711, 0.21074509620666504, 0.20911574363708496, 0.20822715759277344, 0.21122503280639648, 0.20896005630493164]
