date 2025-01-26T23:42:30.059438
sample_ratio 0.01
rank 8
seed 0
l2_regularization_strength 0
input_shape (100, 100, 100)
input_size 1000000
num_train_samples 10000
num_test_samples 1000000
num_iterations 10
max_num_richardson_iterations None
num_richardson_iterations None
train_mses [21.339659211914558, 19.645079062724278, 17.578977763924907, 15.096428175976406, 13.229836541473862, 10.31969645348902, 5.675044142655687, 1.6628933035777904, 0.38185628163996144, 0.08325541204755775, 0.042249179198149994, 0.026729874273750488, 0.021690016623732187, 0.017994389076926156, 0.014496857297526299, 0.012285839585857338, 0.009923639897953128, 0.008419699311026272, 0.007217272514473809, 0.006316208368577859, 0.005805985890993015, 0.005404954498389334, 0.005043461055800167, 0.004846384587088664, 0.004630118639805388, 0.0044321409440031805, 0.004304640866109462, 0.004147968171314736, 0.00401371426105152, 0.003913441241101918, 0.0037966272786593143]
train_rres [0.999990671264037, 0.9205815146288938, 0.8237626289958783, 0.7074286986249184, 0.6199589689996265, 0.4835878624530166, 0.26593635565177104, 0.07792428990416084, 0.01789404018178203, 0.003901404167378538, 0.001979824731367962, 0.0012525797461136177, 0.0010164086533858052, 0.0008432290803395276, 0.0006793324071491418, 0.0005757226417019947, 0.0004650283879602032, 0.0003945527284322136, 0.0003382062063303509, 0.00029598173914657496, 0.00027207237336020863, 0.00025327977468254085, 0.00023633995072741142, 0.0002271048158885603, 0.00021697044927812217, 0.0002076930823363848, 0.00020171834360166455, 0.000194376556571202, 0.00018808532874461245, 0.00018338646811458473, 0.00017791248788106854]
test_mses [21.056701372931382, 22.862853016272325, 25.099769462534493, 26.625413059274248, 26.640983868946254, 22.416041280443082, 12.853914443609595, 3.812794844681386, 0.7922627693419095, 0.19153196576813641, 0.09849120729260477, 0.05819076342048819, 0.04965394707132606, 0.04367221605852114, 0.03672844205657149, 0.03203827428624012, 0.026362797720012265, 0.02287316696325994, 0.02032099360262101, 0.017991053652078225, 0.017205544058283957, 0.01664867461231477, 0.015692126717477, 0.015663517003870808, 0.015540079620124575, 0.015002549630659605, 0.015173005573956604, 0.015230088326807185, 0.014957115223675934, 0.01522660668643862, 0.01535714026433759]
test_rres [1.0000002244937016, 1.0857758650758698, 1.1920088836678226, 1.2644629643054657, 1.2652024349799926, 1.0645564049039151, 0.6104430652066083, 0.18107279165440435, 0.03762521646521396, 0.009096012018866015, 0.004677429178431149, 0.0027635276510476112, 0.0023581071573800794, 0.002074029786963674, 0.0017442641965322366, 0.0015215242364512262, 0.0012519911438827727, 0.001086265682978511, 0.0009650608518710794, 0.0008544100698547283, 0.000817105567301161, 0.0007906593751307799, 0.0007452321217051126, 0.0007438734226609371, 0.0007380112788583078, 0.0007124835335283545, 0.0007205786277477373, 0.0007232895350572117, 0.0007103258158318014, 0.0007231241890664741, 0.000729323337018999]
step_times_seconds [0.03879880905151367, 0.028035879135131836, 0.027240991592407227, 0.027685880661010742, 0.027072906494140625, 0.02726292610168457, 0.027153968811035156, 0.02697896957397461, 0.0269320011138916, 0.0271451473236084, 0.02699899673461914, 0.027015209197998047, 0.027098894119262695, 0.02696514129638672, 0.027006149291992188, 0.027091026306152344, 0.027070999145507812, 0.02704596519470215, 0.027170181274414062, 0.027041196823120117, 0.027069091796875, 0.027128934860229492, 0.027017831802368164, 0.026971101760864258, 0.027150630950927734, 0.027004003524780273, 0.027118206024169922, 0.027143001556396484, 0.026926040649414062, 0.02689981460571289, 0.02705097198486328]
