date 2025-01-26T23:42:30.059438
sample_ratio 0.01
rank 4
seed 0
l2_regularization_strength 0
input_shape (100, 100, 100)
input_size 1000000
num_train_samples 10000
num_test_samples 1000000
num_iterations 10
max_num_richardson_iterations None
num_richardson_iterations None
train_mses [21.339935807419707, 20.495611903159208, 19.438236983684682, 18.014825300735716, 17.0861047864404, 16.220122541473096, 15.453997110990894, 14.763038075498207, 13.527588323633664, 10.754439592650332, 5.667489701073836, 1.1204871860209968, 0.18715043588075386, 0.06608496116709929, 0.03525654363573372, 0.027767728020625538, 0.025441114830979186, 0.02422472550530939, 0.02337598830164078, 0.022771300310165256, 0.022195232783303615, 0.021789659333510538, 0.021437299258113673, 0.02113096482823329, 0.02088311067738098, 0.02066325313553299, 0.020447084058174147, 0.02026059488956629, 0.020109887098018, 0.019953224342553224, 0.01983627929943502]
train_rres [1.0000036327139887, 0.9604380511177127, 0.9108887567731838, 0.8441867354249477, 0.8006662723620547, 0.7600857664669983, 0.7241846175361569, 0.6918058160353108, 0.6339118162103168, 0.5039602160712331, 0.26558234947794035, 0.052506777271602044, 0.008769994316463196, 0.003096785380764122, 0.001652145162517993, 0.001301214265283072, 0.0011921876185975798, 0.0011351868030636649, 0.0010954144113119978, 0.0010670783285050476, 0.001040083419769197, 0.0010210779772605834, 0.0010045661489870546, 0.00099021111317672, 0.0009785965022672826, 0.0009682938311387632, 0.0009581640039176283, 0.0009494249970268565, 0.0009423627293430805, 0.0009350214080762524, 0.0009295412853148036]
test_mses [21.0567193515457, 21.96298171725107, 23.099976961356642, 24.45536452578644, 25.425169364287548, 26.263621122338844, 26.728590079374083, 26.743010423611288, 24.09677402059087, 18.39903843998882, 10.27346303285786, 2.174678021229397, 0.2974994219564938, 0.11949281209779018, 0.06052873788858217, 0.04035007607476908, 0.03837425468386347, 0.038417647636006406, 0.0376483052434352, 0.037981533426560334, 0.038793584829811496, 0.03888645617227443, 0.039247938209333484, 0.03968371907985548, 0.04019003847143662, 0.040584333717923735, 0.041097222476599596, 0.04180194284070331, 0.04232303382120517, 0.04305499739058624, 0.043798819771712384]
test_rres [1.000001078313017, 1.043040230225034, 1.0970370780321392, 1.1614055583890928, 1.2074623950721108, 1.2472811649463074, 1.2693629266231656, 1.2700477607393497, 1.1443757976803308, 0.8737856060450777, 0.4878952860295704, 0.10327726413152673, 0.014128494462370023, 0.005674812821194455, 0.0028745599989708245, 0.0019162586018804204, 0.0018224252041667114, 0.0018244859714785452, 0.0017879492627292477, 0.0018037745457130834, 0.0018423395408264914, 0.001846750077959879, 0.0018639171599167037, 0.0018846127551400019, 0.0019086582832727956, 0.0019273836917791242, 0.0019517412046075806, 0.001985208959591033, 0.0020099560027415516, 0.002044717560154491, 0.002080042302379585]
step_times_seconds [0.03792095184326172, 0.02628302574157715, 0.026070117950439453, 0.026266813278198242, 0.02605295181274414, 0.026414871215820312, 0.025989055633544922, 0.026205062866210938, 0.025923967361450195, 0.02635812759399414, 0.0259857177734375, 0.026266098022460938, 0.026041030883789062, 0.026161909103393555, 0.025963783264160156, 0.026309728622436523, 0.025922060012817383, 0.026224851608276367, 0.026026010513305664, 0.026170015335083008, 0.025954008102416992, 0.026259899139404297, 0.02587890625, 0.026278257369995117, 0.025928974151611328, 0.026297807693481445, 0.025897979736328125, 0.026296138763427734, 0.025832176208496094, 0.02620387077331543, 0.026024818420410156]
