date 2025-01-26T23:42:30.059438
sample_ratio 0.07
rank 4
seed 0
l2_regularization_strength 0
input_shape (100, 100, 100)
input_size 1000000
num_train_samples 70000
num_test_samples 1000000
num_iterations 10
max_num_richardson_iterations None
num_richardson_iterations None
train_mses [21.11919681857626, 20.991331795305985, 20.71797321495174, 15.12951770015952, 6.262394085583751, 0.14292096836040039, 0.04456156748479767, 0.028444553956812654, 0.02720726135427996, 0.025068777068925758, 0.023059497936357674, 0.021890012442177698, 0.019913400821881814, 0.017608600726466337, 0.016824642653068333, 0.015854911695615752, 0.015319141617192576, 0.014697446943513822, 0.013467167344419207, 0.011997780276835448, 0.0107589207110214, 0.008887598317858694, 0.00717341499049576, 0.006074203290063108, 0.005226106099190735, 0.004725680953331165, 0.004418710874585137, 0.004099139831389649, 0.003912519864691016, 0.003755574285685476, 0.0035448182458548217]
train_rres [1.0000020168432724, 0.9939475592683745, 0.9810039263251361, 0.7163884282151152, 0.2965267462417308, 0.006767362311992927, 0.0021100072006194483, 0.0013468604686708685, 0.0012882741924697945, 0.0011870161466874447, 0.0010918760141232255, 0.0010365004303405953, 0.0009429071169304414, 0.0008337739541669428, 0.0007966532406638135, 0.0007507361103118215, 0.0007253671929429473, 0.0006959297132470985, 0.0006376755054311268, 0.0005680994678701379, 0.0005094389953605993, 0.00042083116697572983, 0.00033966393323442293, 0.0002876158403636033, 0.00024745811520781013, 0.00022376279386403217, 0.00020922764366425954, 0.00019409583299619926, 0.00018525930646135928, 0.00017782787349123196, 0.00016784849469652442]
test_mses [21.0567193515457, 21.15333109626136, 21.22090262739729, 15.569125568767536, 6.34816829591482, 0.14607864386646985, 0.046093688134331734, 0.02956443637927344, 0.028651638407364066, 0.026700019829930026, 0.024667293588072896, 0.023396082397440343, 0.021342925058433822, 0.018757653137494747, 0.017941406601222443, 0.016997670955553042, 0.016330086393155446, 0.015572611626629563, 0.014170584099640643, 0.012489554848079789, 0.01116977467675049, 0.009211130094912468, 0.007345016194450313, 0.0062286880414107, 0.005375650934058182, 0.004842634689191732, 0.004521147328516475, 0.0042150836464218445, 0.004010054742192497, 0.003843200023202709, 0.0036428495086960676]
test_rres [1.000001078313017, 1.0045892502537839, 1.0077982783493324, 0.7393906950664386, 0.3014797811208578, 0.006937396037158558, 0.002189027505577315, 0.0014040396210542555, 0.001360690087779296, 0.0012680061017648035, 0.001171470245450459, 0.0011110993709484529, 0.001013593224873419, 0.0008908165156667372, 0.000852052290204348, 0.0008072335011253856, 0.0007755293561863159, 0.000739556250847607, 0.000672972799959255, 0.0005931393256097391, 0.0005304618699039643, 0.00043744421310899957, 0.0003488209151696612, 0.0002958055646702091, 0.00025529412445239016, 0.0002299807405996639, 0.00021471303901842665, 0.00020017782073407337, 0.00019044082790571837, 0.0001825167588175698, 0.00017300194660003877]
step_times_seconds [0.1973578929901123, 0.16568207740783691, 0.16832828521728516, 0.1667160987854004, 0.16590094566345215, 0.16745281219482422, 0.1661078929901123, 0.16536998748779297, 0.1677098274230957, 0.16672515869140625, 0.16519904136657715, 0.16771578788757324, 0.1667630672454834, 0.1679069995880127, 0.16999578475952148, 0.16776204109191895, 0.1664867401123047, 0.17487692832946777, 0.1672201156616211, 0.16626882553100586, 0.16846799850463867, 0.16724300384521484, 0.16660094261169434, 0.16826534271240234, 0.16663503646850586, 0.1659400463104248, 0.16822385787963867, 0.16713190078735352, 0.16591882705688477, 0.16748499870300293, 0.1669309139251709]
