date 2025-01-26T23:42:30.059438
sample_ratio 0.1
rank 4
seed 0
l2_regularization_strength 0
input_shape (100, 100, 100)
input_size 1000000
num_train_samples 100000
num_test_samples 1000000
num_iterations 10
max_num_richardson_iterations None
num_richardson_iterations None
train_mses [21.125878207750866, 21.033690649483386, 20.807155057854686, 12.999149937997842, 4.078530878690901, 0.07323431761178348, 0.03369107360463898, 0.026215225667780815, 0.02502700847936489, 0.02312747299329287, 0.020432993789656864, 0.01833476788431714, 0.015772219797070726, 0.013335102727662944, 0.0098595298485152, 0.00761697926623469, 0.006942583046673507, 0.006593677324296012, 0.006333197926782522, 0.006120055192597878, 0.005988778877788292, 0.005833680273895457, 0.00573260158439862, 0.005661123298904817, 0.005569602819244311, 0.005516411877009374, 0.0054717184911191145, 0.005415367525283631, 0.00538415550783678, 0.005353786356342774, 0.0053167504790276425]
train_rres [1.0000016982577073, 0.9956379641719977, 0.9849148134410898, 0.6153198407219422, 0.19305885251156218, 0.003466575034767494, 0.0015947801312422348, 0.001240907948544915, 0.001184663223727796, 0.0010947479693988243, 0.0009672037436365312, 0.0008678834006886947, 0.0007465841858625258, 0.0006312222972681632, 0.000466704697223919, 0.00036055268930944794, 0.0003286298807886485, 0.0003121142921121353, 0.00029978439806876875, 0.0002896952034771927, 0.00028348118782967107, 0.0002761395348216872, 0.00027135493556571807, 0.00026797148299728815, 0.0002636393253380488, 0.00026112151130713434, 0.00025900593242555444, 0.00025633853744297467, 0.0002548611044034597, 0.000253423568753107, 0.0002516704610315067]
test_mses [21.0567193515457, 21.113329176386323, 21.090367008327263, 13.194635710845569, 4.122279972169503, 0.07503109801306158, 0.03461573687076497, 0.026963695224894547, 0.025967101690327177, 0.024149836721143684, 0.02141851929772619, 0.019156806861980718, 0.016351864185318074, 0.013742535403986782, 0.010100585836224788, 0.007772707452332811, 0.007099238194321501, 0.0067590473518734815, 0.006494479405942979, 0.006267900030593844, 0.00613851160151118, 0.0059825139078752785, 0.005873702437804086, 0.005801829592842119, 0.00571066227139108, 0.0056527268015637965, 0.005607087643204997, 0.005551372639230458, 0.005516946678374473, 0.0054856380782952584, 0.005449221792046708]
test_rres [1.000001078313017, 1.0026895258787858, 1.0015990334599, 0.626624200973854, 0.19577049722016907, 0.003563289117711657, 0.0016439300737901325, 0.0012805282651126176, 0.0012331992110197732, 0.0011468957893696877, 0.0010171832580378717, 0.0009097726573255909, 0.0007765636016108912, 0.0006526444121378672, 0.0004796852044797057, 0.00036913232797462667, 0.00033714871395677917, 0.0003209927685029466, 0.0003084282171689734, 0.0002976677745810357, 0.00029152301069622886, 0.0002841145507530709, 0.0002789470037298434, 0.0002755337026707629, 0.0002712040909095055, 0.0002684526873630835, 0.00026628524585378937, 0.0002636392940736198, 0.0002620043766202787, 0.0002605175052175221, 0.00025878806555939074]
step_times_seconds [0.27772092819213867, 0.2353508472442627, 0.23778986930847168, 0.2353060245513916, 0.23725318908691406, 0.23815608024597168, 0.23786377906799316, 0.23621225357055664, 0.2391810417175293, 0.23749685287475586, 0.23714423179626465, 0.23988890647888184, 0.23807692527770996, 0.2370760440826416, 0.23950910568237305, 0.23797893524169922, 0.23714017868041992, 0.23951935768127441, 0.23788094520568848, 0.2363910675048828, 0.24019098281860352, 0.23697710037231445, 0.23647689819335938, 0.23915719985961914, 0.23683691024780273, 0.23650598526000977, 0.23918700218200684, 0.23708581924438477, 0.23611927032470703, 0.23889493942260742, 0.23690009117126465]
