date 2025-01-26T23:42:30.059438
sample_ratio 0.07
rank 8
seed 0
l2_regularization_strength 0
input_shape (100, 100, 100)
input_size 1000000
num_train_samples 70000
num_test_samples 1000000
num_iterations 10
max_num_richardson_iterations None
num_richardson_iterations None
train_mses [21.118995890860646, 20.844653861887974, 20.022179386787787, 10.042646942198644, 1.4971400003903605, 0.06367815730376021, 0.02886821109244181, 0.017325535191799718, 0.008775626047536357, 0.00494223777045588, 0.0033158348394297056, 0.0020295580169969064, 0.0014321819225199372, 0.0011224978153760218, 0.0009179810639039385, 0.0007888799820014887, 0.0006952064844425392, 0.0006423082597646572, 0.0005694298659672871, 0.00046490065009669856, 0.0003471170551163019, 0.0002389434150100166, 0.00019286502483898584, 0.00014842696191938866, 0.0001223821515754669, 0.00010456142175644549, 8.846150220047391e-05, 7.709017388446262e-05, 6.841082365172342e-05, 6.0832055343781746e-05, 5.51127257879681e-05]
train_rres [0.9999925028393744, 0.9870023032293097, 0.9480578234288822, 0.4755231594702562, 0.07089014950465466, 0.0030151850129363114, 0.0013669207954777362, 0.0008203706932381724, 0.0004155292373088607, 0.00023401684167400342, 0.00015700604314801918, 9.610034546920618e-05, 6.781435976517228e-05, 5.31506992865774e-05, 4.346675317313306e-05, 3.735376775100083e-05, 3.291829194723739e-05, 3.0413540851836748e-05, 2.6962721135171906e-05, 2.2013222932773828e-05, 1.643612482893656e-05, 1.1314061750268016e-05, 9.13223241746916e-06, 7.028073205073449e-06, 5.794841510896828e-06, 4.951023163365474e-06, 4.1886858375054e-06, 3.6502491086902137e-06, 3.23927856789796e-06, 2.8804210006223277e-06, 2.6096085668003037e-06]
test_mses [21.056701372931382, 21.22139431300695, 20.967702503295904, 10.778479966616825, 1.6013110205975059, 0.06624021886198708, 0.03045832444263317, 0.018514211390439263, 0.009296328212538093, 0.005328236590470318, 0.003594437410408322, 0.0022099352240575435, 0.00154980637355098, 0.0012243738394084422, 0.0010061771992206025, 0.0008605642508284695, 0.0007612528378038774, 0.0007003926195448925, 0.000620269760086437, 0.0004986100309629077, 0.00037147923821644735, 0.0002584862442531251, 0.0002081978479516136, 0.00015915713272356756, 0.00013259575988169782, 0.00011278681444319954, 9.524509577265386e-05, 8.33204812928936e-05, 7.360463852695201e-05, 6.551556487704068e-05, 5.945387858390246e-05]
test_rres [1.0000002244937016, 1.0078216289070163, 0.9957735943089009, 0.5118789593593964, 0.07604758939784592, 0.00314580297071846, 0.0014464911070776589, 0.0008792552650513122, 0.0004414903424263668, 0.00025304237792322877, 0.00017070281587208008, 0.00010495165795602623, 7.36015909626302e-05, 5.814652981908191e-05, 4.778419028131816e-05, 4.086891050874609e-05, 3.615252907936206e-05, 3.3262226802484204e-05, 2.9457125707754738e-05, 2.367940419854593e-05, 1.7641857337101116e-05, 1.2275726273724233e-05, 9.887488595832954e-06, 7.55850432765028e-06, 6.2970826864203955e-06, 5.356339426844782e-06, 4.523268648194659e-06, 3.95695880955629e-06, 3.4955453728070323e-06, 3.11138855153701e-06, 2.8235140384976137e-06]
step_times_seconds [0.19750094413757324, 0.16749286651611328, 0.16990184783935547, 0.1686868667602539, 0.16765427589416504, 0.16960501670837402, 0.16847014427185059, 0.16728806495666504, 0.1693868637084961, 0.16886305809020996, 0.16779017448425293, 0.17022109031677246, 0.1689920425415039, 0.16759514808654785, 0.17167901992797852, 0.16944503784179688, 0.16832280158996582, 0.17039203643798828, 0.16949892044067383, 0.1682419776916504, 0.1701641082763672, 0.17020797729492188, 0.16750311851501465, 0.16984105110168457, 0.16874909400939941, 0.16762685775756836, 0.16915583610534668, 0.16848993301391602, 0.16832494735717773, 0.16936492919921875, 0.16846489906311035]
