date 2025-01-26T23:42:30.059438
sample_ratio 0.05
rank 4
seed 0
l2_regularization_strength 0
input_shape (100, 100, 100)
input_size 1000000
num_train_samples 50000
num_test_samples 1000000
num_iterations 10
max_num_richardson_iterations None
num_richardson_iterations None
train_mses [21.069106802912522, 20.898692986429626, 20.59817214770956, 16.945116498316704, 8.887076111965705, 0.3863480601151533, 0.08323558866515239, 0.030084227668564334, 0.02798716113396583, 0.027333958361574588, 0.02690587318111441, 0.026333806505390595, 0.024718326937564174, 0.019555482820525237, 0.016760283010166917, 0.014862480049703513, 0.013635077231010153, 0.012105445866824455, 0.010374933548620029, 0.007946867662500247, 0.007144102010223055, 0.006664599245885712, 0.006572565660968469, 0.006443947934816596, 0.00637848327095714, 0.006319151947227439, 0.006223225744208499, 0.00617114278253568, 0.00611460953023581, 0.006022974271817619, 0.005971041992661368]
train_rres [1.0000003901341463, 0.9919120604027888, 0.9776484772915215, 0.8042639523210746, 0.42180618581747553, 0.018337189822841302, 0.003950600370334233, 0.0014278839481363336, 0.00132835114058296, 0.0012973482588121174, 0.0012770301052484527, 0.0012498781759209374, 0.00117320287054649, 0.0009281594437161213, 0.0007954912235106585, 0.0007054160381402566, 0.0006471599711400437, 0.00057455926835488, 0.0004924241778869181, 0.0003771811893680338, 0.00033907962327067503, 0.0003163210433321339, 0.0003119528647622685, 0.0003058482976568296, 0.0003027411564755809, 0.00029992512125245153, 0.00029537218783480106, 0.0002929001807165419, 0.00029021695000893517, 0.00028586767716004693, 0.0002834028218672906]
test_mses [21.0567193515457, 21.199957696250845, 21.335601898163183, 17.897952055321664, 9.270553222673465, 0.4244869085897871, 0.09423263041944832, 0.031308055151963624, 0.029647994379710472, 0.029651654140474895, 0.02973943633551193, 0.029499119235286985, 0.027551743635554776, 0.021606370845485456, 0.018195016875988634, 0.01609239493313959, 0.0147639542257809, 0.012981951505246633, 0.011191232020954688, 0.008416117507013618, 0.007617099301563218, 0.007089493398688202, 0.006985646647105947, 0.006846356618471049, 0.006779247100146727, 0.00671504599126076, 0.006608049201747717, 0.006557703236831086, 0.0064969400045118, 0.006393263414129199, 0.006345729331696458]
test_rres [1.000001078313017, 1.00680358618566, 1.013245441914211, 0.8499885977538337, 0.4402662667653953, 0.020159235597561692, 0.004475185828261659, 0.0014868455237092202, 0.0014080078598450992, 0.0014081816649212694, 0.0014123505142195944, 0.0014009376556754945, 0.0013084551721935784, 0.001026104483950884, 0.0008640964526402611, 0.0007642411914749311, 0.0007011524397251918, 0.0006165236515298366, 0.0005314808969890338, 0.0003996884054782675, 0.0003617423677454961, 0.00033668592552432925, 0.00033175415710267643, 0.000325139158037168, 0.0003219520713134965, 0.000318903107367926, 0.0003138217410305236, 0.0003114307693713204, 0.00030854507303721367, 0.00030362138571216003, 0.00030136395268587655]
step_times_seconds [0.1452491283416748, 0.11926507949829102, 0.1207890510559082, 0.11981797218322754, 0.11942315101623535, 0.12074494361877441, 0.1194298267364502, 0.11892986297607422, 0.12046504020690918, 0.12002182006835938, 0.11937594413757324, 0.12097978591918945, 0.12007808685302734, 0.1193242073059082, 0.12102198600769043, 0.12017416954040527, 0.11915087699890137, 0.12111115455627441, 0.12030506134033203, 0.11953496932983398, 0.12226605415344238, 0.12057805061340332, 0.12019085884094238, 0.12172913551330566, 0.12080073356628418, 0.11956930160522461, 0.12095785140991211, 0.11965394020080566, 0.11925697326660156, 0.12257194519042969, 0.11982607841491699]
