date 2025-01-26T23:42:30.059438
sample_ratio 0.08
rank 2
seed 0
l2_regularization_strength 0
input_shape (100, 100, 100)
input_size 1000000
num_train_samples 80000
num_test_samples 1000000
num_iterations 10
max_num_richardson_iterations None
num_richardson_iterations None
train_mses [21.084149729519073, 21.022606573065445, 20.77631364141711, 15.451149809575142, 3.4018787812150424, 0.119124649454819, 0.03593560618312016, 0.025134827344442404, 0.021076863149204015, 0.01976463669549588, 0.017985849313676028, 0.01738847443638897, 0.016853704580734916, 0.01634144793503469, 0.01592903695136919, 0.015483113303586387, 0.01522937488347807, 0.015032254578363066, 0.014869170430984057, 0.014804280440966183, 0.014745054635047052, 0.014712038758926804, 0.014695393106665833, 0.014675140437146746, 0.014668896794303814, 0.014658483687286474, 0.014645365141873845, 0.01464265944320251, 0.014631781876094926, 0.014619046572845911, 0.014616490517140448]
train_rres [1.000000106265614, 0.9970811759894084, 0.9853997488993712, 0.7328325614131135, 0.16134770367120593, 0.005649962822398826, 0.0017043898123872366, 0.0011921196888589724, 0.000999654511058653, 0.0009374169245310119, 0.0008530508204356034, 0.0008247179282663212, 0.0007993543295752631, 0.000775058509885731, 0.0007554982699528298, 0.0007343485579231892, 0.0007223139987720209, 0.0007129647801129382, 0.0007052298623286597, 0.0007021521950882968, 0.0006993431744271563, 0.0006977772644875928, 0.0006969877778711832, 0.0006960272140385855, 0.0006957310843114438, 0.0006952372010741551, 0.0006946150016032269, 0.0006944866730249551, 0.0006939707609107346, 0.0006933667382318163, 0.0006932455070695512]
test_mses [21.056665852709568, 21.09262362571424, 20.97274595239976, 15.637569968982241, 3.465202922029121, 0.1208871395412502, 0.03656053973952551, 0.02577809168341358, 0.02153447081169648, 0.020182074203507212, 0.018326530182021482, 0.01770200058913815, 0.01717064197818474, 0.016617784501710413, 0.016188135440837175, 0.015724057933363626, 0.015437569129272697, 0.015231832250010053, 0.015055301313272066, 0.014975941141926224, 0.014912709344264148, 0.014874341998786386, 0.014854334523258343, 0.014830525653916985, 0.014823208568925236, 0.014814062574164207, 0.014797045333716913, 0.01479514996907491, 0.014787424365077968, 0.014770568274014883, 0.014769597817027785]
test_rres [0.9999985376088872, 1.0017062020925174, 0.9960131118927218, 0.7426411764389876, 0.16456536275904587, 0.005741030588725231, 0.0017362903761429316, 0.001224222968920043, 0.0010226898916718432, 0.0009584634543091368, 0.0008703421286950024, 0.0008406826999922177, 0.0008154480385497971, 0.0007891923781405151, 0.0007687879876466145, 0.0007467485616493117, 0.000733142970567788, 0.0007233723554175084, 0.0007149887547175905, 0.0007112198743143323, 0.0007082169437632774, 0.0007063948466830427, 0.000705444675064742, 0.0007043139720992288, 0.0007039664776600573, 0.0007035321267780144, 0.0007027239639054842, 0.0007026339514655521, 0.0007022670561197681, 0.0007014665463652422, 0.0007014204585574811]
step_times_seconds [0.22446894645690918, 0.1886909008026123, 0.1917588710784912, 0.19001317024230957, 0.18838191032409668, 0.19049310684204102, 0.18860697746276855, 0.18722224235534668, 0.19174718856811523, 0.18913817405700684, 0.18810224533081055, 0.19305968284606934, 0.19032502174377441, 0.18897318840026855, 0.19189095497131348, 0.19025921821594238, 0.18945574760437012, 0.1920337677001953, 0.19052481651306152, 0.18950200080871582, 0.19222712516784668, 0.1908121109008789, 0.18974614143371582, 0.19228100776672363, 0.19085907936096191, 0.1894059181213379, 0.19211888313293457, 0.19040894508361816, 0.189924955368042, 0.1923058032989502, 0.19071626663208008]
