date 2025-01-26T23:42:30.059438
sample_ratio 0.06
rank 4
seed 0
l2_regularization_strength 0
input_shape (100, 100, 100)
input_size 1000000
num_train_samples 60000
num_test_samples 1000000
num_iterations 10
max_num_richardson_iterations None
num_richardson_iterations None
train_mses [21.064002595423926, 20.927035910303644, 20.64948352330514, 16.401081268756094, 7.5567170188274195, 0.23771174475611997, 0.06295832761545522, 0.028449149558951194, 0.025823798604647435, 0.020471635316071518, 0.012894236124912197, 0.008486652101262955, 0.007481201771644907, 0.006972122068756469, 0.006695393782644102, 0.006498664846253207, 0.006287401862627117, 0.006148139860493153, 0.006003679053054677, 0.005892449035597276, 0.005739902026360641, 0.005587652683512352, 0.005503708216619668, 0.005295477670477433, 0.00509604169868596, 0.005029410796592774, 0.004780760755470816, 0.004561095896855299, 0.004523262045553487, 0.004301885088243392, 0.004126309614187887]
train_rres [1.0000024411779902, 0.9935000198618203, 0.9803233663129085, 0.7786327044166707, 0.35875116478386476, 0.011285240019123496, 0.0029889134803665657, 0.0013506084078516692, 0.0012259712525266374, 0.0009718801162426968, 0.0006121470762085291, 0.0004028993435718135, 0.00035516611815340727, 0.00033099782709208734, 0.00031786029729917486, 0.00030852069454561347, 0.0002984910955461084, 0.00029187970526230964, 0.00028502150443183674, 0.000279740917872574, 0.0002724988288659871, 0.00026527087141458097, 0.00026128565201310284, 0.00025140001638773984, 0.00024193189855274181, 0.00023876863153123317, 0.00022696410164691838, 0.0002165356280526236, 0.00021473948586694063, 0.0002042297312878776, 0.00019589437802958328]
test_mses [21.0567193515457, 21.16662830788595, 21.2650028386108, 17.10461091164435, 7.796763875181981, 0.2518075484542269, 0.06724512227036558, 0.02981532299941512, 0.027366304003962148, 0.02151288793130968, 0.013458221707110841, 0.008752972973022142, 0.0077922163272884145, 0.007314486614500197, 0.00702631968371105, 0.006819753659668846, 0.006629714295076537, 0.006462125295213489, 0.006318934100036145, 0.006221710712253637, 0.00603122027998142, 0.005892638899139078, 0.0058181724992802724, 0.005559942940160103, 0.005380126864863433, 0.005318763808456117, 0.005013863351195034, 0.004812277569683023, 0.004776279022871429, 0.0045061888599466785, 0.004342950161194132]
test_rres [1.000001078313017, 1.005220745870036, 1.009892633981427, 0.8123121683964202, 0.37027478746168624, 0.011958549467160937, 0.0031935266676154862, 0.0014159544348715167, 0.0012996484901811223, 0.0010216649027692715, 0.000639142118703243, 0.00041568595113674776, 0.0003700588206379221, 0.00034737104007939376, 0.0003336857533681879, 0.00032387576144416705, 0.0003148506342939456, 0.00030689169359769957, 0.00030009142489526453, 0.00029547420551761177, 0.00028642765678890176, 0.0002798463119952135, 0.0002763098408615264, 0.0002640463047778055, 0.0002555066901211906, 0.00025259250764331123, 0.00023811253187173729, 0.0002285390557988947, 0.00022682945493333287, 0.00021400264893106438, 0.0002062503076451471]
step_times_seconds [0.17180395126342773, 0.14216995239257812, 0.14464378356933594, 0.14352178573608398, 0.14252209663391113, 0.14390993118286133, 0.14290881156921387, 0.14165806770324707, 0.14391517639160156, 0.1433396339416504, 0.14267706871032715, 0.14442110061645508, 0.14321470260620117, 0.1425168514251709, 0.14454197883605957, 0.14339900016784668, 0.1424717903137207, 0.14629125595092773, 0.14458608627319336, 0.1432173252105713, 0.14531874656677246, 0.14425277709960938, 0.1428825855255127, 0.14501404762268066, 0.14327216148376465, 0.14219427108764648, 0.1443941593170166, 0.1432781219482422, 0.14232707023620605, 0.14425396919250488, 0.14329099655151367]
