date 2025-01-26T23:42:30.059438
sample_ratio 0.02
rank 4
seed 0
l2_regularization_strength 0
input_shape (100, 100, 100)
input_size 1000000
num_train_samples 20000
num_test_samples 1000000
num_iterations 10
max_num_richardson_iterations None
num_richardson_iterations None
train_mses [21.043521593190018, 20.600550443240877, 19.935293744328927, 18.205040945734247, 14.705741003508214, 5.863231303150566, 0.7377688544058435, 0.13821050520562686, 0.03849626916654489, 0.02913609284095934, 0.0264895066590416, 0.025038317392327886, 0.022497388465330864, 0.020882004576257465, 0.019801032800795204, 0.018497590914393496, 0.017481909352578116, 0.01663968303556597, 0.015222657274221172, 0.014564660524525536, 0.014041053944429456, 0.013463225229037682, 0.013277263304563712, 0.013056786717459844, 0.012921077911130254, 0.012782709322174466, 0.012642716436862947, 0.012567828532172086, 0.012455799415995256, 0.012353137089680315, 0.0122994678698296]
train_rres [1.0000026516783003, 0.9789523572870099, 0.9473389003847207, 0.8651160947100082, 0.6988269493429997, 0.2786247931264134, 0.03505928451491971, 0.006567858477649072, 0.0018293692467673498, 0.0013845672156856748, 0.0012587996159950715, 0.001189838101717422, 0.001069091407611555, 0.0009923272516979096, 0.0009409587278002042, 0.0008790182708791493, 0.0008307523829393272, 0.0007907292077974843, 0.000723391166844309, 0.0006921227077331554, 0.000667240562118244, 0.0006397817432580664, 0.0006309447044211187, 0.0006204675050245975, 0.0006140185290019909, 0.000607443158275565, 0.0006007905998666665, 0.0005972318750145615, 0.0005919081741907288, 0.0005870295896777817, 0.0005844791913555927]
test_mses [21.0567193515457, 21.506279498232406, 22.069624520886503, 21.860875077995217, 18.1217523619113, 7.246597903181494, 0.8586569925689648, 0.17621841221017873, 0.045546126317437756, 0.033375426579593956, 0.030914486581289397, 0.029971913053129125, 0.027700900467187872, 0.026096948374494628, 0.025136100900628174, 0.023707008951704696, 0.02268484071155707, 0.021549503173641283, 0.019494066184616934, 0.018895888961230428, 0.018159262554619512, 0.01750569330632438, 0.017630835955225514, 0.017533890989529333, 0.017588648741743252, 0.017817185695885286, 0.017965482586975084, 0.018151549293766917, 0.01837992377659449, 0.018643114268386177, 0.018903299000587327]
test_rres [1.000001078313017, 1.0213510627976736, 1.048104785479313, 1.0381911011819915, 0.8606170600598574, 0.3441469488337173, 0.04077833323104751, 0.008368758650708373, 0.0021630233404367075, 0.0015850267086501733, 0.0014681546256403598, 0.0014233910264864211, 0.0013155387539225574, 0.0012393657378188916, 0.0011937342938166586, 0.0011258655310681525, 0.0010773219129812301, 0.0010234037910169132, 0.0009257893824705065, 0.0008973814496666301, 0.0008623984502436605, 0.0008313599042035155, 0.0008373030324636591, 0.0008326990355819662, 0.0008352995266815398, 0.0008461529363110714, 0.00085319567874993, 0.0008620321410840458, 0.0008728778348160083, 0.0008853769697096924, 0.0008977333585857515]
step_times_seconds [0.06500983238220215, 0.04964089393615723, 0.0500028133392334, 0.05010485649108887, 0.04973196983337402, 0.04990696907043457, 0.05009889602661133, 0.04979395866394043, 0.05003190040588379, 0.05014514923095703, 0.050020694732666016, 0.05020499229431152, 0.05022382736206055, 0.05007600784301758, 0.05011796951293945, 0.050048112869262695, 0.04987382888793945, 0.050170183181762695, 0.05009269714355469, 0.04965400695800781, 0.05011105537414551, 0.05002784729003906, 0.04966378211975098, 0.0499720573425293, 0.05007004737854004, 0.04996609687805176, 0.050045013427734375, 0.05024003982543945, 0.04985809326171875, 0.05011391639709473, 0.04997611045837402]
