date 2025-01-26T23:42:30.059438
sample_ratio 0.08
rank 8
seed 0
l2_regularization_strength 0
input_shape (100, 100, 100)
input_size 1000000
num_train_samples 80000
num_test_samples 1000000
num_iterations 10
max_num_richardson_iterations None
num_richardson_iterations None
train_mses [21.08404333652096, 20.84069048162695, 19.993032028742817, 8.56080380796721, 1.0618241982176921, 0.05037719871197482, 0.026793216998046033, 0.016925054658579984, 0.009631998934016553, 0.004540375335762496, 0.0019887679442414413, 0.0011276201840117205, 0.0008246550925946767, 0.0006182747763616416, 0.00035812149116405776, 0.00022836573799807954, 0.00019772976005030154, 0.00017828419131612515, 0.00016615545006768727, 0.0001548855831215243, 0.00014507250420251296, 0.00013713462969498536, 0.0001297747394232087, 0.00012167686076505551, 0.00011551505822517336, 0.0001096621219921305, 0.00010229169150526847, 9.696093466993737e-05, 9.177749449146046e-05, 8.480973748479687e-05, 7.999097188620721e-05]
train_rres [0.9999950601522642, 0.9884530779582495, 0.948249486453001, 0.40603035111729663, 0.05036125832318839, 0.002389340083029655, 0.001270775449281295, 0.0008027383923116054, 0.0004568360631627207, 0.00021534545506909727, 9.43252718792209e-05, 5.3481896035875514e-05, 3.9112565164180653e-05, 2.93241534515081e-05, 1.6985343673530566e-05, 1.083115824897502e-05, 9.378124496305506e-06, 8.455840645638922e-06, 7.880586594946754e-06, 7.3460680922639614e-06, 6.880643586761362e-06, 6.504158148511167e-06, 6.155085923721584e-06, 5.771011648848562e-06, 5.4787635253189245e-06, 5.201164621398495e-06, 4.851592484763252e-06, 4.5987600267228e-06, 4.3529146501818985e-06, 4.022440913442052e-06, 3.79389168701002e-06]
test_mses [21.056701372931382, 21.189669437606558, 20.81678989444853, 9.026754634277543, 1.140264177950778, 0.052389889824870466, 0.028119430242204188, 0.017933298237983817, 0.010123819710404245, 0.004822083655467638, 0.0021075152723604423, 0.001209085258543444, 0.0008854820248165283, 0.0006600000766873834, 0.0003837060264022622, 0.0002431416780122325, 0.00021022773731684238, 0.0001900324408465635, 0.0001772221071965543, 0.00016513903378265714, 0.0001548075376124821, 0.00014640352825375836, 0.00013851279451668327, 0.00012985880654655546, 0.00012334265183129106, 0.00011705224570865736, 0.00010914288061380833, 0.00010353871892758172, 9.797337542487242e-05, 9.04857659613682e-05, 8.545508735201444e-05]
test_rres [1.0000002244937016, 1.0063149882437636, 0.988606629262785, 0.42868806945854765, 0.05415209218850995, 0.0024880393494784775, 0.0013354150803025118, 0.0008516672173045003, 0.00048078860044775527, 0.00022900475495149917, 0.00010008764944511117, 5.7420462424839335e-05, 4.205227627628147e-05, 3.1343951417845584e-05, 1.8222517655833156e-05, 1.1547000087514617e-05, 9.983889726521713e-06, 9.024798335789593e-06, 8.416424958641536e-06, 7.842589773705876e-06, 7.351938445819727e-06, 6.952825066353067e-06, 6.578087572158523e-06, 6.1671025009631645e-06, 5.857644905364801e-06, 5.558908297793559e-06, 5.183285984954984e-06, 4.917139695226535e-06, 4.652836913250999e-06, 4.297244125386762e-06, 4.058333022949017e-06]
step_times_seconds [0.2249600887298584, 0.19058513641357422, 0.19301581382751465, 0.1917562484741211, 0.19085001945495605, 0.1920788288116455, 0.19116497039794922, 0.19005489349365234, 0.19214105606079102, 0.1917886734008789, 0.19063901901245117, 0.19500494003295898, 0.19258904457092285, 0.19138097763061523, 0.19373106956481934, 0.19247889518737793, 0.19178485870361328, 0.19391417503356934, 0.19308710098266602, 0.19176912307739258, 0.19387507438659668, 0.19295692443847656, 0.19219517707824707, 0.1943349838256836, 0.1928849220275879, 0.191910982131958, 0.19585013389587402, 0.19283223152160645, 0.19222021102905273, 0.19380593299865723, 0.1928567886352539]
