date 2025-01-26T23:42:30.059438
sample_ratio 0.1
rank 2
seed 0
l2_regularization_strength 0
input_shape (100, 100, 100)
input_size 1000000
num_train_samples 100000
num_test_samples 1000000
num_iterations 10
max_num_richardson_iterations None
num_richardson_iterations None
train_mses [21.125821584583065, 21.072829186852992, 20.798924325268782, 13.095074341201286, 2.269135938088581, 0.07034938690413131, 0.030507672071602623, 0.02391085269433318, 0.019748704310764933, 0.018528634020668053, 0.017030383262437807, 0.016667418567758142, 0.016033642591648037, 0.01565950154368076, 0.015360659549399903, 0.015071368883597063, 0.014937553477626727, 0.014830643071349507, 0.014754324465903646, 0.014724136043111647, 0.014693084171114142, 0.014678967263123802, 0.014668405647949901, 0.014655000089880127, 0.01465162853933708, 0.014642929147590742, 0.014632322535012567, 0.01463019675568368, 0.014620860828881728, 0.014610153329118069, 0.014608007253229882]
train_rres [0.9999990179779383, 0.9974906021287275, 0.9845252084986175, 0.6198604598225771, 0.10741043611780611, 0.003330015712658483, 0.0014440925760094026, 0.001131829553592257, 0.0009348126338202893, 0.0008770601299909799, 0.0008061398450251955, 0.0007889587694023093, 0.0007589587359744675, 0.000741248623302421, 0.0007271028207538702, 0.0007134091340702651, 0.000707074929550697, 0.0007020142837026386, 0.0006984017126982994, 0.0006969727319116618, 0.0006955028794195561, 0.0006948346500647496, 0.0006943347118843632, 0.0006937001545559514, 0.0006935405608938251, 0.0006931287717869014, 0.0006926267036368046, 0.0006925260790417888, 0.000692084159299331, 0.0006915773156148955, 0.000691475730274316]
test_mses [21.056665852709568, 21.08156300189297, 20.906012272778263, 13.194982958840383, 2.2923164403441123, 0.07147980958870834, 0.030946226011139007, 0.024347008568942615, 0.0200581428032988, 0.018814897277231696, 0.01724185745579324, 0.016858381158656437, 0.016212838753993083, 0.015803174395951546, 0.015479886949072819, 0.01517816231487371, 0.015025737465882935, 0.014907082777250627, 0.014825960858052973, 0.014790312080232694, 0.01475329084307981, 0.014737769762029503, 0.01472708651232733, 0.014709196044503554, 0.01470568737178153, 0.014698881962733775, 0.014684114117252811, 0.014682379119205755, 0.014675763534723961, 0.014660964464840127, 0.014659444033911246]
test_rres [0.9999985376088872, 1.0011809238873315, 0.9928438740609796, 0.6266406920693308, 0.1088640102908765, 0.0033946354829994157, 0.0014696619575064855, 0.0011562596440670922, 0.0009525778492547029, 0.0008935350873733903, 0.0008188301206876707, 0.000800618513065321, 0.0007699611684912365, 0.0007505058681213867, 0.000735152678952341, 0.0007208235256537973, 0.000713584743068167, 0.0007079497334259601, 0.000704097186155033, 0.0007024041961091642, 0.0007006460268304987, 0.0006999089178094893, 0.000699401561414426, 0.0006985519282490399, 0.0006983852984694006, 0.0006980621039454818, 0.0006973607667068184, 0.0006972783702095788, 0.0006969641906118448, 0.0006962613705003739, 0.0006961891639736592]
step_times_seconds [0.2769660949707031, 0.23443102836608887, 0.23894286155700684, 0.23626327514648438, 0.23676586151123047, 0.23793578147888184, 0.23721003532409668, 0.23527979850769043, 0.23993706703186035, 0.23682403564453125, 0.23540186882019043, 0.2387220859527588, 0.23662018775939941, 0.23574399948120117, 0.23846125602722168, 0.23672127723693848, 0.23591971397399902, 0.2390131950378418, 0.23687410354614258, 0.23575210571289062, 0.23843097686767578, 0.23696613311767578, 0.2355329990386963, 0.2389509677886963, 0.23710203170776367, 0.2362501621246338, 0.23897218704223633, 0.23726725578308105, 0.23591017723083496, 0.23854398727416992, 0.23848485946655273]
