date 2025-01-26T23:42:30.059438
sample_ratio 0.04
rank 8
seed 0
l2_regularization_strength 0
input_shape (100, 100, 100)
input_size 1000000
num_train_samples 40000
num_test_samples 1000000
num_iterations 10
max_num_richardson_iterations None
num_richardson_iterations None
train_mses [21.083451869772784, 20.616395874287345, 19.69893778685983, 13.108488953593891, 4.1018141260572865, 0.1912545612083674, 0.04682925772808823, 0.023749229595188354, 0.014146195220400688, 0.008536454169433896, 0.006488529157286779, 0.0045381082651149785, 0.003341456178632802, 0.0024959936561918267, 0.0012839566417703, 0.0008805386836225626, 0.0006552512118043744, 0.0005856056002000854, 0.0005426439480454251, 0.0005051842871283616, 0.0004575142064974379, 0.0004248530403916299, 0.00036280662650222057, 0.00032248093495657883, 0.0002955038061403984, 0.000266374933512931, 0.0002508147989985817, 0.00023384014646412292, 0.0002172313988945373, 0.00020701252669652823, 0.00019516123117411274]
train_rres [0.9999941001652195, 0.9778415018707322, 0.9343262046488514, 0.6217393478374521, 0.19455020702337422, 0.009071258066249298, 0.0022211249719664337, 0.0011264326935337614, 0.0006709580503023467, 0.00040488644167434816, 0.00030775277768149966, 0.0002152437617453059, 0.00015848621398586153, 0.00011838568682484633, 6.089842757101071e-05, 4.176419943131925e-05, 3.1078750765187035e-05, 2.7775439659545113e-05, 2.573775631654358e-05, 2.3961033977970614e-05, 2.170002853731657e-05, 2.0150900168202116e-05, 1.720802116484623e-05, 1.5295362180928205e-05, 1.4015829312107312e-05, 1.2634238624213687e-05, 1.1896217032292355e-05, 1.1091104449606136e-05, 1.0303346843152196e-05, 9.818662837351319e-06, 9.256552530418089e-06]
test_mses [21.056701372931382, 21.420725812888158, 21.526012107748365, 15.128826483004303, 4.669506736284187, 0.20671185065379516, 0.05097733436271596, 0.02656303400404758, 0.015662118094408362, 0.00975852231076811, 0.0075411597097257204, 0.005288283002968087, 0.0038963601194601724, 0.002923594652032592, 0.001491035823938988, 0.0010281733711976408, 0.0007662165256104005, 0.0006874005480218863, 0.0006391960216349562, 0.0005905198484176473, 0.0005373999877811681, 0.0004996331926913129, 0.0004214163420491326, 0.0003747248478212707, 0.00034271929977865146, 0.00030957344641760134, 0.0002903340576731416, 0.00027054921888456144, 0.00025199607708818386, 0.00023906907015992478, 0.00022533510593132568]
test_rres [1.0000002244937016, 1.0172880472742405, 1.0222881808009316, 0.7184805260513804, 0.22175875042620596, 0.009816917350836065, 0.00242095591821131, 0.0012615005312004133, 0.0007438069872895218, 0.00046344032375553347, 0.00035813593350204523, 0.0002511449488927292, 0.00018504137590977533, 0.00013884393650182508, 7.081052878414671e-05, 4.882880674452719e-05, 3.638825873297346e-05, 3.264522254291173e-05, 3.0355949576799848e-05, 2.8044277711263634e-05, 2.552157144209274e-05, 2.372799499821476e-05, 2.0013411844087913e-05, 1.7795994030971625e-05, 1.627602399099154e-05, 1.4701899905027402e-05, 1.3788205365562937e-05, 1.2848606950799571e-05, 1.1967502848459436e-05, 1.135358856049273e-05, 1.0701351200587785e-05]
step_times_seconds [0.11735010147094727, 0.09742617607116699, 0.09882092475891113, 0.09821486473083496, 0.09754514694213867, 0.09831786155700684, 0.09781384468078613, 0.09689998626708984, 0.09844088554382324, 0.09832501411437988, 0.09733891487121582, 0.0986778736114502, 0.09821701049804688, 0.09764409065246582, 0.09883594512939453, 0.0983130931854248, 0.09718799591064453, 0.09855318069458008, 0.09823203086853027, 0.09736108779907227, 0.09859418869018555, 0.098114013671875, 0.09729719161987305, 0.099700927734375, 0.09960699081420898, 0.09755396842956543, 0.09878921508789062, 0.09859919548034668, 0.09752392768859863, 0.0987100601196289, 0.09833383560180664]
