date 2025-01-26T23:42:30.059438
sample_ratio 0.05
rank 8
seed 0
l2_regularization_strength 0
input_shape (100, 100, 100)
input_size 1000000
num_train_samples 50000
num_test_samples 1000000
num_iterations 10
max_num_richardson_iterations None
num_richardson_iterations None
train_mses [21.068987251816925, 20.70691006502909, 19.804849546964903, 10.715637843641192, 2.030199042615178, 0.08415566117613953, 0.03091180848261423, 0.018347031893210537, 0.010269126212476581, 0.006439340383195794, 0.0050191054951399675, 0.003992039204423323, 0.0028968883904249496, 0.0024748438186644036, 0.0022331474501600668, 0.002007570244924036, 0.0017503144306099262, 0.0012711425061828394, 0.0008089905764166477, 0.0004673837991926908, 0.0003602749931292818, 0.0002901502634953353, 0.0002449227347813448, 0.00022425822888366253, 0.00019529125656473275, 0.00017547579283394598, 0.00016279366693448854, 0.0001473299728539937, 0.0001362683809286985, 0.0001285991616542116, 0.00011913572954690095]
train_rres [0.9999947158953967, 0.9828094915081694, 0.93999510557207, 0.5085949833761401, 0.09635908411573008, 0.00399426965724542, 0.0014671633131639495, 0.0008708028879742508, 0.0004874022574793631, 0.0003056296100085365, 0.0002382211785347531, 0.00018947365919196364, 0.00013749465260670532, 0.00011746320370085029, 0.00010599159908755307, 9.52850563113677e-05, 8.307495566092981e-05, 6.033207833581333e-05, 3.839701889591558e-05, 2.2183379006387717e-05, 1.7099687094236735e-05, 1.3771365791963769e-05, 1.1624737233768708e-05, 1.064394036597007e-05, 9.269084569238787e-06, 8.328585683982931e-06, 7.726655523116564e-06, 6.992704138368148e-06, 6.467689179534163e-06, 6.103685981000325e-06, 5.6545242824127765e-06]
test_mses [21.056701372931382, 21.312645025371992, 21.149389533658177, 11.795431041736018, 2.249954095857935, 0.09036246415076579, 0.03346084408252712, 0.020248384588276793, 0.011414767779896126, 0.007267879358241556, 0.005746109563123298, 0.004634159413939082, 0.0033415601361616257, 0.0028422279614794266, 0.0025798156859120503, 0.0023209843060955928, 0.002002616688356624, 0.0014574586840824819, 0.0009147290497758283, 0.0005235909843967151, 0.0004037305460937787, 0.0003244714596606062, 0.000275116255321877, 0.0002512393547376705, 0.00021833344210041416, 0.00019704138182060626, 0.000182677334163337, 0.00016509082607730753, 0.0001531983443116596, 0.00014454805470432198, 0.0001338397893520917]
test_rres [1.0000002244937016, 1.0121552009719912, 1.0044020621744056, 0.5601748099490622, 0.10685218739202901, 0.0042913884200652536, 0.0015890832567578771, 0.0009616125895170421, 0.0005420967957076796, 0.00034515762279735017, 0.00027288751221382624, 0.00022008007675105022, 0.00015869346423920142, 0.00013497976483607343, 0.0001225175880767728, 0.00011022547102869598, 9.51059286287758e-05, 6.921592254456133e-05, 4.34412417655613e-05, 2.4865770410396536e-05, 1.9173498715603364e-05, 1.5409418918744648e-05, 1.3065499301681151e-05, 1.1931565475981637e-05, 1.0368836374132504e-05, 9.357658759811939e-06, 8.675498214933212e-06, 7.840300349768186e-06, 7.275516520391991e-06, 6.864707087515045e-06, 6.356162678468433e-06]
step_times_seconds [0.14432597160339355, 0.12052607536315918, 0.1222078800201416, 0.12148594856262207, 0.12048602104187012, 0.12140989303588867, 0.12101411819458008, 0.1200249195098877, 0.12161111831665039, 0.12128376960754395, 0.12045693397521973, 0.12171316146850586, 0.12124085426330566, 0.12042689323425293, 0.12183499336242676, 0.12140798568725586, 0.12028217315673828, 0.12206506729125977, 0.12176012992858887, 0.12066006660461426, 0.12351584434509277, 0.12212920188903809, 0.12139487266540527, 0.12261581420898438, 0.12209486961364746, 0.12076377868652344, 0.12238478660583496, 0.1214599609375, 0.12080526351928711, 0.12215614318847656, 0.12184715270996094]
