date 2025-01-28T11:36:04.233235
sample_ratio 0.5
rank 16
seed 0
l2_regularization_strength 0
input_shape (100, 100, 100)
input_size 1000000
num_train_samples 500000
num_test_samples 1000000
num_iterations 10
max_num_richardson_iterations None
num_richardson_iterations None
train_mses [1.003481270231157, 1.0010900522346007, 0.9982142216487263, 0.9952640795718575, 0.9938642253896314, 0.992831007001121, 0.9918946905492946, 0.9912364187549558, 0.9906243838007261, 0.9900689505691067, 0.9896109011407901, 0.9891758329093808, 0.9887832897744341, 0.9884380892387232, 0.9881147690357138, 0.9878196190897659, 0.9875515348667775, 0.9873038853371767, 0.9870734368798708, 0.9868600013837152, 0.9866640173233457, 0.986477962965328, 0.9863033401893938, 0.9861427069100014, 0.9859875230840361, 0.9858405041971107, 0.985704309338021, 0.985570958125922, 0.9854438169127321, 0.9853249436442204, 0.9852075160775818]
train_rres [1.000007075154489, 0.9976241358952018, 0.994758261844401, 0.9918183335795713, 0.990423325891896, 0.989393684652601, 0.988460609861684, 0.9878046170980507, 0.9871947010960005, 0.9866411908533356, 0.9861847272573767, 0.9857511652941484, 0.9853599811994421, 0.9850159757971506, 0.9846937749747323, 0.9843996468799335, 0.9841324908027065, 0.9838856986710482, 0.9836560480591228, 0.9834433515070531, 0.9832480459714134, 0.9830626357600815, 0.982888617553068, 0.9827285404089666, 0.9825738938515088, 0.9824273839649087, 0.9822916606318185, 0.9821587711006081, 0.9820320700684062, 0.9819136083560803, 0.981796587340402]
test_mses [1.001584962930498, 1.0007054544526177, 1.0001152077855593, 0.9997941336819233, 1.0000886947215872, 1.0003872464825665, 1.0005504039413442, 1.000700119820922, 1.000823464708485, 1.000882139136776, 1.0009324501504655, 1.0009994048802093, 1.0010272767271917, 1.001050405588509, 1.001101604208537, 1.0011213025426613, 1.0011351414185758, 1.001178018171155, 1.001194420142495, 1.0012037769911168, 1.0012399870030906, 1.0012542225706962, 1.0012611030540846, 1.0012917427668064, 1.0013042443448084, 1.0013097947899006, 1.0013358572238595, 1.001346928395369, 1.0013517843200348, 1.0013740194124103, 1.0013839085102723]
test_rres [1.0000141833828788, 0.9991360542327442, 0.9985467332459095, 0.9982261626808189, 0.998520261762213, 0.9988183453062985, 0.9989812468862355, 0.9991307279673186, 0.9992538794138517, 0.9993124618233972, 0.9993626939346328, 0.999429543659685, 0.9994573717954208, 0.999480464383887, 0.9995315827094335, 0.9995512501507815, 0.9995650673232718, 0.9996078768325031, 0.9996242530807322, 0.9996335952550659, 0.9996697484791003, 0.9996839617211525, 0.9996908314139209, 0.9997214230745697, 0.9997339050464233, 0.9997394467867868, 0.9997654683471905, 0.9997765221558499, 0.9997813704649987, 0.9998035706862154, 0.9998134442750657]
step_times_seconds [0.02176690101623535, 0.037020206451416016, 0.04125404357910156, 0.03786277770996094, 0.026727914810180664, 0.03715991973876953, 0.027328968048095703, 0.026841163635253906, 0.02911686897277832, 0.036708831787109375, 0.028779029846191406, 0.03231620788574219, 0.027620792388916016, 0.028236865997314453, 0.02801990509033203, 0.03135371208190918, 0.027994155883789062, 0.030418872833251953, 0.03331804275512695, 0.028635025024414062, 0.027751922607421875, 0.02750086784362793, 0.027225732803344727, 0.03335213661193848, 0.02857494354248047, 0.033865928649902344, 0.02807903289794922, 0.02434372901916504, 0.038849592208862305, 0.037153005599975586, 0.02865004539489746]
