date 2025-01-28T11:36:04.233235
sample_ratio 0.6
rank 16
seed 0
l2_regularization_strength 0
input_shape (100, 100, 100)
input_size 1000000
num_train_samples 600000
num_test_samples 1000000
num_iterations 10
max_num_richardson_iterations None
num_richardson_iterations None
train_mses [1.0036977488243108, 1.001494965307976, 0.9990051006867131, 0.9963467978063734, 0.9950856007296268, 0.9941678525143963, 0.9933809355856942, 0.9927864246617948, 0.9922570905140318, 0.9918146542035008, 0.9914229226067222, 0.9910676389461249, 0.9907684730342597, 0.9904878151029372, 0.9902310320683303, 0.990010662132918, 0.9897987612344646, 0.9896022524463622, 0.9894306388350886, 0.9892633347817771, 0.9891060748483134, 0.9889666149176766, 0.9888294584807381, 0.9886993023540551, 0.9885822564206527, 0.9884666053846335, 0.988356271504065, 0.9882558560331945, 0.9881565409202002, 0.9880615374889787, 0.9879742878917807]
train_rres [1.0000049644963076, 0.9978102854162502, 0.9953295814542226, 0.9926810589477325, 0.9914245020416, 0.9905101303869229, 0.9897261086669679, 0.9891337850555589, 0.9886063984232182, 0.9881655899153554, 0.9877752995694943, 0.9874213230613096, 0.987123257834578, 0.9868436324942038, 0.9865877942105112, 0.9863682350556798, 0.9861571137786991, 0.98596132798173, 0.985790345767762, 0.985623657256118, 0.9854669759102006, 0.985328029077702, 0.9851913772639346, 0.9850617000050237, 0.984945084704637, 0.9848298591695556, 0.9847199312271547, 0.9846198852028408, 0.9845209354879888, 0.9844262815914577, 0.9843393530012018]
test_mses [1.001584962930498, 1.0005799665024737, 0.9997896810953287, 0.9991453168506206, 0.9991367710294845, 0.9991458628235764, 0.9990963244307732, 0.9990574117109701, 0.9990231461456702, 0.998979955538179, 0.9989341873312487, 0.9989067056577778, 0.9988777591918275, 0.9988439174314252, 0.9988252926940538, 0.9988085063908916, 0.9987826107832652, 0.9987695937856869, 0.9987619457922609, 0.9987397744478206, 0.9987303891760534, 0.9987291739814163, 0.9987088256653729, 0.9987019046763702, 0.9987049194455323, 0.9986858811256545, 0.998680593218352, 0.9986861030236674, 0.9986682621564675, 0.9986639541732578, 0.998670588648367]
test_rres [1.0000141833828788, 0.9990107630845819, 0.9982217170771885, 0.997578363384969, 0.9975698309661917, 0.9975789085016789, 0.9975294477996329, 0.9974905961064093, 0.997456384279585, 0.9974132614076584, 0.997367564978726, 0.9973401264045949, 0.9973112253352093, 0.9972774366486321, 0.997258841120322, 0.997242081143016, 0.997216226147312, 0.997203229564211, 0.9971955935650861, 0.9971734569918292, 0.9971640864389261, 0.9971628731500713, 0.997142556746167, 0.9971356466113089, 0.9971386566524271, 0.9971196481902294, 0.9971143685759195, 0.9971198697402411, 0.9971020568527637, 0.9970977556257375, 0.9971043796960402]
step_times_seconds [0.015408992767333984, 0.0362391471862793, 0.032601118087768555, 0.04054403305053711, 0.04372215270996094, 0.0305328369140625, 0.028142929077148438, 0.02516627311706543, 0.027672767639160156, 0.02823662757873535, 0.028243064880371094, 0.041457176208496094, 0.030224084854125977, 0.029201030731201172, 0.03098011016845703, 0.02823495864868164, 0.033419132232666016, 0.03750014305114746, 0.03125596046447754, 0.030244112014770508, 0.02838611602783203, 0.03792262077331543, 0.02443218231201172, 0.039653778076171875, 0.027610063552856445, 0.03612923622131348, 0.037027835845947266, 0.029724836349487305, 0.028594017028808594, 0.03450512886047363, 0.02764296531677246]
