date 2025-01-28T11:36:04.233235
sample_ratio 0.7
rank 16
seed 0
l2_regularization_strength 0
input_shape (100, 100, 100)
input_size 1000000
num_train_samples 700000
num_test_samples 1000000
num_iterations 10
max_num_richardson_iterations None
num_richardson_iterations None
train_mses [1.0020238777929333, 0.999983507193492, 0.9978178491173387, 0.995573310315336, 0.9944171356970128, 0.993598229341152, 0.9928954767219231, 0.9923634492046048, 0.9919042637221704, 0.9915079146314592, 0.9911703630442293, 0.990865360832777, 0.9905958773920189, 0.9903568164630882, 0.9901361056140314, 0.9899354350754582, 0.9897553751556504, 0.9895849118563995, 0.9894264947416427, 0.9892835185421075, 0.9891446084723182, 0.989014636398726, 0.9888967681719737, 0.9887802559796732, 0.9886717619840903, 0.9885728245258208, 0.9884743786342416, 0.9883833436234875, 0.9882997507266725, 0.9882166375849136, 0.9881399984556553]
train_rres [1.0000088876015452, 0.997972620024832, 0.9958113169145413, 0.9935712917012569, 0.9924174420579838, 0.9916001824575659, 0.990898843017869, 0.9903678853655038, 0.9899096232684933, 0.989514071204228, 0.9891771984063489, 0.9888728095300455, 0.9886038679990182, 0.9883652878025706, 0.9881450207854483, 0.9879447537793415, 0.9877650559456879, 0.9875949354345518, 0.9874368368839923, 0.9872941481982042, 0.9871555174654989, 0.9870258067553923, 0.986908175552254, 0.9867918976566902, 0.9866836218338892, 0.9865848833309663, 0.9864866354062323, 0.9863957834596324, 0.9863123586614735, 0.9862294126536214, 0.9861529276395465]
test_mses [1.001584962930498, 1.000394795217809, 0.9994052320062268, 0.9985136368194739, 0.998177724201988, 0.9979472812728433, 0.9977145795285515, 0.9975383993846086, 0.9973862682762622, 0.9972367200384008, 0.9971195302047337, 0.9970132843868816, 0.9969036876433929, 0.9968197792178388, 0.996738063895058, 0.9966533195715567, 0.9965882474068565, 0.9965205148060275, 0.9964535893645146, 0.9964003454196538, 0.9963423432448186, 0.9962891136270393, 0.9962448644605969, 0.9961950287839053, 0.9961525648404079, 0.9961158076596656, 0.9960731625907387, 0.9960389602532218, 0.9960083887395271, 0.9959719051188287, 0.9959437777612856]
test_rres [1.0000141833828788, 0.998825882202906, 0.9978378709172325, 0.9969476740137366, 0.9966122882059463, 0.9963822066790323, 0.9961498698794573, 0.9959739660377525, 0.9958220735156892, 0.9956727598134111, 0.9955557537678404, 0.9954496745746522, 0.9953402497110633, 0.9952564728785779, 0.995174885709436, 0.9950902742899369, 0.9950253041775131, 0.9949576778013062, 0.9948908573185522, 0.9948376968758432, 0.9947797856654627, 0.9947266395273662, 0.9946824597566198, 0.9946327022369139, 0.9945903048893584, 0.994553605354677, 0.9945110271657498, 0.9944768784675488, 0.9944463548989714, 0.9944099284953113, 0.9943818452497304]
step_times_seconds [0.014348983764648438, 0.037165164947509766, 0.05006575584411621, 0.03088831901550293, 0.043760061264038086, 0.0300600528717041, 0.027762889862060547, 0.027579784393310547, 0.04507327079772949, 0.03664517402648926, 0.030876874923706055, 0.02893805503845215, 0.027987003326416016, 0.027211904525756836, 0.029597997665405273, 0.03994417190551758, 0.028387069702148438, 0.03124403953552246, 0.028549909591674805, 0.0290679931640625, 0.028323888778686523, 0.026181936264038086, 0.030971765518188477, 0.02975630760192871, 0.03806900978088379, 0.02793097496032715, 0.023133277893066406, 0.028548002243041992, 0.02815103530883789, 0.029832839965820312, 0.03287696838378906]
