date 2025-01-28T11:36:04.233235
sample_ratio 1.0
rank 16
seed 0
l2_regularization_strength 0
input_shape (100, 100, 100)
input_size 1000000
num_train_samples 1000000
num_test_samples 1000000
num_iterations 10
max_num_richardson_iterations None
num_richardson_iterations None
train_mses [1.0015849629304976, 0.9998979540000982, 0.9983574647148385, 0.9967923177798441, 0.995774566466077, 0.9950469791014986, 0.9944898108786188, 0.9940565290227724, 0.9936870619488873, 0.9933744103944462, 0.9931103197295736, 0.9928817268204234, 0.9926851567714859, 0.9925107563204915, 0.9923593173676829, 0.9922273767247723, 0.9921058057715126, 0.9919988010564745, 0.991903628723921, 0.9918131918673335, 0.9917319062971772, 0.9916581006458176, 0.9915865994872773, 0.9915214863591195, 0.9914615441390136, 0.9914030026305668, 0.9913489387752698, 0.9912988593978562, 0.9912496214407729, 0.9912035275707328, 0.9911607559713216]
train_rres [1.0000141833828777, 0.9983298201782257, 0.9967917468328535, 0.9952290545081872, 0.9942128993275564, 0.9934864530337746, 0.9929301586143976, 0.9924975562718255, 0.9921286686308838, 0.9918165074059558, 0.9915528309128515, 0.9913245965045571, 0.9911283347352204, 0.9909542077953823, 0.9908030063433537, 0.9906712726221434, 0.9905498923278632, 0.9904430554276626, 0.9903480323532939, 0.9902577373282733, 0.9901765792377776, 0.9901028893353678, 0.9900315003116554, 0.9899664893000167, 0.9899066410869265, 0.989848191388768, 0.9897942123214833, 0.9897442114832499, 0.9896950507457524, 0.9896490291644456, 0.9896063246434711]
test_mses [1.001584962930498, 0.9998979540000981, 0.9983574647148388, 0.9967923177798447, 0.9957745664660768, 0.9950469791014984, 0.9944898108786192, 0.9940565290227726, 0.9936870619488878, 0.9933744103944464, 0.9931103197295741, 0.9928817268204235, 0.9926851567714855, 0.9925107563204918, 0.9923593173676829, 0.992227376724773, 0.9921058057715127, 0.9919988010564742, 0.9919036287239211, 0.9918131918673335, 0.991731906297177, 0.9916581006458179, 0.991586599487277, 0.9915214863591194, 0.991461544139014, 0.9914030026305665, 0.99134893877527, 0.9912988593978562, 0.9912496214407728, 0.9912035275707336, 0.9911607559713217]
test_rres [1.0000141833828788, 0.9983298201782261, 0.9967917468328543, 0.9952290545081883, 0.9942128993275567, 0.9934864530337749, 0.9929301586143986, 0.9924975562718262, 0.9921286686308848, 0.9918165074059566, 0.9915528309128525, 0.9913245965045577, 0.9911283347352206, 0.9909542077953833, 0.9908030063433543, 0.9906712726221445, 0.9905498923278638, 0.9904430554276629, 0.9903480323532946, 0.9902577373282738, 0.9901765792377779, 0.9901028893353687, 0.9900315003116557, 0.9899664893000172, 0.9899066410869275, 0.9898481913887682, 0.9897942123214841, 0.9897442114832504, 0.9896950507457528, 0.989649029164447, 0.9896063246434719]
step_times_seconds [0.023463964462280273, 0.03551793098449707, 0.04102301597595215, 0.05385327339172363, 0.039019107818603516, 0.037178993225097656, 0.029682159423828125, 0.037014007568359375, 0.03807425498962402, 0.028222084045410156, 0.027541160583496094, 0.03630328178405762, 0.02903604507446289, 0.022439956665039062, 0.03169608116149902, 0.037232160568237305, 0.03718304634094238, 0.033039093017578125, 0.02950119972229004, 0.03194904327392578, 0.025127172470092773, 0.03109002113342285, 0.03092503547668457, 0.03113532066345215, 0.03604698181152344, 0.0290682315826416, 0.045516014099121094, 0.03873109817504883, 0.030358076095581055, 0.028644800186157227, 0.029211997985839844]
