date 2025-01-28T11:36:04.233235
sample_ratio 0.2
rank 16
seed 0
l2_regularization_strength 0
input_shape (100, 100, 100)
input_size 1000000
num_train_samples 200000
num_test_samples 1000000
num_iterations 10
max_num_richardson_iterations None
num_richardson_iterations None
train_mses [1.0058693838796928, 1.0030021803967935, 0.9983279547360548, 0.9926405700768253, 0.9889474188551055, 0.9859681971811581, 0.9832728978019449, 0.9814846396040084, 0.9799666511215808, 0.9785521601496147, 0.97755965777951, 0.9766418190879252, 0.9757514812232367, 0.9750848105159224, 0.9744266448252917, 0.9737777002773536, 0.9732634290736073, 0.9727370110637097, 0.9722187925461865, 0.9717897560133586, 0.9713430770421366, 0.9709071657325813, 0.9705341490587879, 0.9701430112414208, 0.9697650932621558, 0.9694333488061501, 0.9690846287454128, 0.9687507428107516, 0.968451646221771, 0.9681371815785552, 0.9678383716294757]
train_rres [1.0000102312058812, 0.9971597290792638, 0.9925127306134441, 0.9868584747635483, 0.9831868360137282, 0.9802249681979622, 0.9775453688398626, 0.9757675271810611, 0.9742583809264795, 0.9728521293131154, 0.9718654082333141, 0.9709529159188138, 0.9700677642398907, 0.9694049768652634, 0.9687506449659061, 0.9681054804964196, 0.9675942049037802, 0.9670708532596948, 0.9665556533462382, 0.966129115935651, 0.9656850388532333, 0.9652516667112438, 0.9648808228460443, 0.964491963392275, 0.9641162467715305, 0.9637864347149472, 0.9634397459359141, 0.9631078048747108, 0.9628104505125116, 0.9624978176144354, 0.9622007482224703]
test_mses [1.001584962930498, 1.0012373575854259, 1.0011423750595088, 1.0014884074542898, 1.0026439726245726, 1.0040912346905697, 1.0056214404223496, 1.007249104556571, 1.0088026293979306, 1.0102285362367451, 1.0115708877345548, 1.0127867048579107, 1.0138656669276551, 1.01484899505625, 1.0157360146157606, 1.0165202570763427, 1.017230556142492, 1.0178811366874487, 1.0184606599035826, 1.0189869922665065, 1.0194807265600123, 1.0199254324899856, 1.0203311392437744, 1.0207219673326482, 1.0210778859876124, 1.0214035174783487, 1.0217253805667825, 1.0220213103234135, 1.0222920464601757, 1.0225659157073175, 1.0228197434539934]
test_rres [1.0000141833828788, 0.9996671231851351, 0.9995722896197302, 0.9999177793340311, 1.0010715322385524, 1.0025165245723378, 1.0040443304918638, 1.0056694419704175, 1.007220530428307, 1.0086442010261814, 1.0099844473223791, 1.0111983576872055, 1.012275627627361, 1.0132574136084895, 1.0141430420606712, 1.0149260545986174, 1.0156352397071025, 1.0162847999505853, 1.0168634143040176, 1.0173889212231284, 1.0178818811961732, 1.018325889696567, 1.0187309601829448, 1.0191211753385265, 1.0194765358084494, 1.0198016566133183, 1.0201230149258467, 1.0204184805776573, 1.0206887921205987, 1.0209622318602818, 1.021215661530461]
step_times_seconds [0.019603252410888672, 0.032422780990600586, 0.03651690483093262, 0.04141402244567871, 0.031944990158081055, 0.03621983528137207, 0.03034806251525879, 0.03055286407470703, 0.027064800262451172, 0.039804935455322266, 0.027124881744384766, 0.03765392303466797, 0.026485919952392578, 0.03399968147277832, 0.029640913009643555, 0.028477191925048828, 0.026014089584350586, 0.044754743576049805, 0.026725292205810547, 0.03086376190185547, 0.0411221981048584, 0.027641773223876953, 0.03728199005126953, 0.03727006912231445, 0.03295707702636719, 0.029456138610839844, 0.02571392059326172, 0.02921915054321289, 0.03021693229675293, 0.027737140655517578, 0.023208141326904297]
