date 2025-01-28T11:36:04.233235
sample_ratio 0.4
rank 16
seed 0
l2_regularization_strength 0
input_shape (100, 100, 100)
input_size 1000000
num_train_samples 400000
num_test_samples 1000000
num_iterations 10
max_num_richardson_iterations None
num_richardson_iterations None
train_mses [1.0035799098069444, 1.0010544830938217, 0.997727966268258, 0.9942684272822749, 0.992536759063373, 0.991299084052967, 0.9901560085886117, 0.9893987715046748, 0.9887181422427348, 0.9880610822926703, 0.9875419314509426, 0.9870412195315744, 0.9865701280980557, 0.9861659898236631, 0.985769324386362, 0.9854044717406645, 0.9850779158942404, 0.9847553757940776, 0.9844615827582741, 0.9841924469168551, 0.9839252700162044, 0.9836818940753965, 0.9834560573601455, 0.9832305065681743, 0.9830238253743685, 0.9828306578550474, 0.9826364347303415, 0.9824569125358331, 0.9822883903040296, 0.9821178806163999, 0.9819588294476317]
train_rres [1.0000066221255135, 0.9974901872984143, 0.9941755146732761, 0.9907282935186099, 0.9890027909758585, 0.9877695227583994, 0.9866305172614038, 0.9858759763513516, 0.9851977704979847, 0.984543050036986, 0.9840257476532529, 0.9835268185393354, 0.9830574044463053, 0.9826547051229153, 0.982259452029272, 0.9818958984564751, 0.9815705053256175, 0.9812491136427909, 0.9809563666692147, 0.9806881890970649, 0.980421963490794, 0.9801794541000662, 0.979954421485759, 0.97972967377669, 0.9795237284798033, 0.9793312487414059, 0.97913771715615, 0.9789588341578231, 0.97879091195638, 0.9786210093755292, 0.9784625245150106]
test_mses [1.001584962930498, 1.0008658397069128, 1.0004379375711576, 1.0003859906701762, 1.0010490885693286, 1.00171101981091, 1.002218864612354, 1.0027081721926945, 1.003096835989773, 1.0033867897579227, 1.003638780189602, 1.0038596767850212, 1.0040423800261176, 1.0041906838827743, 1.004340157420933, 1.0044774306021513, 1.0045788221212852, 1.0046919370285707, 1.0048047679438985, 1.0048811578939827, 1.0049708750214867, 1.0050668696101055, 1.0051279638052883, 1.0052005787401102, 1.00528347769268, 1.0053343646503954, 1.0053940271637343, 1.0054663431361741, 1.0055100173060534, 1.0055599096972734, 1.0056235793803616]
test_rres [1.0000141833828788, 0.9992961879558298, 0.9988689568963667, 0.998817091463391, 0.9994791494301797, 1.0001400425690592, 1.0006470909206193, 1.0011356311228858, 1.0015236853809177, 1.0018131844163534, 1.0020647796529858, 1.0022853298176306, 1.0024677465263558, 1.0026158177989848, 1.0027650569187112, 1.0029021148152426, 1.0030033473226794, 1.0031162848325503, 1.0032289387958464, 1.0033052089440408, 1.0033947853687246, 1.0034906294096195, 1.0035516277911511, 1.0036241288444168, 1.0037068977870682, 1.0037577049390802, 1.0038172738840656, 1.00388947644381, 1.003933082119757, 1.0039828962650459, 1.0040464660953612]
step_times_seconds [0.02064800262451172, 0.030893802642822266, 0.03153204917907715, 0.031038999557495117, 0.03793001174926758, 0.028219938278198242, 0.02818608283996582, 0.026147127151489258, 0.03437018394470215, 0.027521610260009766, 0.02956104278564453, 0.035856008529663086, 0.02806401252746582, 0.03498196601867676, 0.029987096786499023, 0.03443408012390137, 0.026669979095458984, 0.03689718246459961, 0.03668999671936035, 0.02343297004699707, 0.03928709030151367, 0.03758597373962402, 0.03153491020202637, 0.028150081634521484, 0.03084588050842285, 0.028496980667114258, 0.029112815856933594, 0.025117874145507812, 0.02651500701904297, 0.03725099563598633, 0.0334780216217041]
