date 2025-01-28T11:36:04.233235
sample_ratio 0.8
rank 16
seed 0
l2_regularization_strength 0
input_shape (100, 100, 100)
input_size 1000000
num_train_samples 800000
num_test_samples 1000000
num_iterations 10
max_num_richardson_iterations None
num_richardson_iterations None
train_mses [1.001666328348003, 0.9997152658010866, 0.9978418216306618, 0.995933465585515, 0.9948825837141536, 0.9941039556984467, 0.993470776124521, 0.992980484547285, 0.9925537975749782, 0.992199149789286, 0.9918887353199194, 0.9916078844808027, 0.9913647039929787, 0.9911419223451543, 0.9909329922057794, 0.9907461018044864, 0.9905718988381881, 0.9904048264679045, 0.9902529135066185, 0.9901103597903996, 0.9899732253371285, 0.9898482149585137, 0.9897306723990121, 0.9896182476782027, 0.9895158162076951, 0.9894192240585409, 0.9893270637912458, 0.9892428568807052, 0.9891629945598461, 0.9890864184395445, 0.9890160851710286]
train_rres [1.0000092451312033, 0.9980614102788895, 0.9961910653969249, 0.99428586639588, 0.9932367230263157, 0.9924593831156198, 0.9918272510274839, 0.9913377705526292, 0.9909117894599159, 0.9905577283774769, 0.9902478274350133, 0.9899674412149008, 0.989724663027018, 0.9895022499327918, 0.9892936654320967, 0.9891070842085595, 0.9889331694308562, 0.9887663734528331, 0.9886147118051947, 0.9884723939193756, 0.9883354863312735, 0.988210682760649, 0.9880933346549262, 0.9879810959213191, 0.9878788339059142, 0.9877824015517184, 0.9876903937476017, 0.9876063261427903, 0.9875265959402901, 0.9874501465018987, 0.9873799295875773]
test_mses [1.001584962930498, 1.0002211456750396, 0.9990658510284852, 0.9979277419743617, 0.9973397038567441, 0.9969146348440173, 0.9965706473110164, 0.996284057422734, 0.9960379990759501, 0.9958328860588752, 0.9956423434932358, 0.9954678555092347, 0.9953145266865152, 0.9951703728758309, 0.9950336416597705, 0.9949097138245997, 0.9947937424692775, 0.9946845772707491, 0.9945830208476849, 0.9944885494711883, 0.9944031141095819, 0.9943207228134084, 0.994244732275776, 0.9941798197188881, 0.9941136793335013, 0.9940531897510404, 0.9940044480195596, 0.9939512362597968, 0.9939028392371012, 0.9938655683781661, 0.9938221045342358]
test_rres [1.0000141833828788, 0.9986525049936483, 0.9974990221885945, 0.9963626980239126, 0.9957755821228643, 0.9953511797432603, 0.9950077316837953, 0.994721591252675, 0.9944759187976856, 0.994271127458096, 0.9940808837191922, 0.9939066693836252, 0.9937535810255569, 0.9936096532904087, 0.993473136509075, 0.9933494030291672, 0.9932336135510095, 0.9931246195555916, 0.9930232224028421, 0.9929288991852252, 0.9928435978113719, 0.9927613357289624, 0.9926854643668235, 0.9926206536119, 0.9925546169540734, 0.9924942222370534, 0.9924455569469308, 0.992392428638844, 0.992344107516902, 0.9923068951096261, 0.9922634994297754]
step_times_seconds [0.02077794075012207, 0.034034013748168945, 0.04029202461242676, 0.031101226806640625, 0.033538818359375, 0.04128313064575195, 0.02835988998413086, 0.03681302070617676, 0.03037858009338379, 0.030404090881347656, 0.03803396224975586, 0.03005385398864746, 0.03509020805358887, 0.037894248962402344, 0.036933183670043945, 0.030368328094482422, 0.024217844009399414, 0.06027507781982422, 0.0325167179107666, 0.029743194580078125, 0.03767108917236328, 0.03657817840576172, 0.03652310371398926, 0.030874967575073242, 0.029741764068603516, 0.028481006622314453, 0.029314041137695312, 0.027831077575683594, 0.040756940841674805, 0.043591976165771484, 0.029166221618652344]
