date 2025-01-27T11:53:35.525986
sample_ratio 0.07
rank 1
seed 0
l2_regularization_strength 0
input_shape (1024, 1344, 33)
input_size 45416448
num_train_samples 3179151
num_test_samples 45416448
num_iterations 10
max_num_richardson_iterations None
num_richardson_iterations None
train_mses [0.0010000003120122602, 0.0009989883482051827, 0.000998482839179932, 0.000998431533665715, 0.000998162651368645, 0.0009979679910142878, 0.0009978965933100925, 0.000996993409392247, 0.0009760076119997412, 0.0006686267464264866, 0.00012052716871672795, 7.35749091208342e-05, 7.342408109961428e-05, 7.333002196734186e-05, 7.33280220390578e-05, 7.332794847576811e-05, 7.332790922114633e-05, 7.332790822892491e-05, 7.332790819449305e-05, 7.332790817468033e-05, 7.332790817418985e-05, 7.332790817417265e-05, 7.332790817416286e-05, 7.332790817416258e-05, 7.33279081741626e-05, 7.332790817416266e-05, 7.33279081741626e-05, 7.33279081741626e-05, 7.33279081741626e-05, 7.332790817416255e-05, 7.332790817416265e-05]
train_rres [1.000687823844543, 0.9996751643005913, 0.9991693077320126, 0.9991179669446588, 0.9988488997878856, 0.9986541056022732, 0.9985826588113271, 0.9976788539440449, 0.9766786285720236, 0.669086435082607, 0.1206100325454777, 0.0736254927256312, 0.07347456100839439, 0.07338043720937579, 0.07337843590611778, 0.07337836229225249, 0.07337832301064269, 0.07337832201773913, 0.07337832198328358, 0.07337832196345723, 0.07337832196296643, 0.0733783219629492, 0.07337832196293942, 0.07337832196293914, 0.07337832196293916, 0.07337832196293921, 0.07337832196293917, 0.07337832196293916, 0.07337832196293916, 0.07337832196293911, 0.07337832196293921]
test_mses [0.0010004559754344274, 0.001000086873869983, 0.0010005924086375095, 0.0010006452126747277, 0.0010009118845253388, 0.001001085302918179, 0.0010010526226239933, 0.0010004043087584924, 0.0009788665765305643, 0.0006699219696705172, 0.0001209216405366102, 7.3775378849349e-05, 7.362296890114541e-05, 7.352246606274289e-05, 7.35213954388811e-05, 7.352134019852487e-05, 7.352115809095529e-05, 7.352117295847883e-05, 7.352117357485351e-05, 7.352117030080128e-05, 7.352117063731568e-05, 7.352117065293622e-05, 7.352117058020701e-05, 7.352117058764289e-05, 7.352117058799335e-05, 7.352117058637387e-05, 7.3521170586539e-05, 7.352117058654661e-05, 7.352117058651065e-05, 7.352117058651467e-05, 7.35211705865147e-05]
test_rres [1.0006958294505228, 1.0003266393959351, 1.000832295362742, 1.0008851120594482, 1.0011518478432215, 1.0013253078122022, 1.0012926196830891, 1.000644150387776, 0.9791012546027308, 0.670082579911089, 0.12095063085885098, 0.07379306610530076, 0.0736406196176201, 0.0735400926841949, 0.07353902180365672, 0.07353896655005691, 0.073538784398828, 0.07353879926991595, 0.0735387998864384, 0.07353879661160123, 0.0735387969481963, 0.0735387969638206, 0.07353879689107395, 0.07353879689851162, 0.07353879689886215, 0.07353879689724228, 0.07353879689740746, 0.07353879689741508, 0.07353879689737909, 0.07353879689738313, 0.07353879689738314]
step_times_seconds [10.115165948867798, 8.211772918701172, 8.43250584602356, 8.060925960540771, 8.177125930786133, 7.969016075134277, 8.15647292137146, 8.377871751785278, 7.979074954986572, 8.171879768371582, 8.142663955688477, 8.305859804153442, 8.144169092178345, 8.123075008392334, 7.990538835525513, 7.972459077835083, 8.334963083267212, 8.13987398147583, 8.077981948852539, 8.072784900665283, 7.9309282302856445, 8.504971981048584, 8.207665920257568, 7.969158887863159, 8.06217885017395, 8.146612882614136, 8.402385711669922, 7.932754993438721, 8.113178730010986, 8.230924129486084, 8.305782079696655]
