date 2025-01-27T11:53:35.525986
sample_ratio 0.09
rank 2
seed 0
l2_regularization_strength 0
input_shape (1024, 1344, 33)
input_size 45416448
num_train_samples 4087480
num_test_samples 45416448
num_iterations 10
max_num_richardson_iterations None
num_richardson_iterations None
train_mses [0.0010015927948257384, 0.0009991191296375155, 0.000998309580112843, 0.0009938354293213187, 0.0008835076815751264, 0.00018777424363985954, 7.526860605878628e-05, 7.252632014804737e-05, 7.07131639463103e-05, 6.325610249479929e-05, 5.690840980593741e-05, 5.5996540390786796e-05, 5.551741465817933e-05, 5.542018221470148e-05, 5.539833303851319e-05, 5.5395641634277415e-05, 5.538398781288899e-05, 5.537464589541484e-05, 5.537444908725334e-05, 5.5365785778854246e-05, 5.5357900240623704e-05, 5.5357715641498656e-05, 5.535013732212068e-05, 5.5343191496557186e-05, 5.534301409494511e-05, 5.533630514614282e-05, 5.533015273897601e-05, 5.532998645947246e-05, 5.532403404775256e-05, 5.5318574046262234e-05, 5.531841949231159e-05]
train_rres [1.001991884351608, 0.9995172335194468, 0.9987073614258244, 0.9942314278871326, 0.8838597195126631, 0.18784906320151365, 0.07529859720135446, 0.07255521861344219, 0.07074133995078824, 0.06328130719683332, 0.05693108523891255, 0.056018852484953564, 0.05553953584236507, 0.055442264656146684, 0.055420406774047755, 0.05541771429740886, 0.055406055832498566, 0.055396710192691906, 0.05539651330611124, 0.05538784654577473, 0.055379957865513085, 0.05537977319283362, 0.055372191853837384, 0.05536524326067588, 0.055365065788377264, 0.05535835416636166, 0.055352199307738256, 0.05535203296197983, 0.0553460781784925, 0.05534061600143799, 0.05534046138590457]
test_mses [0.0010017050552629566, 0.0010002242602142337, 0.001000834555287866, 0.0009965232636596096, 0.0008859794207114255, 0.00018801426078659525, 7.542086289265279e-05, 7.272066843475633e-05, 7.104008672091238e-05, 6.347347292526959e-05, 5.713700028957851e-05, 5.6208698848803494e-05, 5.5724599264383556e-05, 5.562799677809819e-05, 5.56013631631674e-05, 5.5598819970732554e-05, 5.558838985589134e-05, 5.5577591163760705e-05, 5.5577438313891625e-05, 5.5569956614983987e-05, 5.5561048348437814e-05, 5.556084669200728e-05, 5.555434737336203e-05, 5.554652642748422e-05, 5.554631030732104e-05, 5.554058553216432e-05, 5.553364655850955e-05, 5.553343220957202e-05, 5.552838297773705e-05, 5.5522205145339675e-05, 5.552199763771382e-05]
test_rres [1.0019452087393188, 1.0004640586778333, 1.0010745000664742, 0.9967621748289065, 0.8861918295804347, 0.18805933620884285, 0.07543894464468023, 0.07273810282947783, 0.07105711820507776, 0.06348869035389261, 0.05715069858248055, 0.05622217458635659, 0.05573795894162779, 0.055641333295408484, 0.05561469329520971, 0.05561214949305796, 0.05560171687765201, 0.05559091559659219, 0.05559076271007816, 0.05558327921747288, 0.055574368815217025, 0.055574167110440435, 0.055567666233618, 0.05555984341270987, 0.05555962724073303, 0.055553901093091815, 0.0555469604558549, 0.055546746055528354, 0.05554169561316682, 0.05553551629966688, 0.055535308742292164]
step_times_seconds [12.837623834609985, 10.7221839427948, 10.71940803527832, 10.379465818405151, 11.015711069107056, 10.332542896270752, 10.30270791053772, 10.502581357955933, 10.965245008468628, 10.443489074707031, 10.665956020355225, 10.773597240447998, 10.394857168197632, 10.573051929473877, 10.924341917037964, 10.686808109283447, 10.610466718673706, 11.013513088226318, 10.490757942199707, 10.495917081832886, 10.553725242614746, 10.860181093215942, 10.4982750415802, 10.791075944900513, 10.505801916122437, 10.700564861297607, 10.468429803848267, 11.15073299407959, 10.530858039855957, 10.422375917434692, 10.750897884368896]
