date 2025-01-27T11:53:35.525986
sample_ratio 0.03
rank 16
seed 0
l2_regularization_strength 0
input_shape (1024, 1344, 33)
input_size 45416448
num_train_samples 1362493
num_test_samples 45416448
num_iterations 10
max_num_richardson_iterations None
num_richardson_iterations None
train_mses [0.0010155417801234747, 0.0009876547817632099, 0.0009630984183771536, 0.0009021917458908981, 0.0002461541475623827, 7.443909650245513e-05, 6.904448066452547e-05, 5.661614844397371e-05, 4.592290659814846e-05, 4.2737994335072444e-05, 3.820238779270055e-05, 3.4584073208619295e-05, 3.3409254944861546e-05, 3.074255330110231e-05, 2.907131315140141e-05, 2.8429146846962756e-05, 2.73135078103232e-05, 2.645391429683886e-05, 2.618616099299396e-05, 2.556022185871594e-05, 2.503107323129592e-05, 2.484378471746719e-05, 2.4456467303437155e-05, 2.410481246003022e-05, 2.3962574060989668e-05, 2.3671139262055844e-05, 2.3349997062850245e-05, 2.320339656749995e-05, 2.2906556628195265e-05, 2.261746843258097e-05, 2.2511304283473637e-05]
train_rres [1.0166358746134059, 0.988718832180269, 0.964136012982744, 0.9031637226597127, 0.24641934186732697, 0.07451929350361533, 0.06911886577337449, 0.05667714388233583, 0.045972381666583906, 0.0427840381365466, 0.038243545155995956, 0.034621332378726825, 0.03344524842387275, 0.03077567380764519, 0.02910263314645877, 0.028459775003802274, 0.027342934032838963, 0.026482414435814693, 0.026214372667802063, 0.025587759177656814, 0.025058040471674838, 0.02487055018246373, 0.024482815491806736, 0.024130781792862727, 0.0239883901532055, 0.023696641376832316, 0.023375153194903492, 0.023228394759429682, 0.022931235019454713, 0.022641835374515425, 0.022535556849404226]
test_mses [0.0010162763318138244, 0.0010109929695029508, 0.0010207858905939646, 0.0009584889948939175, 0.000257028090244453, 8.021398109547876e-05, 7.416872135965518e-05, 6.258388637302524e-05, 5.199192589049878e-05, 4.796586516414743e-05, 4.35193593365375e-05, 4.069732875115639e-05, 3.901070890538361e-05, 3.620350802355473e-05, 3.478928864790736e-05, 3.368232428454165e-05, 3.245401070786434e-05, 3.1818136207276346e-05, 3.12668267272268e-05, 3.059451961267097e-05, 3.0297334030030505e-05, 2.9918138410249578e-05, 2.95093459417245e-05, 2.9329765538496764e-05, 2.9121847775118595e-05, 2.8736497338620835e-05, 2.8519026812941657e-05, 2.8336112811473014e-05, 2.782826399111689e-05, 2.760981932462723e-05, 2.7445411374060778e-05]
test_rres [1.0165199786764887, 1.0112353497075113, 1.0210306185994384, 0.9587187875489204, 0.25708971136642955, 0.08023321197218415, 0.07418650291738844, 0.06259889052798859, 0.05200439067909075, 0.04797736472602481, 0.043529792872216304, 0.04070708571996362, 0.03902006151602459, 0.036212187622666946, 0.03479762919542189, 0.033690399443218735, 0.03246179138487344, 0.031825764436745084, 0.03127432278317052, 0.030601854486548275, 0.030304597655239927, 0.0299253111253195, 0.029516420650967348, 0.029336797194290002, 0.029128829583730358, 0.02874338676150842, 0.028525864098423653, 0.028342906244292896, 0.0278349356698745, 0.027616438632434157, 0.02745199126593318]
step_times_seconds [5.305725336074829, 3.8540821075439453, 3.954720973968506, 3.7029571533203125, 3.908468008041382, 3.865553855895996, 4.371851921081543, 4.11092209815979, 3.6650917530059814, 3.8510162830352783, 3.9095981121063232, 3.874699115753174, 3.8564419746398926, 3.826415777206421, 3.732278823852539, 4.284074068069458, 4.187748908996582, 3.8955392837524414, 3.9380271434783936, 3.7409110069274902, 3.980443000793457, 3.7466297149658203, 4.562376022338867, 4.042423963546753, 3.7255899906158447, 4.005570888519287, 3.8344972133636475, 4.324066877365112, 4.207000732421875, 3.827378034591675, 3.7525129318237305]
