date 2025-01-27T11:53:35.525986
sample_ratio 0.05
rank 2
seed 0
l2_regularization_strength 0
input_shape (1024, 1344, 33)
input_size 45416448
num_train_samples 2270822
num_test_samples 45416448
num_iterations 10
max_num_richardson_iterations None
num_richardson_iterations None
train_mses [0.0010015560114594263, 0.0009987661362467122, 0.0009973254924226954, 0.0009958128681990743, 0.0009602709396020247, 0.0005241060488997815, 9.564470593512708e-05, 7.123697789403323e-05, 6.174842044512237e-05, 6.116350726632062e-05, 5.7647918878398174e-05, 5.740581240848751e-05, 5.693554071487387e-05, 5.678911146913183e-05, 5.675884732918095e-05, 5.6743395233165317e-05, 5.6731441498276966e-05, 5.672780718886747e-05, 5.6727040963432876e-05, 5.6725458272740654e-05, 5.6724832771709625e-05, 5.6724774236595653e-05, 5.672445916316258e-05, 5.672429256448257e-05, 5.672428495402146e-05, 5.672417304092569e-05, 5.6724088668946874e-05, 5.672408628751977e-05, 5.672401091809063e-05, 5.67239410128585e-05, 5.672393928349522e-05]
train_rres [1.001937558978245, 0.9991466209493199, 0.9977054283051969, 0.9961922278401947, 0.9606367593766622, 0.5243057095880181, 0.09568114224005676, 0.07126411595905668, 0.06177194379912579, 0.0611868077948709, 0.057669880126857025, 0.05742768142533692, 0.056957230579488344, 0.056810745550829767, 0.05678046988161105, 0.05676501189904606, 0.056753053610325635, 0.05674941791640871, 0.0567486513990769, 0.056747068105451146, 0.05674644236613252, 0.056746383808719325, 0.05674606861525752, 0.05674590195311096, 0.05674589433975061, 0.05674578238402101, 0.05674569797990029, 0.05674569559756597, 0.056745620199424494, 0.05674555026756163, 0.05674554853753954]
test_mses [0.0010017050552629566, 0.0010005988011808175, 0.0010018782449856824, 0.001000764105183852, 0.0009656193626320928, 0.0005255404052697141, 9.590532061942734e-05, 7.14382295923208e-05, 6.203691368692907e-05, 6.145804834559717e-05, 5.7928896893337266e-05, 5.767957092548388e-05, 5.720517765935993e-05, 5.705214763327311e-05, 5.702090300217695e-05, 5.700598111218868e-05, 5.6991697760726216e-05, 5.698837191782306e-05, 5.698778728266711e-05, 5.6985430730833885e-05, 5.698487476624461e-05, 5.698486887535002e-05, 5.698434140470339e-05, 5.6984115810138086e-05, 5.698412243799917e-05, 5.6984013765874124e-05, 5.6983813061877095e-05, 5.6983812513153465e-05, 5.6983827233238e-05, 5.698361488521871e-05, 5.698361054397873e-05]
test_rres [1.0019452087393188, 1.0008386894386283, 1.0021184399833625, 1.0010040330724213, 0.9658508647549585, 0.5256664007956737, 0.09592831341159443, 0.07145535652912881, 0.06205178670809075, 0.06147278258686218, 0.05794278503925174, 0.05769339929681939, 0.05721889229742493, 0.057065825583200655, 0.057034573461369836, 0.05701964799393755, 0.0570053612181173, 0.05700203457786094, 0.05700144980254181, 0.05699909268573777, 0.05699853658785894, 0.05699853069555204, 0.05699800309844712, 0.05699777744979671, 0.056997784079246785, 0.05699767538106818, 0.05699747462895343, 0.05699747408009825, 0.05699748880371184, 0.05699727640478324, 0.05699727206250247]
step_times_seconds [7.567941904067993, 5.730442047119141, 5.882659912109375, 5.704257965087891, 6.12386417388916, 5.904547214508057, 5.687103033065796, 5.892002105712891, 5.726617097854614, 5.737006902694702, 6.0748889446258545, 5.832329034805298, 5.801226854324341, 6.010181903839111, 5.582787990570068, 6.0477800369262695, 6.1390931606292725, 5.687788009643555, 5.917163133621216, 5.733494997024536, 5.726415157318115, 5.9511871337890625, 6.095736026763916, 5.85608983039856, 5.8804240226745605, 5.7855308055877686, 5.99308705329895, 6.110761880874634, 5.77691388130188, 5.81216287612915, 5.687134027481079]
