date 2025-01-27T19:49:41.302964
sample_ratio 0.9
rank 16
seed 0
l2_regularization_strength 0
input_shape (1024, 1344, 33)
input_size 45416448
num_train_samples 40874803
num_test_samples 45416448
num_iterations 10
max_num_richardson_iterations None
num_richardson_iterations None
train_mses [0.0010163408706207972, 0.0009996423137218122, 0.0007971219997370746, 9.68999892402005e-05, 4.124073553722391e-05, 2.8160407488980016e-05, 2.678225220947598e-05, 2.3966842190390557e-05, 2.2968552555033593e-05, 2.276607462508655e-05, 2.20500626916019e-05, 2.1683041843883914e-05, 2.15682245222661e-05, 2.1265637649914096e-05, 2.111559403000039e-05, 2.1037673706052722e-05, 2.0866002755602614e-05, 2.0768340640581204e-05, 2.0713274700461667e-05, 2.0591331300972424e-05, 2.051863270792265e-05, 2.0480707957165446e-05, 2.0392274645551094e-05, 2.0338554394021346e-05, 2.031331618534868e-05, 2.024994995068556e-05, 2.021036383757958e-05, 2.019346127722669e-05, 2.0147299100636157e-05, 2.011752277130065e-05, 2.010574236013987e-05]
train_rres [1.0165127868673869, 0.9998114053715482, 0.7972568346396456, 0.09691638008201973, 0.04124771149643712, 0.028165170882540082, 0.026786782485103158, 0.02397089623335103, 0.022972437735152788, 0.022769925555627932, 0.022053792507183062, 0.021686709577098433, 0.02157187283388345, 0.02126923477831048, 0.0211191657781954, 0.021041232273857163, 0.020869532284896155, 0.02077185365011771, 0.020716778395475834, 0.020594814368998005, 0.020522103478824688, 0.020484172313014234, 0.020395724042714815, 0.02034199470428885, 0.02031675222651885, 0.0202533752733207, 0.020213782464138453, 0.020196877044681087, 0.020150707059658986, 0.020120925693593264, 0.02010914328975057]
test_mses [0.0010162763318138244, 0.0009996498098680463, 0.0007971802189950637, 9.688684408809889e-05, 4.123663244501932e-05, 2.816121659170721e-05, 2.6781992358526963e-05, 2.3968466199746218e-05, 2.297055092854718e-05, 2.2767871542506114e-05, 2.2051740601881362e-05, 2.1685001075587315e-05, 2.1570047990078052e-05, 2.126728683867201e-05, 2.1117546221148578e-05, 2.1039515534127903e-05, 2.0867731057229596e-05, 2.0770269513185857e-05, 2.0715112123179503e-05, 2.059310597119036e-05, 2.052053015946793e-05, 2.048253650490765e-05, 2.0394067400366214e-05, 2.034042759099064e-05, 2.031514218540293e-05, 2.0251748813985868e-05, 2.0212217637015555e-05, 2.0195283966100233e-05, 2.0149099312991207e-05, 2.011935665064839e-05, 2.0107555745000104e-05]
test_rres [1.0165199786764887, 0.9998894706102212, 0.797371338726239, 0.09691007219531395, 0.04124651870902798, 0.02816796809408563, 0.02678841319920757, 0.023974212512446445, 0.02297605799635168, 0.022773330019002336, 0.022057027389781204, 0.021690199939630037, 0.021575219294727957, 0.021272385557940983, 0.021122609040898365, 0.021044559646434164, 0.020872733985118252, 0.02077524907518603, 0.020720078461487844, 0.020598043059170592, 0.02052544984778207, 0.020487447084444534, 0.02039895676990431, 0.020345304100668815, 0.02032001263303917, 0.020256604063397396, 0.020217063409036982, 0.020200125678363837, 0.020153929952729077, 0.02012418015974065, 0.020112376424887796]
step_times_seconds [118.1185553073883, 113.05565881729126, 110.8071620464325, 110.20436596870422, 113.79854893684387, 112.66507387161255, 107.66440892219543, 114.49954009056091, 111.59539794921875, 104.35055708885193, 113.61421585083008, 111.12614417076111, 104.68534708023071, 113.97418594360352, 111.91044402122498, 104.48210406303406, 113.74388194084167, 110.44794797897339, 106.97033405303955, 113.73148798942566, 110.42532205581665, 105.01064777374268, 114.08021879196167, 111.42665791511536, 106.48736596107483, 113.53567218780518, 111.3374400138855, 106.56613802909851, 113.65829086303711, 111.93760776519775, 104.91612792015076]
