date 2025-01-27T19:49:41.302964
sample_ratio 0.6
rank 16
seed 0
l2_regularization_strength 0
input_shape (1024, 1344, 33)
input_size 45416448
num_train_samples 27249868
num_test_samples 45416448
num_iterations 10
max_num_richardson_iterations None
num_richardson_iterations None
train_mses [0.0010162045198280568, 0.0009993170466192575, 0.0008745220115972388, 0.00018352970919560774, 4.908093821384912e-05, 2.8331673474786607e-05, 2.7103130708552727e-05, 2.322491601524028e-05, 2.2168613561448805e-05, 2.2066633378363932e-05, 2.1599182916896556e-05, 2.1350012303691906e-05, 2.1324946333820176e-05, 2.1137216878774638e-05, 2.1005539571435664e-05, 2.098782125549031e-05, 2.0865805086929758e-05, 2.0768889181176146e-05, 2.0754852742265338e-05, 2.065699057550514e-05, 2.0574730819697934e-05, 2.0562401603122618e-05, 2.047627407228798e-05, 2.0401932864569544e-05, 2.0389828162528606e-05, 2.031044199951854e-05, 2.0241217468425664e-05, 2.0228478615049957e-05, 2.0154037171041358e-05, 2.0089549430926872e-05, 2.0075586141022705e-05]
train_rres [1.016508593877586, 0.9996160675104265, 0.8747836906630962, 0.18358462591836888, 0.049095624469761366, 0.028340151026810166, 0.0271112406495623, 0.023231865496496203, 0.02217524697034096, 0.022073236272210507, 0.02160564593776284, 0.021356400766419648, 0.02133132729617686, 0.02114354166773857, 0.021011824959224643, 0.020994101341511806, 0.020872048662632946, 0.020775103757193394, 0.02076106311822567, 0.02066317166863435, 0.020580887298631306, 0.0205685543928431, 0.020482401090476682, 0.020408037637991927, 0.02039592931391852, 0.02031651939656413, 0.020247274151743766, 0.0202345314865815, 0.02016006776781335, 0.020095560731338835, 0.020081593263265782]
test_mses [0.0010162763318138244, 0.000999843387436378, 0.0008755023915141916, 0.0001836810415969646, 4.9153797024898346e-05, 2.839627198068368e-05, 2.7163878351278186e-05, 2.3279826559603353e-05, 2.221754321560782e-05, 2.2114796337742888e-05, 2.164761033090593e-05, 2.1397036307554834e-05, 2.1371911728071118e-05, 2.1184553893572368e-05, 2.1052388109994264e-05, 2.103471099358272e-05, 2.0912740224290987e-05, 2.0815520036510182e-05, 2.0801553833084702e-05, 2.0703455167331033e-05, 2.062090703955361e-05, 2.0608662560334084e-05, 2.0522154776546337e-05, 2.044750546041202e-05, 2.0435487889762767e-05, 2.0355697522500138e-05, 2.0286128647732236e-05, 2.0273455182714177e-05, 2.0198668594593818e-05, 2.0133781926333268e-05, 2.011984255706815e-05]
test_rres [1.0165199786764887, 1.0000830945877484, 0.8757122885709957, 0.1837250781528845, 0.04916558138714141, 0.02840307983634544, 0.02717039074710095, 0.023285407774600742, 0.02222286975380529, 0.022120098242921108, 0.021652800230715842, 0.021402166133571092, 0.021377035530602648, 0.021189632778056373, 0.02105743530843234, 0.021039753954025856, 0.020917753942888827, 0.020820510447083423, 0.020806540895334714, 0.02070841871094601, 0.020625850792692593, 0.02061360337792409, 0.020527074854353806, 0.020452407641441704, 0.0204403871896436, 0.02036057769306344, 0.020290992139526638, 0.02027831563611253, 0.020203511118304155, 0.020138608893808894, 0.020124666182653895]
step_times_seconds [79.58239197731018, 74.85675501823425, 71.6774070262909, 69.2187020778656, 74.92712807655334, 74.21392321586609, 69.0226559638977, 74.564035654068, 72.96004009246826, 68.9771819114685, 74.95220708847046, 73.86604905128479, 69.31272912025452, 75.13889193534851, 73.2915210723877, 68.94927287101746, 75.46518111228943, 73.22172212600708, 68.23458409309387, 74.90440702438354, 73.17927098274231, 68.33352613449097, 74.90014219284058, 73.50598001480103, 68.22815799713135, 75.18281984329224, 73.39620900154114, 68.56822776794434, 75.38614511489868, 73.24520516395569, 69.05396509170532]
