date 2025-01-27T11:53:35.525986
sample_ratio 0.1
rank 4
seed 0
l2_regularization_strength 0
input_shape (1024, 1344, 33)
input_size 45416448
num_train_samples 4541644
num_test_samples 45416448
num_iterations 10
max_num_richardson_iterations None
num_richardson_iterations None
train_mses [0.0010035980476458591, 0.0009989954695976012, 0.000996628749158231, 0.0009609176773746707, 0.00034440100750151014, 7.541098747672873e-05, 7.275233813312866e-05, 6.281035292542057e-05, 5.715209979194933e-05, 5.399230951167293e-05, 5.021967755173396e-05, 4.632265232224077e-05, 4.4895585113196795e-05, 4.3689767774351984e-05, 4.3340322437461884e-05, 4.321178948648133e-05, 4.298519871352859e-05, 4.29144073333288e-05, 4.285826755435481e-05, 4.27796914541833e-05, 4.2750833693791874e-05, 4.272720153020934e-05, 4.268828411855354e-05, 4.266941261925664e-05, 4.265872090773095e-05, 4.2634107012700105e-05, 4.261946176649659e-05, 4.261380270086223e-05, 4.2595908307632106e-05, 4.25838787277242e-05, 4.258040389699954e-05]
train_rres [1.0038002528020777, 0.9991967474253786, 0.9968295501386517, 0.961111283280464, 0.34447039749254, 0.07542618129913513, 0.07276699629027833, 0.06282300796919554, 0.05716361480963372, 0.05400318789411401, 0.05022979582345482, 0.04633198542045798, 0.044904630685597656, 0.04369857039840919, 0.04334905465519546, 0.04322049580736756, 0.04299385938085587, 0.042923053737593156, 0.04286690264756411, 0.042788310715862594, 0.04275944714120322, 0.042735810216207155, 0.04269688496346267, 0.042678009661931915, 0.04266731579623783, 0.04264269694199398, 0.04262804874506302, 0.042622388539238866, 0.04260449054064245, 0.04259245853701213, 0.04258898300617781]
test_mses [0.0010036329340243819, 0.0010005315214954818, 0.0010006385297350064, 0.0009651246118003839, 0.000345337487161038, 7.564138071178297e-05, 7.293225233533101e-05, 6.323847758868332e-05, 5.756684925929477e-05, 5.4268103130865734e-05, 5.0471872336888866e-05, 4.6539458417020506e-05, 4.5095337462722826e-05, 4.389199185813665e-05, 4.3534688191224704e-05, 4.340670705033685e-05, 4.3190049265964204e-05, 4.3114237292963376e-05, 4.305885990275415e-05, 4.2987655238857835e-05, 4.295393265618556e-05, 4.2930894428210415e-05, 4.289728241186386e-05, 4.28739630077892e-05, 4.286371291578361e-05, 4.284308287189139e-05, 4.2824542153646584e-05, 4.281923336898553e-05, 4.280445746678209e-05, 4.278907364455155e-05, 4.278589964039951e-05]
test_rres [1.0038735496994562, 1.0007713936233447, 1.0008784275175275, 0.9653559953093607, 0.34542027999274444, 0.07565951533178845, 0.07294973745617096, 0.06325363867842024, 0.057580650606208414, 0.05428111362088371, 0.050483972700700076, 0.046550616005442504, 0.045106148830802176, 0.04390251473048696, 0.043545125401915144, 0.04341711357822727, 0.04320040385129945, 0.04312457370278002, 0.04306918303613509, 0.0429979613012981, 0.04296423063381541, 0.04294118688254725, 0.04290756680789797, 0.04288424181311982, 0.042873989263709014, 0.04285335427387314, 0.04283480911058943, 0.0428294990531754, 0.04281471960852774, 0.04279933209810738, 0.04279615733300467]
step_times_seconds [14.258841276168823, 12.08029294013977, 11.506603956222534, 11.548462152481079, 12.242152214050293, 11.477382183074951, 11.452486991882324, 12.192731142044067, 11.595174789428711, 11.593950033187866, 12.262626886367798, 11.493881940841675, 11.502808809280396, 12.27691912651062, 11.473319053649902, 11.819338083267212, 11.97075366973877, 11.494087934494019, 11.703068017959595, 11.901439905166626, 11.44352674484253, 11.627539157867432, 12.185190916061401, 11.408224105834961, 11.567242860794067, 12.31472110748291, 11.499392986297607, 11.650168180465698, 11.910635948181152, 11.546430110931396, 11.678276062011719]
