date 2025-01-27T19:49:41.302964
sample_ratio 0.7
rank 16
seed 0
l2_regularization_strength 0
input_shape (1024, 1344, 33)
input_size 45416448
num_train_samples 31791513
num_test_samples 45416448
num_iterations 10
max_num_richardson_iterations None
num_richardson_iterations None
train_mses [0.0010161646925080229, 0.0009993630220183534, 0.0008530255647707359, 0.00014973034496836802, 4.640244882295748e-05, 2.7887437693759365e-05, 2.6867076424386993e-05, 2.3579562178078756e-05, 2.2633633551956758e-05, 2.252186887267645e-05, 2.2020013611958633e-05, 2.1737808355552328e-05, 2.1691603962413345e-05, 2.147835180263749e-05, 2.1325601462689173e-05, 2.129602178053521e-05, 2.1157216955231084e-05, 2.1044843134588497e-05, 2.1020740794525236e-05, 2.0907739197518617e-05, 2.081187890048509e-05, 2.0788797277311423e-05, 2.068631056380291e-05, 2.0598159726607166e-05, 2.0573396385012305e-05, 2.0475053269829235e-05, 2.0391740482257517e-05, 2.0366049641578575e-05, 2.0273514980202258e-05, 2.019772427539173e-05, 2.017691320254383e-05]
train_rres [1.0165087751933026, 0.9997014155038979, 0.8533144070510301, 0.14978104503652073, 0.0464181611177383, 0.027896880635949722, 0.026876173862892656, 0.023587546434107105, 0.022641297507876117, 0.022529494984050286, 0.022027469790538105, 0.02174516897684356, 0.021698948938473267, 0.021485624569560133, 0.021332822506945667, 0.021303232808840014, 0.021164380982948906, 0.02105196911149994, 0.021027858610163264, 0.020914818749779435, 0.020818925993570086, 0.020795836554747107, 0.020693315138297377, 0.02060513445241963, 0.02058036272573017, 0.02048198631066628, 0.020398645312620537, 0.020372945772787303, 0.020280379778325905, 0.020204563410087563, 0.020183745290419514]
test_mses [0.0010162763318138244, 0.0009997594760482802, 0.0008536751957583077, 0.00014982941252056765, 4.6453990891040136e-05, 2.7928177180838185e-05, 2.6905231008251838e-05, 2.361928315771154e-05, 2.267115083234641e-05, 2.255845347167255e-05, 2.2058170742721568e-05, 2.1775111873580946e-05, 2.172830463763e-05, 2.1515956468933572e-05, 2.1362443726210692e-05, 2.1332413619382504e-05, 2.119412971203371e-05, 2.1081046638328623e-05, 2.1056505709648104e-05, 2.0943799240584264e-05, 2.084728684467384e-05, 2.0823703739843283e-05, 2.0721320205591558e-05, 2.0632575881363312e-05, 2.0607233672948603e-05, 2.0508758146457832e-05, 2.042494406128159e-05, 2.0398673003077763e-05, 2.030575201617701e-05, 2.022963180388827e-05, 2.0208373630406498e-05]
test_rres [1.0165199786764887, 0.9999991630823403, 0.8538798598606483, 0.1498653333278842, 0.04646512798907589, 0.027934872813253332, 0.026911681394745354, 0.023624945755628665, 0.022676586120565143, 0.02256386174129654, 0.02206345907221359, 0.021780332341209754, 0.021733513883472142, 0.021521114805428055, 0.02136756525883897, 0.021337527952451876, 0.02119921089226942, 0.021086100707496936, 0.02106155389525887, 0.0209488204054166, 0.020852284871170922, 0.020828696112416008, 0.020726288032254743, 0.020637522432045252, 0.02061217414797043, 0.02051367501249426, 0.020429840833335447, 0.020403563476784695, 0.02031062021256996, 0.020234481750863884, 0.02021321848084772]
step_times_seconds [92.38758182525635, 87.58131909370422, 85.00606322288513, 81.51533794403076, 88.39025616645813, 85.42540717124939, 81.22049617767334, 87.48247718811035, 86.28456115722656, 81.21622514724731, 87.5751280784607, 85.28264427185059, 81.90904808044434, 87.83851909637451, 85.66201901435852, 80.79154300689697, 87.87924194335938, 86.0643048286438, 81.16038393974304, 87.73858308792114, 85.25518894195557, 80.79886412620544, 87.78614020347595, 85.60249996185303, 80.49810290336609, 87.66716504096985, 85.6349949836731, 80.62300205230713, 87.8343870639801, 85.94023203849792, 81.44446206092834]
