date 2025-01-27T11:53:35.525986
sample_ratio 0.04
rank 1
seed 0
l2_regularization_strength 0
input_shape (1024, 1344, 33)
input_size 45416448
num_train_samples 1816657
num_test_samples 45416448
num_iterations 10
max_num_richardson_iterations None
num_richardson_iterations None
train_mses [0.0010001740447425757, 0.0009988808793231982, 0.0009979340027710315, 0.0009978160288651838, 0.0009973240150576465, 0.0009969760944100478, 0.0009969302769234738, 0.000996704800774934, 0.000996522124618486, 0.000996489307786298, 0.0009963001416801857, 0.0009957413651642915, 0.00099082281223888, 0.000893132006952054, 0.00035980114833117057, 8.510148361474249e-05, 7.381704226009618e-05, 7.345075204131709e-05, 7.344713914694316e-05, 7.3445007590706e-05, 7.344495369810448e-05, 7.344495202171604e-05, 7.344495093327614e-05, 7.344495090492582e-05, 7.344495090394754e-05, 7.344495090335208e-05, 7.344495090333643e-05, 7.344495090333582e-05, 7.344495090333555e-05, 7.344495090333551e-05, 7.344495090333552e-05]
train_rres [1.0006740429348844, 0.9993802310476494, 0.9984328811413028, 0.9983148482589802, 0.997822588488237, 0.9974744939112151, 0.9974286535199669, 0.9972030646533785, 0.9970202971750767, 0.9969874639373869, 0.9967982032650224, 0.9962391474104978, 0.991318135645463, 0.8935784936323639, 0.35998101694973933, 0.08514402679829523, 0.0738539442251948, 0.07348747089383824, 0.07348385619333798, 0.07348172357151203, 0.07348166965196899, 0.07348166797474252, 0.0734816668857585, 0.07348166685739399, 0.07348166685641522, 0.07348166685581947, 0.0734816668558038, 0.0734816668558032, 0.07348166685580293, 0.07348166685580287, 0.0734816668558029]
test_mses [0.0010004559754344274, 0.0010003866170361017, 0.001001340388615701, 0.001001459635384872, 0.0010019446842069982, 0.0010022905626228293, 0.0010023372929496102, 0.0010025473644697787, 0.0010027207304410177, 0.001002724009366063, 0.0010027661719674728, 0.0010023199804046585, 0.0009967640434025953, 0.0008971463796204381, 0.00036034358040152345, 8.51923025256473e-05, 7.390898305092975e-05, 7.35675639442317e-05, 7.356474190635834e-05, 7.356217721764258e-05, 7.356253097506819e-05, 7.356255562261425e-05, 7.35625440518332e-05, 7.356255243767175e-05, 7.356255304789995e-05, 7.356255279630011e-05, 7.35625529929241e-05, 7.356255300698923e-05, 7.356255300105765e-05, 7.356255300571346e-05, 7.356255300604212e-05]
test_rres [1.0006958294505228, 1.0006264544238888, 1.0015804546651677, 1.0016997300231194, 1.0021848951331291, 1.0025308564714768, 1.0025775980016056, 1.0027877198853075, 1.0029611274201191, 1.002964407131269, 1.0030065798409393, 1.0025602813060632, 0.9970030122975592, 0.897361465708643, 0.360429970864528, 0.08521272692852251, 0.07392670233778051, 0.0735852013776617, 0.07358237866321973, 0.07357981335963344, 0.07358016720187052, 0.0735801918553257, 0.07358018028177062, 0.07358018866961963, 0.07358018927999413, 0.07358018902833396, 0.07358018922500509, 0.0735801892390736, 0.0735801892331406, 0.07358018923779751, 0.07358018923812626]
step_times_seconds [6.383802890777588, 4.673572063446045, 4.4699482917785645, 4.789137125015259, 4.988442897796631, 4.674476861953735, 4.5021891593933105, 4.775044679641724, 4.433328866958618, 4.67420506477356, 4.89152979850769, 4.7492311000823975, 4.5308191776275635, 4.723880052566528, 4.4376442432403564, 4.689488172531128, 4.56160306930542, 4.63715672492981, 4.971121072769165, 4.803709983825684, 4.555377006530762, 4.609073877334595, 4.60899019241333, 4.571553945541382, 4.610392093658447, 4.649756908416748, 4.8508312702178955, 4.650099992752075, 4.650195121765137, 4.563596963882446, 4.605881929397583]
