date 2025-01-27T11:53:35.525986
sample_ratio 0.08
rank 1
seed 0
l2_regularization_strength 0
input_shape (1024, 1344, 33)
input_size 45416448
num_train_samples 3633315
num_test_samples 45416448
num_iterations 10
max_num_richardson_iterations None
num_richardson_iterations None
train_mses [0.0010001486588401144, 0.0009991855253662443, 0.0009987397471580661, 0.0009986947134140733, 0.0009984669896049188, 0.0009983189319844716, 0.0009982877293341185, 0.000998025203046742, 0.0009936554743007944, 0.0008872735352955433, 0.0002588692779362428, 7.427412071665159e-05, 7.342687236436549e-05, 7.335192418907097e-05, 7.335140849939891e-05, 7.335140491212115e-05, 7.335140437375965e-05, 7.335140436561362e-05, 7.335140436520405e-05, 7.335140436509623e-05, 7.335140436509312e-05, 7.335140436509304e-05, 7.335140436509303e-05, 7.3351404365093e-05, 7.335140436509296e-05, 7.335140436509299e-05, 7.335140436509292e-05, 7.335140436509301e-05, 7.335140436509301e-05, 7.335140436509293e-05, 7.335140436509296e-05]
train_rres [1.0006706102400453, 0.9997069741320314, 0.9992609632838774, 0.9992159060379524, 0.9989880633857041, 0.998839928497861, 0.9988087095636616, 0.998546046270689, 0.9941740370777138, 0.8877365801237055, 0.25900437503488277, 0.0743128824356661, 0.07346519192664694, 0.07339020463786197, 0.07338968867906498, 0.0733896850899151, 0.07338968455127265, 0.07338968454312236, 0.07338968454271258, 0.0733896845426047, 0.0733896845426016, 0.07338968454260152, 0.0733896845426015, 0.07338968454260147, 0.07338968454260145, 0.07338968454260146, 0.07338968454260139, 0.07338968454260149, 0.07338968454260149, 0.0733896845426014, 0.07338968454260145]
test_mses [0.0010004559754344274, 0.0010000544404681685, 0.001000500256608071, 0.0010005458202937845, 0.0010007739794431095, 0.0010009156218605368, 0.0010009067761307694, 0.0010008005418339632, 0.0009963518924835252, 0.0008886414355954476, 0.0002592414700841143, 7.443685268907868e-05, 7.358788999404832e-05, 7.351290029198035e-05, 7.351259016719152e-05, 7.351258288035906e-05, 7.351259499355528e-05, 7.351259436564665e-05, 7.351259449873382e-05, 7.35125946743752e-05, 7.351259463980793e-05, 7.351259464133048e-05, 7.351259464472354e-05, 7.351259464400229e-05, 7.351259464401767e-05, 7.351259464409091e-05, 7.35125946440759e-05, 7.351259464407625e-05, 7.35125946440777e-05, 7.351259464407761e-05, 7.351259464407734e-05]
test_rres [1.0006958294505228, 1.0002941982183844, 1.000740121240343, 1.0007856958497086, 1.0010139096989799, 1.001155586074426, 1.0011467382239418, 1.001040478458026, 0.9965907625674912, 0.8888544826684123, 0.2593036218521729, 0.07445469852987664, 0.073605532300541, 0.07353052462008954, 0.07353021442094992, 0.07353020713237049, 0.07353021924847078, 0.07353021862041162, 0.07353021875353069, 0.07353021892921419, 0.07353021889463862, 0.07353021889616154, 0.07353021889955542, 0.07353021889883399, 0.07353021889884938, 0.07353021889892263, 0.07353021889890762, 0.07353021889890797, 0.07353021889890941, 0.07353021889890933, 0.07353021889890907]
step_times_seconds [11.61304521560669, 9.287460088729858, 9.66901421546936, 9.213342189788818, 9.340832948684692, 9.1286141872406, 9.674734115600586, 9.333621978759766, 9.290977954864502, 9.471558809280396, 9.410156965255737, 9.191545248031616, 9.309394836425781, 9.4664466381073, 9.466808080673218, 9.165150880813599, 9.2881019115448, 9.451183080673218, 9.234304904937744, 9.384729862213135, 9.211425065994263, 9.640148162841797, 9.30447506904602, 9.126452207565308, 9.741628885269165, 9.268840074539185, 9.115108013153076, 9.214137077331543, 9.743238925933838, 9.15153169631958, 9.310679912567139]
