date 2025-01-27T11:53:35.525986
sample_ratio 0.1
rank 16
seed 0
l2_regularization_strength 0
input_shape (1024, 1344, 33)
input_size 45416448
num_train_samples 4541644
num_test_samples 45416448
num_iterations 10
max_num_richardson_iterations None
num_richardson_iterations None
train_mses [0.0010162743593017482, 0.0009964407004982648, 0.000962178488865703, 0.0006683184367351055, 8.279494790375917e-05, 4.795094275595717e-05, 4.431121097648265e-05, 3.223229864775961e-05, 2.678227859647201e-05, 2.60080437718672e-05, 2.43761409839685e-05, 2.3431579335915358e-05, 2.3037294269770504e-05, 2.2403592131549768e-05, 2.2056463314615867e-05, 2.19552339853857e-05, 2.173679864519714e-05, 2.15856855081517e-05, 2.1516638570164905e-05, 2.1369055665058993e-05, 2.1266419138372423e-05, 2.1203134925274407e-05, 2.1083691852232217e-05, 2.100593932230429e-05, 2.0942612636644405e-05, 2.0837802313679195e-05, 2.0773157112374366e-05, 2.070995342961134e-05, 2.061537624404292e-05, 2.0558058838042594e-05, 2.049847270224696e-05]
train_rres [1.0164791184840383, 0.9966414635905999, 0.9623723488000739, 0.6684530896812935, 0.08281162944814266, 0.04796060392249047, 0.04432013880905343, 0.03223879281840756, 0.02678767469587674, 0.026013283878268532, 0.024381052294235827, 0.02343630033569329, 0.02304193582890626, 0.0224081060122388, 0.022060907255714225, 0.021959657530776455, 0.021741178180187323, 0.021590034596833667, 0.021520973747254563, 0.021373361107112347, 0.02127070390119572, 0.021207406937580477, 0.021087939799121557, 0.021010171603596736, 0.02094683215886224, 0.02084200071869002, 0.02077734249265576, 0.02071412607560078, 0.020619529834600126, 0.020562200880276185, 0.020502602739052755]
test_mses [0.0010162763318138244, 0.0010028235202799649, 0.000977028408088773, 0.0006763275156565384, 8.366895972935684e-05, 4.91325399345793e-05, 4.523387267308136e-05, 3.303063652310643e-05, 2.7524152169225187e-05, 2.671377939476103e-05, 2.5046459469827152e-05, 2.406867732624986e-05, 2.3681643686282345e-05, 2.3020021659787387e-05, 2.264987424905422e-05, 2.2549578245169084e-05, 2.2327198338158676e-05, 2.2165560658000815e-05, 2.2098123170728754e-05, 2.1954472900816952e-05, 2.1845315292146864e-05, 2.178173416053323e-05, 2.1668685989067386e-05, 2.1584897472834715e-05, 2.151891762325877e-05, 2.1421232753869035e-05, 2.135036165400664e-05, 2.1282568549250537e-05, 2.1194999972799952e-05, 2.113144887628339e-05, 2.1066114064772955e-05]
test_rres [1.0165199786764887, 1.003063941902385, 0.9772626454698009, 0.6764896615928008, 0.08368901891887279, 0.04914431920054766, 0.045244717254242936, 0.033038555443097695, 0.027530750938785778, 0.026720183881745213, 0.025052464225698793, 0.024074447664036387, 0.023687321234805585, 0.02302554058793743, 0.02265530443632491, 0.02255498438700457, 0.022332551165590426, 0.022170874733655685, 0.022103421078603577, 0.021959736369301142, 0.021850552590673086, 0.021786956215820226, 0.021673880941654608, 0.021590072337569384, 0.021524076669674302, 0.02142636838085502, 0.02135548029002216, 0.0212876709322286, 0.021200081361676067, 0.02113651502912104, 0.021071164553935925]
step_times_seconds [14.434122085571289, 12.52679991722107, 12.401138067245483, 12.844125270843506, 12.614023923873901, 13.138686895370483, 12.480794906616211, 12.885983943939209, 13.37756609916687, 12.413395166397095, 12.775020122528076, 13.841474056243896, 12.386600971221924, 12.886043787002563, 13.500704050064087, 12.429312944412231, 13.617063999176025, 12.777029037475586, 12.410528898239136, 13.888152837753296, 12.67910099029541, 12.298802137374878, 13.8243248462677, 12.598859071731567, 12.321301937103271, 13.125794172286987, 13.682287693023682, 12.278666973114014, 12.863785982131958, 14.088773727416992, 12.409142971038818]
