date 2025-01-27T11:53:35.525986
sample_ratio 0.06
rank 2
seed 0
l2_regularization_strength 0
input_shape (1024, 1344, 33)
input_size 45416448
num_train_samples 2724986
num_test_samples 45416448
num_iterations 10
max_num_richardson_iterations None
num_richardson_iterations None
train_mses [0.0010012593947431008, 0.0009985685865464798, 0.000997360581824494, 0.0009945928083968118, 0.0009294471873503019, 0.00032372776755327224, 8.069186103340807e-05, 7.15735230552595e-05, 6.624710158861985e-05, 6.0126529790429056e-05, 5.703066795604345e-05, 5.6663631095061385e-05, 5.650655933354349e-05, 5.641880791979674e-05, 5.6372435566388955e-05, 5.63696072349849e-05, 5.63387598423023e-05, 5.631269807208241e-05, 5.6311272218888303e-05, 5.628736610562691e-05, 5.626324097358469e-05, 5.6261698519781746e-05, 5.623777639484934e-05, 5.621258884314661e-05, 5.621094903040038e-05, 5.618567292301852e-05, 5.6158944520063256e-05, 5.615727654948706e-05, 5.6130526735952144e-05, 5.6102389792791576e-05, 5.610075877819269e-05]
train_rres [1.0019783109780653, 0.999285570748938, 0.9980766986650966, 0.9953069379429509, 0.9301145415604459, 0.32396020796684016, 0.08074979875587138, 0.07162491370186735, 0.06629466780083362, 0.06016970135880121, 0.05707161665854725, 0.05670431626070393, 0.05654713171978041, 0.056459317299467814, 0.056412911650155, 0.05641008128797513, 0.056379211746495204, 0.05635313126361222, 0.056351704386638446, 0.05632778110850147, 0.05630363865432555, 0.05630209509302231, 0.05627815579171775, 0.056252950155051294, 0.05625130916489987, 0.056226014908970244, 0.0561992673147016, 0.056197598146502555, 0.05617082912628121, 0.056142671980458525, 0.05614103979477163]
test_mses [0.0010017050552629566, 0.0010004567087446323, 0.0010014591873441555, 0.0009989632729649118, 0.0009340844678596387, 0.00032463067626614986, 8.097654206614294e-05, 7.182191672076806e-05, 6.655548861798128e-05, 6.0378534975860497e-05, 5.726979982656701e-05, 5.6907141559104176e-05, 5.6745776160620834e-05, 5.665775627062307e-05, 5.661281498594034e-05, 5.6609672842116224e-05, 5.657874162274282e-05, 5.6552827775705914e-05, 5.655131338742252e-05, 5.652746581876021e-05, 5.650306109122791e-05, 5.6501472957622576e-05, 5.6477683975654666e-05, 5.6452038961412866e-05, 5.6450367901273245e-05, 5.642528552790208e-05, 5.639800257968134e-05, 5.639631133431193e-05, 5.6369813904525104e-05, 5.634106002590644e-05, 5.6339412141335746e-05]
test_rres [1.0019452087393188, 1.0006965629365348, 1.0016992818749875, 0.9992027691135038, 0.9343084096586679, 0.3247085047497234, 0.08099595576279825, 0.07183913564453097, 0.06657144494352701, 0.060393010409518263, 0.057283529957453984, 0.0569207847445942, 0.05675938065961207, 0.05667133966731232, 0.056626387608194856, 0.05662324471105841, 0.056592306076089144, 0.0565663860163448, 0.05656487126499484, 0.05654101797900438, 0.056516607400568034, 0.056515018886216094, 0.05649122420096587, 0.056465573038467866, 0.05646390157770044, 0.05643881319096323, 0.0564115237018003, 0.05640983205096378, 0.05638332826855864, 0.05635456749635002, 0.056352919216707736]
step_times_seconds [8.896310806274414, 7.0730061531066895, 7.091670036315918, 7.391011714935303, 6.8867027759552, 6.9109580516815186, 7.1107728481292725, 7.291382074356079, 6.819026947021484, 6.9918107986450195, 6.977551221847534, 6.853044033050537, 7.257300853729248, 7.001137733459473, 6.9670569896698, 6.835035800933838, 6.937459945678711, 7.124701738357544, 7.275291204452515, 6.923585653305054, 6.962284088134766, 6.99975323677063, 7.022289276123047, 7.365751028060913, 6.889676809310913, 7.083629131317139, 6.895295858383179, 7.314160108566284, 7.086996078491211, 6.922924995422363, 7.122913122177124]
