date 2025-01-27T11:53:35.525986
sample_ratio 0.07
rank 8
seed 0
l2_regularization_strength 0
input_shape (1024, 1344, 33)
input_size 45416448
num_train_samples 3179151
num_test_samples 45416448
num_iterations 10
max_num_richardson_iterations None
num_richardson_iterations None
train_mses [0.0010067290756102963, 0.0009969258043938296, 0.000990267305917125, 0.0009468540213395919, 0.0002522082683907107, 7.494216058044224e-05, 7.040842173078557e-05, 5.492510659684747e-05, 4.90157399124246e-05, 4.636933789702407e-05, 4.0699068268643266e-05, 3.778945020832734e-05, 3.698942600953794e-05, 3.5647774156748946e-05, 3.461312957315023e-05, 3.414969359048719e-05, 3.3461276437943165e-05, 3.3076258099807524e-05, 3.288388784301869e-05, 3.255955862765136e-05, 3.2320271127232735e-05, 3.211092162484381e-05, 3.17534658238301e-05, 3.1464351920204365e-05, 3.1233020567414075e-05, 3.090709672632753e-05, 3.070225119211307e-05, 3.062977001961469e-05, 3.0464945753798303e-05, 3.036157780014501e-05, 3.0338340134659878e-05]
train_rres [1.007421213545726, 0.9976112024664057, 0.9909481261946415, 0.9475049944795957, 0.2523816645053272, 0.07499368418650214, 0.07045682833871438, 0.0549628682457401, 0.04904943880306802, 0.04640121735553661, 0.0407270493509104, 0.03781543089437473, 0.037014856669654164, 0.03567228241562938, 0.03463692650185917, 0.03417317190157396, 0.033484281454239685, 0.03309899841152352, 0.03290649589794823, 0.03258194370247735, 0.032342491689122205, 0.03213299825651822, 0.03177529670048846, 0.03148598402769513, 0.031254493631912246, 0.030928345714398443, 0.030723359346499356, 0.030650828342352814, 0.030485890757938793, 0.030382451737616455, 0.030359198095966333]
test_mses [0.0010071509066972887, 0.0010020740597627188, 0.0010025579949250493, 0.0009586641088158345, 0.0002543797256513915, 7.607010531564933e-05, 7.141179991014601e-05, 5.600263144755196e-05, 5.0222390386723546e-05, 4.7463712197054474e-05, 4.163827873469264e-05, 3.871336944266098e-05, 3.785309024553969e-05, 3.644194420799346e-05, 3.5358298157039825e-05, 3.483096435326031e-05, 3.4118269713652705e-05, 3.3715447049247344e-05, 3.350860265453934e-05, 3.318699016647383e-05, 3.294314035077344e-05, 3.2725574453989994e-05, 3.2375368520342085e-05, 3.207395976033178e-05, 3.183492795576178e-05, 3.1507816737421856e-05, 3.128766519952727e-05, 3.1210189311811223e-05, 3.104307484316217e-05, 3.0929392689387e-05, 3.090367504958946e-05]
test_rres [1.0073923657876604, 1.0023143017059533, 1.0027983528891733, 0.9588939434534717, 0.2544407118419975, 0.07608834272010566, 0.07142892051057784, 0.056016057781538085, 0.05023443093855986, 0.047475091370420205, 0.04164826129126988, 0.03872265076774215, 0.037862165323244205, 0.0364506809709168, 0.03536677512156751, 0.03483931489230425, 0.034126449387935215, 0.03372353014893167, 0.03351663616437664, 0.03319494657142217, 0.03295103829402126, 0.032733420236967514, 0.03238313034330366, 0.03208164932214109, 0.03184256021096319, 0.03151537056944289, 0.03129516625138424, 0.03121767178923486, 0.03105051725577793, 0.03093680784730908, 0.030911084041843746]
step_times_seconds [10.151859045028687, 8.295361995697021, 8.313918113708496, 8.683763027191162, 8.366229057312012, 8.275611162185669, 8.337262153625488, 8.726912021636963, 8.345871210098267, 8.399818897247314, 8.394351959228516, 8.501809120178223, 8.642947673797607, 8.434401035308838, 8.306533098220825, 8.752311706542969, 8.335607767105103, 8.24200987815857, 8.234012126922607, 8.589047908782959, 8.237931966781616, 8.339240312576294, 8.369518995285034, 8.413089990615845, 8.42504072189331, 8.368174076080322, 8.290878057479858, 8.41560983657837, 8.597501039505005, 8.269994974136353, 8.295232057571411]
