date 2025-01-27T11:53:35.525986
sample_ratio 0.05
rank 1
seed 0
l2_regularization_strength 0
input_shape (1024, 1344, 33)
input_size 45416448
num_train_samples 2270822
num_test_samples 45416448
num_iterations 10
max_num_richardson_iterations None
num_richardson_iterations None
train_mses [0.0010003102747531058, 0.0009991276974212692, 0.00099839389489134, 0.0009983109415912788, 0.00099795077629645, 0.0009976871021038069, 0.0009976524844827884, 0.000997480616032568, 0.000997348124458942, 0.0009973266596672785, 0.0009972267940751773, 0.0009971348324640478, 0.000997082413956707, 0.0009967750172660368, 0.0009933671214516272, 0.0009263906322392571, 0.0004382943278324936, 8.12758386076142e-05, 7.385322312140941e-05, 7.344776956435159e-05, 7.343648145090834e-05, 7.343630958446068e-05, 7.343620368119046e-05, 7.343620094126465e-05, 7.34362008503944e-05, 7.343620079473516e-05, 7.343620079331383e-05, 7.343620079326378e-05, 7.343620079323465e-05, 7.343620079323397e-05, 7.34362007932339e-05]
train_rres [1.0006913477026105, 0.9995083198623234, 0.9987742377868357, 0.9986912528853209, 0.9983309503838125, 0.9980671757432336, 0.998032544934468, 0.9978606110101456, 0.9977280689632252, 0.9977065959944473, 0.9976066923580746, 0.9975146957137327, 0.9974622572373127, 0.9971547434424132, 0.9937455493739095, 0.9267435451499118, 0.43846129813808155, 0.08130680102429967, 0.07388135785747642, 0.0734757498409606, 0.07346445742725692, 0.07346428549533593, 0.07346417955172135, 0.07346417681075176, 0.0734641767198469, 0.07346417666416644, 0.07346417666274457, 0.0734641766626945, 0.07346417666266537, 0.07346417666266469, 0.07346417666266461]
test_mses [0.0010004559754344274, 0.0010002563227713328, 0.0010009969061893133, 0.0010010819945012017, 0.0010014419469338216, 0.001001708919715155, 0.0010017442069444299, 0.001001914530057494, 0.0010020467329892885, 0.0010020638704430005, 0.0010021572115256417, 0.0010022241011702474, 0.00100218677013527, 0.0010019828190973219, 0.0009984511890401985, 0.0009286853039374113, 0.0004393556064199714, 8.140444663136298e-05, 7.396645297540315e-05, 7.355123314283087e-05, 7.354266183228774e-05, 7.35426026859783e-05, 7.354241626062422e-05, 7.354247991064709e-05, 7.354248469627572e-05, 7.354248250867388e-05, 7.354248397153816e-05, 7.35424840896373e-05, 7.354248403814912e-05, 7.354248407164772e-05, 7.354248407432836e-05]
test_rres [1.0006958294505228, 1.0004961289217607, 1.0012368898906894, 1.0013219986020494, 1.0016820373313566, 1.001949074117999, 1.0019843698072002, 1.0021547337543275, 1.0022869683810742, 1.0023041099433998, 1.0023974734040706, 1.002464379085114, 1.0024270391002188, 1.0022230391660907, 0.9986905624193844, 0.9289079513155144, 0.43946093959732396, 0.08142396291586923, 0.07398418604036362, 0.07356886666103783, 0.07356029329556843, 0.07356023413507896, 0.0735600476650304, 0.07356011133031302, 0.07356011611708899, 0.07356011392896268, 0.07356011539217767, 0.07356011551030513, 0.0735601154588046, 0.07356011549231124, 0.07356011549499253]
step_times_seconds [7.540916919708252, 5.698680877685547, 5.865602016448975, 5.684545993804932, 5.886756181716919, 5.769426107406616, 6.022020101547241, 5.853261709213257, 5.710043907165527, 5.846480846405029, 5.787662744522095, 5.610758066177368, 6.024819850921631, 5.912316083908081, 5.665082216262817, 5.89266300201416, 5.660953998565674, 5.819206953048706, 5.732375860214233, 6.1529541015625, 5.927100896835327, 5.702648878097534, 5.8217689990997314, 5.689327716827393, 6.171000003814697, 6.020240783691406, 5.6040520668029785, 5.889477014541626, 5.781582832336426, 6.039093971252441, 5.9464898109436035]
