date 2025-01-27T11:53:35.525986
sample_ratio 0.02
rank 16
seed 0
l2_regularization_strength 0
input_shape (1024, 1344, 33)
input_size 45416448
num_train_samples 908328
num_test_samples 45416448
num_iterations 10
max_num_richardson_iterations None
num_richardson_iterations None
train_mses [0.0010155209454285542, 0.0009819774055375337, 0.0009516277816552976, 0.0009236669512967853, 0.0004265822907785967, 9.491444738793257e-05, 7.109464934666527e-05, 6.328766868322201e-05, 5.387451519864235e-05, 4.965026874551403e-05, 4.514513293395107e-05, 4.103190466273386e-05, 3.999423684029206e-05, 3.6933785401025534e-05, 3.490452767971943e-05, 3.424837482731348e-05, 3.304974441142555e-05, 3.2224701681107215e-05, 3.180872158835657e-05, 3.109609779271502e-05, 3.0449479426335938e-05, 3.007137734941576e-05, 2.9376910624430728e-05, 2.8648099047176704e-05, 2.8236072576215446e-05, 2.751925972762029e-05, 2.6756757494469076e-05, 2.6328916375667628e-05, 2.5684197761947812e-05, 2.5092390627508736e-05, 2.4828612954232337e-05]
train_rres [1.0164796151438158, 0.9829044095584725, 0.9525261350950579, 0.92453890921866, 0.42698499199817985, 0.09500404830326692, 0.07116176395178749, 0.06334741336065995, 0.05392537369287413, 0.04969713947645777, 0.0451877507370895, 0.04107063950570951, 0.04003199210650925, 0.03696865154701033, 0.03493747817056128, 0.0342807058982694, 0.033080943954090815, 0.032255122368857754, 0.031838749583549784, 0.03112545305845413, 0.03047822427291238, 0.030099765260951074, 0.02940464294710744, 0.02867514335884745, 0.028262727927617696, 0.027545238395028423, 0.026782016346296813, 0.026353771337919885, 0.02570844409843748, 0.025116078287607122, 0.02485205160354658]
test_mses [0.0010162763318138244, 0.0010170788089461735, 0.001038764944189533, 0.0010137822805673564, 0.00046336780537727963, 0.00010408258482123535, 7.676781125648693e-05, 7.415249126283524e-05, 6.622448809441688e-05, 5.93148870241676e-05, 5.528837469783797e-05, 5.2695696140118555e-05, 5.122001941209745e-05, 4.8111138931594115e-05, 4.717690965012616e-05, 4.626775880955708e-05, 4.540360554043601e-05, 4.56938279251613e-05, 4.519217961882152e-05, 4.477180230530766e-05, 4.503330359792863e-05, 4.437033395723543e-05, 4.337471739629925e-05, 4.331438987499404e-05, 4.234569037842162e-05, 4.0899653423417935e-05, 4.066641473834147e-05, 3.970104174034344e-05, 3.8286994084797605e-05, 3.821283084221412e-05, 3.775152775042939e-05]
test_rres [1.0165199786764887, 1.0173226481984756, 1.0390139825777884, 1.0140253294944568, 0.46347889535202913, 0.10410753806914226, 0.07678621593224362, 0.07417026892948882, 0.06624036506434192, 0.05932910745386798, 0.05530162979255506, 0.05270832965389677, 0.051232299140203566, 0.04812267332208706, 0.04718822006410178, 0.04627885125943863, 0.045414490814152685, 0.04570478277815607, 0.04520301420429439, 0.044782536107548274, 0.04504410009371778, 0.04438097150956802, 0.04338511625483971, 0.0433247742703311, 0.04235584253319004, 0.04090945889849269, 0.04067616429567802, 0.039710559854621734, 0.0382961731886472, 0.038221992165819486, 0.037760578479064145]
step_times_seconds [3.798229932785034, 2.4968581199645996, 2.5347909927368164, 2.4364967346191406, 2.5050249099731445, 2.482255697250366, 2.409912109375, 2.4881410598754883, 2.472954034805298, 2.4290549755096436, 2.4933760166168213, 2.4704508781433105, 2.4212307929992676, 2.4875471591949463, 2.4645519256591797, 2.4025959968566895, 2.4895129203796387, 2.4664876461029053, 2.395292282104492, 2.471001148223877, 2.461081027984619, 2.3959708213806152, 2.475015163421631, 2.500364065170288, 2.3957250118255615, 2.4758338928222656, 2.455907106399536, 2.404064178466797, 2.4766719341278076, 2.463160991668701, 2.3984029293060303]
