date 2025-01-27T11:53:35.525986
sample_ratio 0.04
rank 2
seed 0
l2_regularization_strength 0
input_shape (1024, 1344, 33)
input_size 45416448
num_train_samples 1816657
num_test_samples 45416448
num_iterations 10
max_num_richardson_iterations None
num_richardson_iterations None
train_mses [0.0010013937194136126, 0.0009984501309718435, 0.0009967191041119004, 0.000995424478308862, 0.0009728658927292646, 0.0006291078097655511, 0.00012405153164318458, 7.215715956380688e-05, 6.140132630155083e-05, 6.119997003739158e-05, 5.772024874650409e-05, 5.7491867347767104e-05, 5.694386715774363e-05, 5.676913780702867e-05, 5.673933114743684e-05, 5.671630433523243e-05, 5.670340462845436e-05, 5.67002789969581e-05, 5.669909841763196e-05, 5.6697559960112956e-05, 5.669684237797018e-05, 5.669676799049719e-05, 5.6696214931136325e-05, 5.6695725181937556e-05, 5.669571113133768e-05, 5.669523935051812e-05, 5.6694755362326835e-05, 5.669474183737203e-05, 5.669425732170493e-05, 5.6693750917220393e-05, 5.669373597474271e-05]
train_rres [1.001894327334932, 0.9989492673603756, 0.997217375140743, 0.9959221021397848, 0.9733522392709295, 0.6294223077964723, 0.12411354639141842, 0.07219323173497917, 0.06143202151136708, 0.06123056458695912, 0.05774910374447626, 0.057520608175323514, 0.056972334033875444, 0.05679751733400365, 0.05676769577372928, 0.05674465745016388, 0.05673175129467812, 0.056728624100643714, 0.056727442931132764, 0.05672590370452163, 0.056725185763651514, 0.0567251113389914, 0.05672455800314997, 0.056724068009120096, 0.05672405395149617, 0.056723581934828106, 0.056723097704685706, 0.056723084172969625, 0.05672259941508773, 0.05672209275744592, 0.05672207780749833]
test_mses [0.0010017050552629566, 0.0010007954931270764, 0.0010023674399948948, 0.0010015317154222355, 0.0009798039147755314, 0.0006313815757711166, 0.00012435861569466745, 7.242688971801785e-05, 6.174045668811337e-05, 6.154692021929513e-05, 5.8066035306004406e-05, 5.782687114723022e-05, 5.7271601674602286e-05, 5.709501602258565e-05, 5.706202392910917e-05, 5.703919235564583e-05, 5.702554983356529e-05, 5.702223781354542e-05, 5.7021222851900665e-05, 5.701970613696107e-05, 5.701873627622448e-05, 5.701872749267348e-05, 5.701849556736518e-05, 5.701763233895074e-05, 5.701765106771737e-05, 5.7017623422473035e-05, 5.701670285308712e-05, 5.70167122620857e-05, 5.701672686303159e-05, 5.701575057767815e-05, 5.701575582566783e-05]
test_rres [1.0019452087393188, 1.0010354285407386, 1.0026077522744847, 1.0017718273412899, 0.9800388175695728, 0.6315329461565767, 0.12438843001348092, 0.07244425368084952, 0.06175525863528128, 0.0615616757671207, 0.05807995633012627, 0.05784073483301296, 0.057285332237472786, 0.05710870424998226, 0.057075704246826287, 0.05705286719961425, 0.05703922140681136, 0.05703590859275225, 0.05703489338777583, 0.05703337630921186, 0.05703240621595631, 0.05703239743029949, 0.057032165449388335, 0.05703130201401945, 0.05703132074727621, 0.05703129309540407, 0.05703037230531653, 0.05703038171657087, 0.05703039632101725, 0.05702941980160458, 0.057029425050852435]
step_times_seconds [6.3330161571502686, 4.578161239624023, 4.655200958251953, 4.8762688636779785, 4.927857875823975, 4.485499858856201, 4.641300916671753, 4.533077001571655, 4.629021883010864, 4.884369134902954, 4.869299411773682, 4.50822114944458, 4.6963300704956055, 4.564741849899292, 4.64258599281311, 4.522652864456177, 4.695925951004028, 4.8758509159088135, 4.78701376914978, 4.5900609493255615, 4.660473823547363, 4.585936784744263, 4.76416015625, 4.496276140213013, 4.757259130477905, 4.935765981674194, 4.718207120895386, 4.525938987731934, 4.739016056060791, 4.4774463176727295, 4.681926965713501]
