date 2025-01-27T11:53:35.525986
sample_ratio 0.4
rank 16
seed 0
l2_regularization_strength 0
input_shape (1024, 1344, 33)
input_size 45416448
num_train_samples 18166579
num_test_samples 45416448
num_iterations 10
max_num_richardson_iterations None
num_richardson_iterations None
train_mses [0.001016055593368369, 0.00099886198005594, 0.0009065511233599316, 0.0002820315034301822, 5.6957236371446705e-05, 3.279884534620185e-05, 2.9740591822492563e-05, 2.413762292103671e-05, 2.265316654172783e-05, 2.2534677214334586e-05, 2.1914472569340926e-05, 2.1597435593850825e-05, 2.155934291333143e-05, 2.1331817394018254e-05, 2.1162142717287104e-05, 2.1144485400342973e-05, 2.0998251556035572e-05, 2.0874418424092467e-05, 2.0863173390098147e-05, 2.0749378687749203e-05, 2.0650032797565052e-05, 2.0640982004286114e-05, 2.0547391448658683e-05, 2.0465309835928484e-05, 2.0457266246085062e-05, 2.0378829252491317e-05, 2.0309876009785234e-05, 2.0302611204533765e-05, 2.0235838857508713e-05, 2.0176823002982548e-05, 2.017037624638493e-05]
train_rres [1.0165168448206106, 0.9993154262471688, 0.9069626638552648, 0.28215953524397674, 0.05698309283851746, 0.03281373480219867, 0.02975409294512619, 0.02414858050416371, 0.02266345023686562, 0.02254490711972436, 0.021924420924887306, 0.02160724002640095, 0.021569130053221267, 0.021341501245784007, 0.02117174954305983, 0.021154084210350484, 0.021007783981316204, 0.020883894633736556, 0.020872644494915008, 0.020758798134003224, 0.02065940714447961, 0.020650352242477122, 0.020556719200218072, 0.020474600325488316, 0.02046655308415424, 0.020388080483082483, 0.020319095938168587, 0.02031182783496571, 0.020245025175778374, 0.020185982530249055, 0.020179532847063697]
test_mses [0.0010162763318138244, 0.0010001409728686746, 0.0009089934170512631, 0.0002824753684077121, 5.7112926632366776e-05, 3.294920350908053e-05, 2.987463315658935e-05, 2.424636257093176e-05, 2.275629386542951e-05, 2.2638548173367808e-05, 2.2014887291990827e-05, 2.1694945406483357e-05, 2.1657347226004933e-05, 2.142901428037293e-05, 2.1257418902538715e-05, 2.123995494046478e-05, 2.1093141759491383e-05, 2.0967855202225565e-05, 2.0956545671824468e-05, 2.0842340395241387e-05, 2.074180335015497e-05, 2.0732496152810728e-05, 2.0638696212985617e-05, 2.0555608188043973e-05, 2.054718722334107e-05, 2.0468724934312003e-05, 2.0398909503679516e-05, 2.0391213463195692e-05, 2.0324550479332725e-05, 2.026478777719438e-05, 2.0257910420138705e-05]
test_rres [1.0165199786764887, 1.0003807513645748, 0.9092113434038838, 0.2825430903797171, 0.057126619153737124, 0.03295710290593841, 0.029881795441505356, 0.02425217550781368, 0.022761749566239033, 0.0226439756452719, 0.022020165244505008, 0.021700146654626686, 0.021662539460183827, 0.02143415177293864, 0.021262515256022314, 0.021245047107056058, 0.02109819872840087, 0.020972882134347167, 0.020961569892546113, 0.020847337235853445, 0.020746776087543474, 0.02073746665884801, 0.020643644230984616, 0.020560536286129492, 0.020552113302544944, 0.02047363220259806, 0.020403800034086213, 0.020396102148517482, 0.020329423182557555, 0.02026964615262821, 0.02026276714676264]
step_times_seconds [53.03245806694031, 52.1478488445282, 53.784932136535645, 48.25957989692688, 53.390631914138794, 52.60437297821045, 47.79436802864075, 53.88033699989319, 52.79150080680847, 47.99088096618652, 53.60043382644653, 52.0517258644104, 47.86211895942688, 53.242603063583374, 52.708669900894165, 47.417561769485474, 52.75560283660889, 52.30122900009155, 45.629390001297, 49.63672709465027, 49.54409599304199, 45.597716093063354, 49.641465187072754, 49.73337006568909, 47.495890855789185, 51.77150797843933, 51.77716398239136, 48.594653844833374, 52.20406770706177, 51.71378517150879, 48.04028820991516]
