date 2025-01-27T11:53:35.525986
sample_ratio 0.1
rank 2
seed 0
l2_regularization_strength 0
input_shape (1024, 1344, 33)
input_size 45416448
num_train_samples 4541644
num_test_samples 45416448
num_iterations 10
max_num_richardson_iterations None
num_richardson_iterations None
train_mses [0.001001765726360943, 0.0009993700066067228, 0.0009986571708174698, 0.0009941580135415487, 0.0008782190804798759, 0.00017437916692637358, 7.5092536962367e-05, 7.196209808842753e-05, 6.485427169089462e-05, 5.7324193610334886e-05, 5.58379241166838e-05, 5.5658758556517914e-05, 5.565088775915161e-05, 5.561541455194888e-05, 5.5591497840853994e-05, 5.559127559853329e-05, 5.557081946903689e-05, 5.555266643641415e-05, 5.555246159680784e-05, 5.5535494767296404e-05, 5.551982583034834e-05, 5.551964607246606e-05, 5.550478573960846e-05, 5.549098426604269e-05, 5.549082304729553e-05, 5.547769995157498e-05, 5.546552057959974e-05, 5.546537154160643e-05, 5.5453784016190415e-05, 5.5443046831283816e-05, 5.54429060816594e-05]
train_rres [1.0019675623406648, 0.9995713598962994, 0.9988583804847341, 0.9943583167176119, 0.8783960242541082, 0.17441430087942617, 0.07510766662329346, 0.07197659702783851, 0.06486733854387373, 0.0573357433015198, 0.05584917435396298, 0.055669972695480484, 0.05566210031230419, 0.05562661995795184, 0.05560269842811272, 0.05560247614101458, 0.055582015890012694, 0.05556385919991294, 0.055563654319035496, 0.0555466840710435, 0.05553101197711457, 0.055530832183014626, 0.055515968856093875, 0.05550216460180417, 0.05550200335057462, 0.055488877610809846, 0.05547669578493205, 0.05547654671691054, 0.05546495685683734, 0.055454217508600356, 0.055454076730617675]
test_mses [0.0010017050552629566, 0.001000170908284505, 0.0010006960405283159, 0.0009963235340748411, 0.0008799486959616945, 0.00017453266921308285, 7.519359924587678e-05, 7.21667990974775e-05, 6.502209172152472e-05, 5.745561992350192e-05, 5.598567917109982e-05, 5.5810089174904585e-05, 5.5802270738269096e-05, 5.576731101935771e-05, 5.574277405738127e-05, 5.574259622360836e-05, 5.572279039083738e-05, 5.570371976436628e-05, 5.570358294765778e-05, 5.5687447304401185e-05, 5.567071711311153e-05, 5.5670612990379086e-05, 5.5656658192784384e-05, 5.5641766055188554e-05, 5.5641680444604204e-05, 5.562947081093597e-05, 5.5616224414271614e-05, 5.561614805214325e-05, 5.5605449122386444e-05, 5.5593690732794287e-05, 5.559361870622176e-05]
test_rres [1.0019452087393188, 1.0004106939572626, 1.0009359520987449, 0.9965623973600289, 0.8801596589964173, 0.17457451249522468, 0.07521162651264977, 0.07218410070496178, 0.06503768042329398, 0.057469394603772, 0.055999101440867546, 0.05582346934790163, 0.0558156490368374, 0.05578068093651876, 0.05575613809193577, 0.05575596021552815, 0.05573614963441376, 0.05571707443586107, 0.055716937586351496, 0.05570079807465997, 0.05568406387239565, 0.05568395972470033, 0.055670001581516894, 0.05565510587361003, 0.05565502024250099, 0.055642807681637825, 0.05562955810922009, 0.05562948172878431, 0.05561878023401582, 0.0556070190254121, 0.05560694698157158]
step_times_seconds [14.349858045578003, 11.700886726379395, 12.04426097869873, 11.510316848754883, 11.612531900405884, 12.122753143310547, 11.548067092895508, 11.847368955612183, 11.848586082458496, 11.643563985824585, 11.826711893081665, 12.008013010025024, 11.518081188201904, 11.567684888839722, 12.142243146896362, 11.62688398361206, 11.96694803237915, 11.817450046539307, 11.537509202957153, 11.760921001434326, 11.979259967803955, 11.447870016098022, 11.61776614189148, 12.035468101501465, 11.507688999176025, 11.813078880310059, 11.871134042739868, 11.509841203689575, 11.845711946487427, 12.003278732299805, 11.57434892654419]
