date 2025-01-27T11:53:35.525986
sample_ratio 0.06
rank 8
seed 0
l2_regularization_strength 0
input_shape (1024, 1344, 33)
input_size 45416448
num_train_samples 2724986
num_test_samples 45416448
num_iterations 10
max_num_richardson_iterations None
num_richardson_iterations None
train_mses [0.0010066917428239864, 0.0009964903742166735, 0.0009895724950420223, 0.0009539067957519986, 0.0003050252033883262, 7.858864831948851e-05, 7.111765287577255e-05, 5.627747155484467e-05, 5.097452641711484e-05, 4.6923082098068284e-05, 4.147463651081791e-05, 3.800713356857257e-05, 3.635171148657371e-05, 3.46527834650084e-05, 3.321758888787353e-05, 3.241330877523278e-05, 3.146798697279767e-05, 3.0932458834329805e-05, 3.062753997372403e-05, 3.0301981328588987e-05, 3.010925927633164e-05, 3.005302944978443e-05, 2.9925216462492674e-05, 2.9837303717632877e-05, 2.982626071303448e-05, 2.9759043647760635e-05, 2.9707084328342732e-05, 2.970327128391455e-05, 2.965908935523072e-05, 2.9622471786752042e-05, 2.9620529819132456e-05]
train_rres [1.0074145595499222, 0.9972058662377936, 0.9902830199430571, 0.9545917122538657, 0.3052442151368706, 0.07864507591003839, 0.07116871620213272, 0.056317879453313284, 0.05101112673747467, 0.04695677343289319, 0.04150441579646899, 0.038034423145589635, 0.03637781245071312, 0.034677664578484584, 0.03324143951445765, 0.03243658191906521, 0.03149058136425623, 0.03095466871017229, 0.03064953091417336, 0.030323738514032725, 0.030130878085034115, 0.030074607884798123, 0.029946703126251, 0.029858727258987684, 0.029847676325379754, 0.029780410997448156, 0.029728414370616726, 0.02972459858837698, 0.029680384936539305, 0.029643741076207982, 0.02964179771423239]
test_mses [0.0010071509066972887, 0.0010024812919498531, 0.0010040282213293942, 0.0009682938468480485, 0.00030836502461061195, 7.974798213069672e-05, 7.212545219274536e-05, 5.7520008759635234e-05, 5.2345135873668986e-05, 4.809369076191182e-05, 4.2546595462036865e-05, 3.912624842151565e-05, 3.7357618338934785e-05, 3.556415383682943e-05, 3.404414365488797e-05, 3.3130788296570885e-05, 3.2183247399066856e-05, 3.162629272666471e-05, 3.129262126369524e-05, 3.096502900190414e-05, 3.076449306784002e-05, 3.070317776972191e-05, 3.056663172451387e-05, 3.0477384877519123e-05, 3.0464726837458115e-05, 3.0389190034967536e-05, 3.033882088421589e-05, 3.033424076449003e-05, 3.0282779626147975e-05, 3.0248944607197647e-05, 3.024656324111628e-05]
test_rres [1.0073923657876604, 1.0027216315248455, 1.0042689317725042, 0.9685259901643258, 0.30843895349043504, 0.07976710128662085, 0.07214274388752845, 0.05753379887678741, 0.05235768534248185, 0.04810522096929859, 0.042556795782733955, 0.03913562873214308, 0.037366574629876484, 0.035572680154164975, 0.034052305557840876, 0.03313873122741888, 0.03219096316200815, 0.03163387496267605, 0.03130012350374232, 0.03097245270344322, 0.030771868691952073, 0.03071053869381631, 0.03057395991241784, 0.030484691668964677, 0.030472030594205668, 0.03039647568216716, 0.03034609445567866, 0.03034151323789338, 0.03029003976201623, 0.030256196631299487, 0.030253814694298223]
step_times_seconds [8.859565019607544, 7.180660963058472, 7.1205902099609375, 7.23375391960144, 7.297721862792969, 7.069507122039795, 7.099669933319092, 7.197181940078735, 7.301532030105591, 7.3519322872161865, 7.143943786621094, 7.129656076431274, 7.342566013336182, 7.225980997085571, 7.112153053283691, 7.125308990478516, 7.122170925140381, 7.41408109664917, 7.247845888137817, 7.200366020202637, 7.139469861984253, 7.0576982498168945, 7.564475059509277, 7.129962205886841, 7.189970016479492, 7.177720069885254, 7.092298984527588, 7.452053070068359, 7.122499704360962, 7.117245197296143, 7.076668739318848]
