date 2025-01-27T11:53:35.525986
sample_ratio 0.08
rank 2
seed 0
l2_regularization_strength 0
input_shape (1024, 1344, 33)
input_size 45416448
num_train_samples 3633315
num_test_samples 45416448
num_iterations 10
max_num_richardson_iterations None
num_richardson_iterations None
train_mses [0.0010014632025690728, 0.000998927258186148, 0.0009980463224462852, 0.0009952340163819186, 0.000916017814695604, 0.0002693618610965256, 7.687202268837274e-05, 7.108272153244793e-05, 6.873432022474354e-05, 6.141735391175744e-05, 5.6999745028155327e-05, 5.6221938440483724e-05, 5.589527803028098e-05, 5.5697098572960984e-05, 5.562833951865271e-05, 5.562397727755823e-05, 5.558812366562019e-05, 5.556342640915245e-05, 5.556281704151108e-05, 5.554140547066585e-05, 5.552245445234536e-05, 5.552208981920123e-05, 5.5504102672207585e-05, 5.5487557749932115e-05, 5.54872630432772e-05, 5.5471386320740275e-05, 5.54567231489451e-05, 5.54564670572015e-05, 5.544238419059043e-05, 5.542939322721984e-05, 5.5429162835019185e-05]
train_rres [1.0019858399949595, 0.9994485721690555, 0.998567176691894, 0.995753402958622, 0.9164958604106246, 0.2695024339996082, 0.07691214018441003, 0.07111981774378295, 0.0687701908669201, 0.06144940602078239, 0.057029491702762336, 0.05625127919819656, 0.0559244483124781, 0.0557261654304879, 0.05565737049262939, 0.055653005974995486, 0.05561713365199607, 0.055592423506676786, 0.0555918138210224, 0.05557039107603892, 0.055551430167678134, 0.05555106534424151, 0.05553306881022678, 0.055516515253589534, 0.05551622039313494, 0.055500335384952186, 0.05548566456083156, 0.05548540833544038, 0.05547131811934993, 0.055458320376335676, 0.055458089863899364]
test_mses [0.0010017050552629566, 0.0010002939740333624, 0.0010009941226760645, 0.000998374565620809, 0.0009191211027513687, 0.0002696974300322382, 7.706156439440896e-05, 7.130178887906331e-05, 6.898445759969706e-05, 6.162798650382787e-05, 5.720637360460037e-05, 5.645066222931898e-05, 5.611489757778189e-05, 5.591993319956322e-05, 5.585220430663076e-05, 5.584693018792592e-05, 5.5812798572892546e-05, 5.5787268677279555e-05, 5.578652587901715e-05, 5.576660873496965e-05, 5.5746423459085374e-05, 5.5746061646427476e-05, 5.5729552754173516e-05, 5.571169749295977e-05, 5.571142622823976e-05, 5.569701053224781e-05, 5.5681062634094916e-05, 5.568082300609667e-05, 5.566815456831035e-05, 5.565394041422166e-05, 5.5653713367101194e-05]
test_rres [1.0019452087393188, 1.0005337892104809, 1.001234105710108, 0.9986139206299365, 0.919341457162943, 0.26976208856126116, 0.07708003949592311, 0.07131888310493367, 0.06900099625767873, 0.06164276148686538, 0.0572200885293869, 0.05646419597630976, 0.05612835082697755, 0.05593333970708283, 0.05586559457650736, 0.05586031919336052, 0.055826179395453396, 0.05580064337918328, 0.05579990040283893, 0.05577997848376174, 0.05575978836856458, 0.05575942646916402, 0.05574291361899066, 0.0557250540770727, 0.05572478274731841, 0.05571036359523977, 0.05569441187366285, 0.05569417218821507, 0.05568150071323794, 0.05566728315138117, 0.055667056049827364]
step_times_seconds [11.464112043380737, 9.907059907913208, 9.283000946044922, 9.223582029342651, 9.883508920669556, 9.20870566368103, 9.247441053390503, 9.286743879318237, 9.80294132232666, 9.194101095199585, 9.406085968017578, 9.622483968734741, 9.324912786483765, 9.430300951004028, 9.248975038528442, 9.743386030197144, 9.467941761016846, 9.19326114654541, 9.343577146530151, 9.672951221466064, 9.3500816822052, 9.203046798706055, 9.395749807357788, 9.595910787582397, 9.415700912475586, 9.348244905471802, 9.310487985610962, 9.616400957107544, 9.571292877197266, 9.341636896133423, 9.532304048538208]
