date 2025-01-27T11:53:35.525986
sample_ratio 0.06
rank 16
seed 0
l2_regularization_strength 0
input_shape (1024, 1344, 33)
input_size 45416448
num_train_samples 2724986
num_test_samples 45416448
num_iterations 10
max_num_richardson_iterations None
num_richardson_iterations None
train_mses [0.0010157565181349612, 0.0009935920811472744, 0.0009693337419569613, 0.0008070917622737735, 0.00011216112291691472, 5.908180990050526e-05, 5.288852032880337e-05, 4.0365103597795026e-05, 3.203634447153515e-05, 3.0278950244747333e-05, 2.6310564515193926e-05, 2.434074526473178e-05, 2.3971119568339965e-05, 2.2981112534858496e-05, 2.234903517780458e-05, 2.2154634930909476e-05, 2.1515869327876503e-05, 2.1081284672623748e-05, 2.0961764665014198e-05, 2.0730389437815607e-05, 2.060043445584387e-05, 2.056369353409349e-05, 2.0456940577977367e-05, 2.037806609089503e-05, 2.0333339016365575e-05, 2.0231752685751667e-05, 2.0144715949627185e-05, 2.0080735862148726e-05, 1.9973696115865404e-05, 1.9892300972183657e-05, 1.9844334068261032e-05]
train_rres [1.016485843478116, 0.994305492159265, 0.9700297351909329, 0.8076712638235727, 0.11224165594623775, 0.05912423134748649, 0.05292649491971083, 0.04039408622552849, 0.03205934695048358, 0.03030069089359709, 0.026329455815570595, 0.024358222211299095, 0.023988331119231203, 0.022997613248844896, 0.022365082052679834, 0.02217054222407962, 0.0215313179796948, 0.021096421287455657, 0.020976815463049456, 0.020745274105667143, 0.020615225814462207, 0.02057845851229006, 0.02047162890627314, 0.020392697786364593, 0.020347938597260043, 0.02024627932644432, 0.020159180096901076, 0.020095154070953684, 0.019988037468850785, 0.01990658388248121, 0.019858582537747194]
test_mses [0.0010162763318138244, 0.001005209427730287, 0.0009967005416106915, 0.0008294243124332394, 0.00011448142343428101, 6.15801403829699e-05, 5.4620392048787276e-05, 4.218604405457691e-05, 3.37677167072942e-05, 3.178727586647253e-05, 2.7668270651410453e-05, 2.566752977269729e-05, 2.5301572832497505e-05, 2.4282455889428244e-05, 2.3614030871504546e-05, 2.3412024989965723e-05, 2.2685589793291253e-05, 2.219578226154513e-05, 2.2047118091917976e-05, 2.180099113544941e-05, 2.1649603068240096e-05, 2.160109504794186e-05, 2.1498338572590448e-05, 2.1410235031709366e-05, 2.1353484494389385e-05, 2.1259738780200584e-05, 2.116619735721772e-05, 2.1087935802043644e-05, 2.0988928936491378e-05, 2.0902012486796086e-05, 2.0842631118871293e-05]
test_rres [1.0165199786764887, 1.0054504213613693, 0.9969394952814373, 0.8296231625148712, 0.11450886974861493, 0.06159490389515359, 0.05463348699820563, 0.04219615793498556, 0.033775812338351925, 0.03179489669733817, 0.027674903972613088, 0.025673683426881377, 0.025307638750445338, 0.024288277479491922, 0.0236196922102139, 0.023417637898835927, 0.022691028543174323, 0.022201103582669225, 0.022052403771595563, 0.02180621780749405, 0.021654793445798223, 0.02160627379595929, 0.021503492685287687, 0.021415368022049765, 0.02135860387908933, 0.021264835689862555, 0.02117127184081945, 0.02109299152285243, 0.020993960920929044, 0.020907023633475734, 0.020847628029182795]
step_times_seconds [8.999765872955322, 8.00322413444519, 7.589786767959595, 7.499523878097534, 7.804517984390259, 8.195899248123169, 7.576934099197388, 7.52504301071167, 7.522696018218994, 8.382571935653687, 7.674262762069702, 7.609809160232544, 7.839276075363159, 8.810065984725952, 7.665795087814331, 7.656224966049194, 7.758111000061035, 7.6856560707092285, 8.010737895965576, 8.388012886047363, 8.083581924438477, 7.688326358795166, 7.68038010597229, 7.733731031417847, 7.9864819049835205, 8.560941934585571, 7.672086000442505, 7.740335941314697, 8.227195024490356, 8.352606058120728, 7.530788898468018]
