date 2025-01-27T11:53:35.525986
sample_ratio 0.07
rank 16
seed 0
l2_regularization_strength 0
input_shape (1024, 1344, 33)
input_size 45416448
num_train_samples 3179151
num_test_samples 45416448
num_iterations 10
max_num_richardson_iterations None
num_richardson_iterations None
train_mses [0.00101583872818079, 0.0009944672032324755, 0.0009695405422039769, 0.0007821648635310632, 0.0001030533313632722, 5.634265812040935e-05, 4.953827847738205e-05, 3.732383418476456e-05, 2.967811153638199e-05, 2.7487775209120085e-05, 2.4538991747152427e-05, 2.318732686183602e-05, 2.2941031923323688e-05, 2.236827147078069e-05, 2.2004320175806957e-05, 2.1837713830096542e-05, 2.1450528023505714e-05, 2.117853028415804e-05, 2.1088958725249023e-05, 2.092262410487905e-05, 2.082766768971575e-05, 2.0783122544798935e-05, 2.068569567236751e-05, 2.0628279363204105e-05, 2.0589072012312175e-05, 2.0516676848765716e-05, 2.047304281289196e-05, 2.04354337855533e-05, 2.0375006165951092e-05, 2.0337308460531655e-05, 2.0302250972749496e-05]
train_rres [1.0165371291081957, 0.9951509109881898, 0.9702071125906417, 0.7827026109617528, 0.10312418172583442, 0.05638139435244321, 0.04957233661935961, 0.03734949475438633, 0.029698515582856744, 0.027506673373923023, 0.02455586258906697, 0.023203268418438575, 0.02295680414929462, 0.0223836499172863, 0.02201944840156897, 0.021852727512060285, 0.021465275510729187, 0.021193090769775703, 0.02110345762937932, 0.020937008652025402, 0.020841986953223497, 0.020797411183002035, 0.02069991732846393, 0.020642461544920925, 0.020603227238519758, 0.02053078230245729, 0.020487118267676938, 0.020449483383695052, 0.020389014219402334, 0.020351290596372456, 0.020316209006160157]
test_mses [0.0010162763318138244, 0.0010043519608041605, 0.0009928247117435983, 0.0007998337248751137, 0.00010481086065279021, 5.850776261144163e-05, 5.087675501300121e-05, 3.869647634106269e-05, 3.0920919673576066e-05, 2.855343053195555e-05, 2.5548539276296274e-05, 2.4184614214720115e-05, 2.394732877268557e-05, 2.3356168349817117e-05, 2.297918351532409e-05, 2.2837063468764775e-05, 2.2412846650748592e-05, 2.2119850144575054e-05, 2.203314644189176e-05, 2.1863218059231767e-05, 2.1747410237827453e-05, 2.1704119605471354e-05, 2.1612054844174513e-05, 2.1538013595755136e-05, 2.1498042841417273e-05, 2.1432786564392497e-05, 2.13756655699295e-05, 2.1336497736983364e-05, 2.128289552742403e-05, 2.1233541506666152e-05, 2.1196796434459044e-05]
test_rres [1.0165199786764887, 1.0045927488620934, 0.9930627362046816, 0.8000254807702558, 0.1048359885009667, 0.058521789537343105, 0.05088895244528749, 0.03870575361611231, 0.03092833280013753, 0.028560276065546786, 0.02555466440313969, 0.024190412347761002, 0.02395307001779972, 0.02336176786735398, 0.022984692652745504, 0.022842538533658488, 0.022418220011909216, 0.02212515326137667, 0.022038428771940323, 0.021868459649851485, 0.02175262406413595, 0.021709323053080255, 0.021617236219744984, 0.021543177220328835, 0.021503196883214528, 0.0214379249613433, 0.021380790272424715, 0.02134161304919828, 0.02128799798879338, 0.021238632135670683, 0.02120187825402732]
step_times_seconds [10.291138172149658, 9.1753830909729, 8.753835201263428, 8.684353113174438, 8.824704885482788, 9.702403783798218, 8.99839997291565, 8.999682188034058, 8.795325994491577, 9.861999750137329, 8.970728874206543, 8.883748054504395, 8.928382873535156, 10.150874853134155, 8.905642032623291, 8.900873899459839, 8.880717039108276, 9.790254831314087, 9.139218091964722, 9.049158096313477, 8.863043069839478, 9.834709882736206, 8.986180305480957, 8.871696949005127, 8.903702974319458, 10.259823083877563, 8.916476249694824, 8.858628034591675, 9.152054071426392, 9.750247955322266, 9.146692752838135]
