date 2025-01-27T11:53:35.525986
sample_ratio 0.02
rank 1
seed 0
l2_regularization_strength 0
input_shape (1024, 1344, 33)
input_size 45416448
num_train_samples 908328
num_test_samples 45416448
num_iterations 10
max_num_richardson_iterations None
num_richardson_iterations None
train_mses [0.0009997205633067898, 0.0009978347278353848, 0.0009959484382252943, 0.0009957292346492103, 0.0009947361193756042, 0.0009940609472875654, 0.000993961652170626, 0.0009934451864196349, 0.0009926836507338735, 0.0009897845599118145, 0.0009510374499928718, 0.0006215311514030713, 0.0001366316203147888, 7.545898558502726e-05, 7.319842849261083e-05, 7.318379947451618e-05, 7.317941985596122e-05, 7.317933520620569e-05, 7.31793342068205e-05, 7.31793335947832e-05, 7.317933357988928e-05, 7.317933357943682e-05, 7.317933357915208e-05, 7.317933357914384e-05, 7.317933357914355e-05, 7.317933357914338e-05, 7.317933357914335e-05, 7.31793335791433e-05, 7.317933357914334e-05, 7.317933357914335e-05, 7.317933357914336e-05]
train_rres [1.0006643171821585, 0.9987767014487486, 0.9968886311479381, 0.9966692206398053, 0.9956751678478342, 0.9949993583854148, 0.9948999695321306, 0.9943830162283454, 0.9936207616394414, 0.9907189340244236, 0.9519352461491125, 0.6221178877915465, 0.13676060297844783, 0.07553022020066996, 0.07326752910241754, 0.07325288627427133, 0.07324850252127907, 0.07324841779161267, 0.07324841679128405, 0.07324841617866897, 0.073248416163761, 0.07324841616330811, 0.0732484161630231, 0.07324841616301485, 0.07324841616301457, 0.07324841616301439, 0.07324841616301436, 0.07324841616301432, 0.07324841616301435, 0.07324841616301436, 0.07324841616301438]
test_mses [0.0010004559754344274, 0.0010010017227132855, 0.0010029198240572672, 0.0010031364809346371, 0.0010041263325403272, 0.0010047984163718009, 0.0010048519372973382, 0.0010051524092275794, 0.0010049842285787922, 0.0010014867090861331, 0.0009601955855016354, 0.0006242301809433042, 0.0001373610173803699, 7.595753955023539e-05, 7.36849551943123e-05, 7.366679003347348e-05, 7.366066202258937e-05, 7.366105342499049e-05, 7.366106526673448e-05, 7.366103479731036e-05, 7.366104161972298e-05, 7.36610422188635e-05, 7.366104159516664e-05, 7.366104174164246e-05, 7.366104175792605e-05, 7.366104174303783e-05, 7.366104174674804e-05, 7.36610417471636e-05, 7.366104174678947e-05, 7.366104174688519e-05, 7.366104174689581e-05]
test_rres [1.0006958294505228, 1.0012417075693978, 1.0031602687680077, 1.003376977587715, 1.0043670665050801, 1.005039311465089, 1.0050928452219847, 1.005393389188778, 1.0052251682195719, 1.0017268102151569, 0.9604257873026887, 0.624379836819768, 0.137393948956054, 0.07597574996764624, 0.07370262077167215, 0.07368445125583233, 0.07367832177579009, 0.07367871327202787, 0.07367872511661085, 0.07367869463988184, 0.0736787014639301, 0.07367870206321425, 0.07367870143936787, 0.0736787015858788, 0.0736787016021663, 0.0736787015872745, 0.07367870159098562, 0.07367870159140127, 0.07367870159102705, 0.07367870159112279, 0.07367870159113342]
step_times_seconds [3.747476100921631, 2.2630770206451416, 2.2411110401153564, 2.2483582496643066, 2.2729859352111816, 2.2509052753448486, 2.2577199935913086, 2.2639529705047607, 2.249403953552246, 2.261528968811035, 2.273837089538574, 2.250527858734131, 2.2624967098236084, 2.274129867553711, 2.240615129470825, 2.24890398979187, 2.276618003845215, 2.237122058868408, 2.240170955657959, 2.2676548957824707, 2.2406599521636963, 2.2445790767669678, 2.2584729194641113, 2.2418313026428223, 2.2434780597686768, 2.266284942626953, 2.243725061416626, 2.249067783355713, 2.253082036972046, 2.2412149906158447, 2.242284059524536]
