date 2025-01-27T11:53:35.525986
sample_ratio 0.01
rank 16
seed 0
l2_regularization_strength 0
input_shape (1024, 1344, 33)
input_size 45416448
num_train_samples 454164
num_test_samples 45416448
num_iterations 10
max_num_richardson_iterations None
num_richardson_iterations None
train_mses [0.0010175695555178265, 0.0009649741621895979, 0.0009106794229064434, 0.000896580916369322, 0.0007108883847226603, 0.0002522285384828884, 8.430563321992578e-05, 6.623501248029819e-05, 5.5603490579679455e-05, 5.3607143317901895e-05, 4.770957409700714e-05, 4.2023984756862515e-05, 3.9791559733444496e-05, 3.6395212735852066e-05, 3.439811804253911e-05, 3.383901602569824e-05, 3.293523798183694e-05, 3.227018453711884e-05, 3.203457365749226e-05, 3.1574780231143236e-05, 3.116981493466656e-05, 3.102013801435412e-05, 3.069166604599776e-05, 3.0361652695238365e-05, 3.0233624222864963e-05, 2.992897692370574e-05, 2.9584600659232598e-05, 2.9440657035556776e-05, 2.911418133353704e-05, 2.8743690980746226e-05, 2.8580431607218014e-05]
train_rres [1.016940930081702, 0.9643780286867176, 0.9101168311442491, 0.8960270342621804, 0.7104492181630294, 0.2520727188888891, 0.08425355160529488, 0.06619409437953412, 0.05556914032978632, 0.05357402635438342, 0.04768010048347242, 0.04199802353818983, 0.039766977643251385, 0.03637272881192289, 0.03437686786672647, 0.033818111247158215, 0.032914891531584056, 0.03225024893790751, 0.03201478361195945, 0.03155527423286951, 0.031150559112397738, 0.03100097465821579, 0.030672705610468882, 0.030342896132541, 0.030214946752504676, 0.029910487655754082, 0.02956632413711072, 0.029422469437698325, 0.02909619542305165, 0.028725933948629243, 0.028562775432083562]
test_mses [0.0010162763318138244, 0.001037083505306052, 0.0010894572206639808, 0.0010849066013957718, 0.0008825586811428938, 0.00030566710388866706, 9.27404304131568e-05, 8.172424800941093e-05, 8.435792889392188e-05, 8.125089802908703e-05, 7.67063238303445e-05, 7.221792275010272e-05, 6.740884111618792e-05, 6.376754027967461e-05, 6.461799292657799e-05, 6.449907098944436e-05, 6.497681871883385e-05, 6.759265480290259e-05, 6.869152255377961e-05, 7.065416736380118e-05, 7.382960570685021e-05, 7.551670010757791e-05, 7.847549315546108e-05, 8.199492274127961e-05, 8.393667426942703e-05, 8.733537719871866e-05, 9.11129342689201e-05, 9.291932856673668e-05, 9.596668759666153e-05, 9.997212980410641e-05, 0.00010132539779814635]
test_rres [1.0165199786764887, 1.0373321405782496, 1.0897184122567711, 1.085166702001718, 0.8827702699077268, 0.3057403859563004, 0.0927626644396759, 0.0817438409646021, 0.0843781532601424, 0.08127037750112992, 0.07672471376481677, 0.07223523661421169, 0.06742500202847096, 0.06378282820938683, 0.06463348474780353, 0.06451453429976596, 0.06499239656664074, 0.06760885978354253, 0.06870799098213706, 0.07067110632584668, 0.07384730596340357, 0.07553480483606954, 0.07849430723889962, 0.08201458058930275, 0.08395679764208464, 0.08735631539238502, 0.09113477811186695, 0.09294160548313966, 0.09598969510123606, 0.09999609759221494, 0.10134969002508196]
step_times_seconds [2.4696502685546875, 1.198603630065918, 1.2066738605499268, 1.2064671516418457, 1.2014079093933105, 1.2013359069824219, 1.2081189155578613, 1.1953158378601074, 1.1978421211242676, 1.205902099609375, 1.1919481754302979, 1.198707103729248, 1.2030611038208008, 1.1947309970855713, 1.2001078128814697, 1.204674243927002, 1.1947948932647705, 1.1977558135986328, 1.2058579921722412, 1.19547700881958, 1.1965508460998535, 1.2083089351654053, 1.1946852207183838, 1.1972179412841797, 1.2130067348480225, 1.2013471126556396, 1.204737901687622, 1.2131719589233398, 1.1968300342559814, 1.2006690502166748, 1.2174479961395264]
