date 2025-01-27T11:53:35.525986
sample_ratio 0.5
rank 16
seed 0
l2_regularization_strength 0
input_shape (1024, 1344, 33)
input_size 45416448
num_train_samples 22708224
num_test_samples 45416448
num_iterations 10
max_num_richardson_iterations None
num_richardson_iterations None
train_mses [0.0010162049495591444, 0.0009991831872885942, 0.0008906641958340906, 0.0002294081043441453, 5.3331841095213526e-05, 2.9689771481360078e-05, 2.7426746341854693e-05, 2.3304585854723105e-05, 2.2178667195468666e-05, 2.209061200968463e-05, 2.1561680754834945e-05, 2.1257979614970434e-05, 2.122556819358595e-05, 2.098822296986875e-05, 2.0818596376137574e-05, 2.079625094109128e-05, 2.064789610203124e-05, 2.0533807564744285e-05, 2.051810299087528e-05, 2.0412168185957024e-05, 2.0326872377097662e-05, 2.031524706551087e-05, 2.0233418773544685e-05, 2.0165654205783497e-05, 2.015656214735438e-05, 2.009049280161115e-05, 2.003482617772883e-05, 2.0027410254350843e-05, 1.997264147449884e-05, 1.9926008293310454e-05, 1.9919755193321215e-05]
train_rres [1.0165217883538324, 0.9994947189307797, 0.8909418927400172, 0.22947963065121912, 0.053348469233325264, 0.029699028345750278, 0.027435297625979946, 0.02331185190562762, 0.022185582200345437, 0.022097499560159668, 0.02156840339178409, 0.021264607562060864, 0.021232186035238798, 0.02099476681052934, 0.02082508732954788, 0.020802734927500777, 0.02065433383343242, 0.020540209724901046, 0.020524500254560856, 0.020418532420620333, 0.020333210017695193, 0.020321581081495364, 0.02023972727658771, 0.02017194158076177, 0.02016284668755328, 0.02009675674229232, 0.020041072762318573, 0.020033654526757178, 0.019978868670749224, 0.019932220949973205, 0.019925965900352973]
test_mses [0.0010162763318138244, 0.000999964511501905, 0.0008921579053424347, 0.00022960607712222227, 5.3404855457163154e-05, 2.976551521228333e-05, 2.7498424983123278e-05, 2.33690296623803e-05, 2.22396285480277e-05, 2.2151440533089617e-05, 2.162001194344657e-05, 2.1315161898322976e-05, 2.1282844299883635e-05, 2.1044260091886556e-05, 2.0874041902364872e-05, 2.0851755867518723e-05, 2.0702793164009846e-05, 2.0588338509300973e-05, 2.0572598142328682e-05, 2.046626484391578e-05, 2.0380674629272572e-05, 2.0368927336513913e-05, 2.0286795579102945e-05, 2.0218765111745568e-05, 2.0209501621820435e-05, 2.0143192657131608e-05, 2.0087287275752055e-05, 2.0079681582756613e-05, 2.0024720064057856e-05, 1.997787965850731e-05, 1.997143586492823e-05]
test_rres [1.0165199786764887, 1.000204247692128, 0.8923717954703783, 0.22966112396193328, 0.05341765898812795, 0.029772651336750687, 0.027505017584727395, 0.023374632263348658, 0.022244960381066527, 0.0221567512235194, 0.021625195226689407, 0.021320272095383685, 0.021287946748971453, 0.021049305341675383, 0.02087904634324519, 0.02085675496544034, 0.020707756548913037, 0.02059327445430749, 0.020577530313665666, 0.020471171522408207, 0.0203855607879648, 0.020373810678854982, 0.020291659230790605, 0.02022361245348935, 0.020214346742691618, 0.02014802188078005, 0.0200921030963817, 0.020084495579961684, 0.020029520884530205, 0.019982669249240755, 0.019976223910796332]
step_times_seconds [67.73507189750671, 65.59861087799072, 68.0572280883789, 61.1183967590332, 65.29909086227417, 66.74664902687073, 60.18138098716736, 65.47276425361633, 65.19408011436462, 60.59912705421448, 66.96102976799011, 66.9131772518158, 60.27621603012085, 66.58216309547424, 66.2961630821228, 57.37010097503662, 62.914491176605225, 62.787132263183594, 57.049022912979126, 62.44456696510315, 65.68519282341003, 59.78601002693176, 66.72207498550415, 67.08135104179382, 60.44740390777588, 66.54675889015198, 66.58485507965088, 60.606876850128174, 66.55487298965454, 66.7357108592987, 61.30839705467224]
