date 2025-01-27T11:53:35.525986
sample_ratio 0.07
rank 2
seed 0
l2_regularization_strength 0
input_shape (1024, 1344, 33)
input_size 45416448
num_train_samples 3179151
num_test_samples 45416448
num_iterations 10
max_num_richardson_iterations None
num_richardson_iterations None
train_mses [0.001001288978247842, 0.0009987005481972282, 0.0009976504545120535, 0.00099458723079037, 0.0009165732507288004, 0.0002773359795740415, 7.791988024598213e-05, 7.276105894130849e-05, 7.207289281050128e-05, 6.815455865706779e-05, 6.232480567290528e-05, 6.0131706053009445e-05, 5.71365956833354e-05, 5.595731588238213e-05, 5.56599664809755e-05, 5.55840178888646e-05, 5.54905341687519e-05, 5.545867793381532e-05, 5.545559158400208e-05, 5.543825516115318e-05, 5.542645154101547e-05, 5.542591273852378e-05, 5.54153561467926e-05, 5.540606141403967e-05, 5.5405750688668144e-05, 5.539675034106111e-05, 5.5388553474996614e-05, 5.5388294060525955e-05, 5.5380296469865125e-05, 5.53729786755427e-05, 5.5372744760403066e-05]
train_rres [1.0019773760531332, 0.9993871664267878, 0.9983363507900048, 0.9952710210664247, 0.9172034054872142, 0.2775266512820245, 0.07797345106890655, 0.07281108301465193, 0.07212244376163483, 0.06820141570794856, 0.06236765470088071, 0.06017304729951726, 0.057175877756667555, 0.05599578718715053, 0.055698233354575896, 0.05562223254692556, 0.055528684555669214, 0.05549680641920102, 0.05549371794748642, 0.055476369605645406, 0.055464557870381716, 0.055464018697457054, 0.05545345484794642, 0.055444153724956736, 0.05544384278595791, 0.05543483625050733, 0.05542663374900218, 0.05542637415618106, 0.05541837106708374, 0.0554110482416927, 0.05541081416573369]
test_mses [0.0010017050552629566, 0.0010003548379276912, 0.0010012083514551594, 0.000998376804551007, 0.0009204939968933186, 0.0002777749305210953, 7.8140598011404e-05, 7.305339315583575e-05, 7.240613930397849e-05, 6.843156000544783e-05, 6.269122980333054e-05, 6.046447942988342e-05, 5.73654843218755e-05, 5.619212116226564e-05, 5.589078398929605e-05, 5.5803449225158124e-05, 5.571311956189338e-05, 5.567951108121276e-05, 5.567450765793856e-05, 5.56589002046294e-05, 5.564613308646287e-05, 5.564500316560867e-05, 5.563564322921603e-05, 5.562552938657804e-05, 5.5624919361256295e-05, 5.5616947609973736e-05, 5.5607987655959836e-05, 5.560750740588643e-05, 5.560046629700855e-05, 5.559242799353137e-05, 5.559199838372998e-05]
test_rres [1.0019452087393188, 1.0005946676966055, 1.001448385849417, 0.998616160096906, 0.920714680448985, 0.27784152558803676, 0.07815933180550722, 0.07307090731954516, 0.0724234982920084, 0.06844796610916254, 0.0627062596933122, 0.060478975468268394, 0.057379237392612956, 0.05620559292540627, 0.05590418350844703, 0.055816827806262424, 0.0557264764869398, 0.055692859948804116, 0.05568785532598571, 0.055672244130872364, 0.05565947395185694, 0.0556583437601102, 0.05564898157972244, 0.05563886531234429, 0.05563825514077221, 0.05563028147830455, 0.05562131937618918, 0.05562083901097836, 0.05561379621403195, 0.055605755983414135, 0.055605326270616075]
step_times_seconds [10.185297012329102, 8.2446608543396, 8.12725567817688, 8.562376022338867, 8.12542200088501, 8.038414001464844, 8.275904178619385, 8.475837230682373, 8.281982898712158, 8.185586929321289, 8.314223051071167, 8.578660249710083, 8.120175123214722, 8.161463975906372, 8.552101850509644, 8.18481707572937, 8.245445013046265, 8.147564172744751, 8.172535181045532, 8.49451208114624, 8.043176889419556, 8.173834085464478, 8.21780014038086, 8.274379014968872, 8.45079517364502, 8.100764751434326, 7.954314947128296, 8.07187271118164, 8.501410245895386, 8.119070053100586, 8.09337592124939]
