date 2025-01-27T11:53:35.525986
sample_ratio 0.08
rank 16
seed 0
l2_regularization_strength 0
input_shape (1024, 1344, 33)
input_size 45416448
num_train_samples 3633315
num_test_samples 45416448
num_iterations 10
max_num_richardson_iterations None
num_richardson_iterations None
train_mses [0.0010160108151209318, 0.0009952331217741182, 0.0009672740197869661, 0.0007442510960848105, 9.346474938841543e-05, 5.226650020055102e-05, 4.678311728836278e-05, 3.470124494213745e-05, 2.7313128413879937e-05, 2.5631494731789606e-05, 2.349216730856961e-05, 2.2532132370642693e-05, 2.224955480066821e-05, 2.1775703106908925e-05, 2.1434421112063455e-05, 2.1249464453768633e-05, 2.0915992373558747e-05, 2.071553005091207e-05, 2.065536720519488e-05, 2.0514963651293606e-05, 2.0416703867541535e-05, 2.0371957767664127e-05, 2.0269729294240323e-05, 2.019013943598916e-05, 2.0146009472119547e-05, 2.0057124238830586e-05, 1.9986373092648005e-05, 1.9943405671520124e-05, 1.9866649579484195e-05, 1.9806639002083773e-05, 1.9772861132203457e-05]
train_rres [1.016541044564935, 0.9957525078839492, 0.9677788147734735, 0.7446395012464513, 0.09351352619409956, 0.05229377671860465, 0.046807532172436224, 0.03471935461335163, 0.027327382420507963, 0.02564487113782618, 0.023504427255634223, 0.02254389130060809, 0.022261166260798063, 0.021787067276245825, 0.021445607175262425, 0.021260553992930035, 0.02092690788237219, 0.020726340943687676, 0.020666146700556443, 0.020525669873716325, 0.020427358810755674, 0.020382589359060246, 0.02028030753527263, 0.020200676141158207, 0.020156523147015826, 0.020067591526850736, 0.019996803457497315, 0.01995381361279729, 0.01987701746376649, 0.019816975568416873, 0.019783180070750615]
test_mses [0.0010162763318138244, 0.0010037308714882333, 0.0009872713453587918, 0.0007582132138038627, 9.482187700310593e-05, 5.3994022904117213e-05, 4.7969447465653764e-05, 3.580141894635601e-05, 2.8314867790889695e-05, 2.6504429211642338e-05, 2.4337935862013103e-05, 2.3350310380004567e-05, 2.3071844010519572e-05, 2.2569581924502245e-05, 2.221580457950673e-05, 2.205501832015724e-05, 2.168127591822815e-05, 2.1460285171754417e-05, 2.1401783558905115e-05, 2.1257032289332825e-05, 2.1145595364319854e-05, 2.1099055900797916e-05, 2.099546428114465e-05, 2.0906775435212694e-05, 2.08577198273964e-05, 2.076841502025646e-05, 2.069041497730607e-05, 2.0640671011795657e-05, 2.0563501149385756e-05, 2.0497342901113232e-05, 2.0456900456526585e-05]
test_rres [1.0165199786764887, 1.0039715106432954, 0.987508038429726, 0.7583949914021308, 0.09484461004540998, 0.05400696768485389, 0.047980947886368946, 0.03581000214674369, 0.028321656130328523, 0.02651078350803001, 0.024343770753106075, 0.02335590849312422, 0.023077375362803458, 0.0225749928621138, 0.02222113070087541, 0.022060305893872666, 0.02168647388918414, 0.021465430161350545, 0.021406914523049714, 0.021262128550127962, 0.02115066490870301, 0.021104114287591427, 0.02100049783239655, 0.020911787723783975, 0.02086272035514578, 0.02077339413765179, 0.020695375394604622, 0.020645619503242202, 0.02056843113976691, 0.02050225703040511, 0.020461804889956782]
step_times_seconds [12.026592016220093, 10.163977861404419, 10.051306009292603, 10.831018209457397, 10.10722827911377, 10.186909914016724, 10.864358186721802, 10.141087055206299, 10.136266946792603, 10.657266855239868, 10.293339252471924, 10.167739152908325, 9.998372077941895, 10.864563941955566, 10.517659187316895, 10.306689977645874, 10.638123035430908, 10.740287065505981, 10.045125007629395, 10.231567859649658, 11.341592073440552, 10.052367210388184, 10.417488813400269, 10.232767105102539, 10.777832984924316, 10.252050876617432, 10.356822729110718, 10.035802841186523, 11.444014072418213, 10.05494213104248, 10.05898904800415]
