date 2025-01-27T19:49:41.302964
sample_ratio 0.8
rank 16
seed 0
l2_regularization_strength 0
input_shape (1024, 1344, 33)
input_size 45416448
num_train_samples 36333158
num_test_samples 45416448
num_iterations 10
max_num_richardson_iterations None
num_richardson_iterations None
train_mses [0.0010162426101400419, 0.0009995097234163023, 0.0008314107032338912, 0.0001216642154022367, 4.355039578643196e-05, 2.7294750280465106e-05, 2.6277567303787808e-05, 2.337912911729457e-05, 2.2463362733605002e-05, 2.224713842478904e-05, 2.164812310726256e-05, 2.1355515727819762e-05, 2.1260022877565798e-05, 2.1013097438470148e-05, 2.087381898186752e-05, 2.0813652274895536e-05, 2.0670945077432088e-05, 2.0577815638186416e-05, 2.0541988382768983e-05, 2.0443033191734264e-05, 2.0372113853586224e-05, 2.035014501144493e-05, 2.0274185882700257e-05, 2.0217238216755664e-05, 2.0201838660233943e-05, 2.0140382735496887e-05, 2.009326334067289e-05, 2.0081300477252563e-05, 2.003007140946721e-05, 1.9990257313304605e-05, 1.9980418601032294e-05]
train_rres [1.0165027406840228, 0.9997655707951392, 0.8316235218230213, 0.12169535814140137, 0.04356154350650734, 0.02730173699620349, 0.026284293648273886, 0.023385113540221145, 0.022469112745176285, 0.022252833088802056, 0.02165366443960178, 0.021360982160606425, 0.021265464866772908, 0.02101847622146237, 0.020879162113352598, 0.02081898000533557, 0.02067623627870031, 0.0205830830008442, 0.020547246574621147, 0.02044826605374155, 0.020377328562166536, 0.02035535409659753, 0.020279375524376187, 0.020222413281373742, 0.020207009782983246, 0.020145538127196366, 0.020098406671085343, 0.020086440745496457, 0.02003519856445927, 0.019995374276967952, 0.01998553304625216]
test_mses [0.0010162763318138244, 0.0009996980398844645, 0.0008316947196672464, 0.00012170051300692739, 4.3574046070074994e-05, 2.7313968495096008e-05, 2.6294611290224148e-05, 2.339485055828651e-05, 2.2479880495739842e-05, 2.2263283556847606e-05, 2.16633365397159e-05, 2.1370841337665342e-05, 2.127509982300719e-05, 2.102772479718321e-05, 2.0888227464898222e-05, 2.0827883963394845e-05, 2.0685030886815193e-05, 2.059168916086818e-05, 2.0555740966176327e-05, 2.0456828235004325e-05, 2.038570720051047e-05, 2.0363638354336823e-05, 2.028783721201517e-05, 2.0230677021659957e-05, 2.0215181856527035e-05, 2.0153955253688655e-05, 2.010660686518684e-05, 2.009454749839511e-05, 2.0043590303937737e-05, 2.000353468507904e-05, 1.9993597331245186e-05]
test_rres [1.0165199786764887, 0.9999377121895301, 0.8318941140669758, 0.12172969005971364, 0.043584492716608234, 0.027320516874235038, 0.026300915283877527, 0.023400459349677775, 0.022485269927909415, 0.02226862106104939, 0.021668530209801005, 0.021375964883576445, 0.021280200415397736, 0.0210327660827228, 0.020893235306691953, 0.020832877338154008, 0.020689990013306597, 0.020596625909175645, 0.0205606690960947, 0.020461732651119793, 0.020390594565734974, 0.02036852042867246, 0.020292701113428797, 0.02023552721922099, 0.020220028339204374, 0.020158787057612565, 0.02011142731758563, 0.020099365059624643, 0.020048395648450054, 0.020008330426469094, 0.019998390690207344]
step_times_seconds [106.19136166572571, 100.38174200057983, 98.50657105445862, 93.34225702285767, 101.4512209892273, 99.5603539943695, 94.6368682384491, 100.8637843132019, 98.78076982498169, 92.48937702178955, 100.7583019733429, 98.71479797363281, 92.43129587173462, 100.77871489524841, 99.30440592765808, 92.90119624137878, 101.26235485076904, 99.39902019500732, 93.22508120536804, 101.12357711791992, 99.79311895370483, 94.61777687072754, 101.32930207252502, 99.39522314071655, 92.88521671295166, 101.15784692764282, 98.80039668083191, 93.52610993385315, 100.71177697181702, 99.09407496452332, 92.8235239982605]
