date 2025-01-27T11:53:35.525986
sample_ratio 0.01
rank 8
seed 0
l2_regularization_strength 0
input_shape (1024, 1344, 33)
input_size 45416448
num_train_samples 454164
num_test_samples 45416448
num_iterations 10
max_num_richardson_iterations None
num_richardson_iterations None
train_mses [0.001008147918691909, 0.000982411874944881, 0.000956268407542091, 0.0009514820326660079, 0.0009250544671121281, 0.0008035334547443226, 0.0003635756504475619, 9.371338010241413e-05, 6.749200171160016e-05, 6.635137568716336e-05, 6.089309998862059e-05, 5.472070228881376e-05, 5.3036430125275856e-05, 4.979950135054563e-05, 4.7415572005133274e-05, 4.6633066781594705e-05, 4.4983897282137364e-05, 4.380691383482595e-05, 4.3519551984762295e-05, 4.2834345654686985e-05, 4.226049302152298e-05, 4.20758855856394e-05, 4.163088777746066e-05, 4.115385902767485e-05, 4.092423237387378e-05, 4.046727502665338e-05, 3.9924586003078926e-05, 3.9656439121927156e-05, 3.9190665523988935e-05, 3.8711937100460356e-05, 3.849564267585631e-05]
train_rres [1.0075251136741792, 0.9818049689206272, 0.9556776522060225, 0.9508942342157637, 0.9244829948578004, 0.8030370547039618, 0.3633510437849633, 0.09365548665019938, 0.06745030707875586, 0.0663103857005304, 0.060855481968968034, 0.05468689740033728, 0.05300366573208308, 0.04976873663958754, 0.04738628001770187, 0.04660425820356244, 0.04495610751396455, 0.0437798511734429, 0.04349266684733065, 0.04280788381817442, 0.0422343856947929, 0.042049892304115634, 0.04160516940288524, 0.04112843534784953, 0.04089895055084303, 0.04044227549883295, 0.0398999217330522, 0.039631940505392316, 0.03916645464909254, 0.03868802197032401, 0.038471861166243744]
test_mses [0.0010071509066972887, 0.0010186227911828834, 0.001045500195889142, 0.0010483258137258472, 0.0010457466164995304, 0.0009136989115992449, 0.0003937297556154426, 0.00010183800683515123, 7.984876112235825e-05, 7.880094992160481e-05, 7.670784833808155e-05, 7.209040695875777e-05, 6.928333715758253e-05, 6.569905614010386e-05, 6.409935879859001e-05, 6.303523346143867e-05, 6.0721325788134206e-05, 6.062347485667013e-05, 6.057347253332877e-05, 5.995366346631094e-05, 6.0611663650606766e-05, 6.104102825235945e-05, 6.0897307914867875e-05, 6.149702597057503e-05, 6.17729851196708e-05, 6.121314510156951e-05, 6.151647673564158e-05, 6.113642668239873e-05, 5.9985468953695506e-05, 6.0257774502892094e-05, 5.9556846007895165e-05]
test_rres [1.0073923657876604, 1.0188670005967413, 1.045750849018285, 1.0485771442818865, 1.0459973287067081, 0.9139179660692367, 0.39382415023695466, 0.10186242195738582, 0.07986790443951133, 0.07881984203157759, 0.07672623863804647, 0.0721076902516318, 0.06929994747035367, 0.06571480714050348, 0.06411472628003297, 0.06305034582447361, 0.06073588340407187, 0.06063800901336574, 0.06058799470223245, 0.059968037039276785, 0.06062619497562835, 0.06105566251526798, 0.060911907721587444, 0.061511769556518985, 0.06178779486535773, 0.06122782062858014, 0.06153122498480334, 0.061151083816575094, 0.05999985015185833, 0.06027222098486668, 0.05957112444597912]
step_times_seconds [2.482714891433716, 1.1633729934692383, 1.1675710678100586, 1.163057804107666, 1.1628921031951904, 1.1684682369232178, 1.159101963043213, 1.163008213043213, 1.1639277935028076, 1.1621928215026855, 1.162010908126831, 1.164466142654419, 1.1598289012908936, 1.1645159721374512, 1.1658141613006592, 1.1582038402557373, 1.163482904434204, 1.1611888408660889, 1.1576058864593506, 1.1659109592437744, 1.1660830974578857, 1.1622719764709473, 1.1668317317962646, 1.1673529148101807, 1.1676790714263916, 1.166715145111084, 1.168492078781128, 1.1741890907287598, 1.1708590984344482, 1.1681630611419678, 1.170785903930664]
