date 2025-01-27T11:53:35.525986
sample_ratio 0.03
rank 2
seed 0
l2_regularization_strength 0
input_shape (1024, 1344, 33)
input_size 45416448
num_train_samples 1362493
num_test_samples 45416448
num_iterations 10
max_num_richardson_iterations None
num_richardson_iterations None
train_mses [0.0010007822124827941, 0.0009975345442709484, 0.0009951785427406582, 0.0009941920376856789, 0.0009831539678212607, 0.0008053318126971503, 0.00024129703658118284, 7.638551842944165e-05, 5.899742223238025e-05, 5.863087098160203e-05, 5.628216875680089e-05, 5.614947063995245e-05, 5.6093196364145796e-05, 5.6067963917775416e-05, 5.606035671964152e-05, 5.605954292711833e-05, 5.605524477386248e-05, 5.605149955233693e-05, 5.605136496151389e-05, 5.604774417716381e-05, 5.604415106389459e-05, 5.604401945512832e-05, 5.604045287714488e-05, 5.6036888157224574e-05, 5.603675767758233e-05, 5.603321231369773e-05, 5.602967131912003e-05, 5.602954238177526e-05, 5.602601885435881e-05, 5.6022504437067454e-05, 5.6022377094333095e-05]
train_rres [1.0018604057444889, 0.9986092386555262, 0.9962506988857043, 0.9952631310189666, 0.9842131692839682, 0.8061994373641839, 0.24155699807496608, 0.076467812409325, 0.05906098313735527, 0.058694036982387385, 0.056342804381965136, 0.05620996330272823, 0.056153628399799885, 0.05612836876923967, 0.05612075337548672, 0.05611993870622371, 0.05611563592235011, 0.05611188666590811, 0.05611175193008357, 0.0561081272448795, 0.05610453026056774, 0.05610439851001269, 0.05610082808957453, 0.05609725952920127, 0.056097128908986715, 0.0560935797255024, 0.05609003491603227, 0.05608990583977677, 0.056086378516286145, 0.056082860312735405, 0.05608273283280828]
test_mses [0.0010017050552629566, 0.0010011418381614952, 0.001003328804673551, 0.0010030117709543842, 0.0009939429247975665, 0.0008125086390527842, 0.0002420688227337254, 7.691855432207741e-05, 5.944931838841418e-05, 5.9086290757324436e-05, 5.67419933947707e-05, 5.6593259292832666e-05, 5.654275824527458e-05, 5.6524838978178315e-05, 5.651603910745423e-05, 5.651618155478203e-05, 5.651416735867857e-05, 5.6509354088150914e-05, 5.65094886690728e-05, 5.6507117604095895e-05, 5.650249859765383e-05, 5.650256233437039e-05, 5.650001619301158e-05, 5.649546182271765e-05, 5.649552072137451e-05, 5.6492926882784656e-05, 5.648842428357617e-05, 5.648848328582858e-05, 5.648587593321093e-05, 5.648142537541661e-05, 5.648148373222227e-05]
test_rres [1.0019452087393188, 1.0013818566095432, 1.0035693474352259, 1.0032522377089055, 0.9941812173443012, 0.8127034336914032, 0.2421268574506243, 0.0769369951376849, 0.05946357104732143, 0.05910045638228176, 0.056755596986863874, 0.05660682722671344, 0.05655631407179693, 0.05653839050865138, 0.056529588528204944, 0.05652973100968373, 0.05652771633068744, 0.05652290190620369, 0.05652303651939064, 0.056520664885963474, 0.0565160447721391, 0.0565161085241362, 0.056513561772353504, 0.056509006310173436, 0.05650906522295094, 0.05650647076250204, 0.056501967083819264, 0.056502026100217144, 0.05649941812250053, 0.05649496649770857, 0.05649502486850497]
step_times_seconds [4.984259843826294, 3.4076271057128906, 3.364762783050537, 3.3895909786224365, 3.4165990352630615, 3.3671751022338867, 3.397242784500122, 3.406885862350464, 3.3664650917053223, 3.3735177516937256, 3.4107582569122314, 3.366189956665039, 3.3853299617767334, 3.408507823944092, 3.3725168704986572, 3.3864479064941406, 3.4142098426818848, 3.3558602333068848, 3.3721909523010254, 3.392043113708496, 3.3568708896636963, 3.366580009460449, 3.4202210903167725, 3.3667709827423096, 3.380626916885376, 3.6351161003112793, 3.3731229305267334, 3.4896559715270996, 3.702136993408203, 3.4744997024536133, 3.540891170501709]
