date 2025-01-27T11:53:35.525986
sample_ratio 0.1
rank 1
seed 0
l2_regularization_strength 0
input_shape (1024, 1344, 33)
input_size 45416448
num_train_samples 4541644
num_test_samples 45416448
num_iterations 10
max_num_richardson_iterations None
num_richardson_iterations None
train_mses [0.001000482371302939, 0.000999568678639647, 0.0009992328015054487, 0.0009991973792130176, 0.0009990343630651077, 0.0009989250551066472, 0.0009989151544341445, 0.0009988424554286386, 0.0009987810882564029, 0.0009987575489603944, 0.0009984078568405989, 0.0009905361305557092, 0.0007869417035774488, 0.00015745506824472438, 7.353467988774866e-05, 7.345773600842829e-05, 7.343046002593906e-05, 7.343037399139339e-05, 7.34303725106413e-05, 7.343037210159652e-05, 7.343037209697284e-05, 7.343037209674592e-05, 7.343037209668176e-05, 7.343037209668058e-05, 7.343037209668055e-05, 7.343037209668057e-05, 7.343037209668062e-05, 7.34303720966806e-05, 7.343037209668062e-05, 7.343037209668066e-05, 7.343037209668057e-05]
train_rres [1.0006839487120003, 0.9997700719577087, 0.9994341271509112, 0.9993986977215888, 0.9992356487291495, 0.9991263187472974, 0.9991164160800049, 0.9990437024270875, 0.9989823228905803, 0.9989587788518692, 0.9986090162760283, 0.9907357039939888, 0.7871002567656302, 0.15748679232663798, 0.07354949567128777, 0.0734725362892976, 0.0734452548112374, 0.07344516875935748, 0.07344516727830704, 0.07344516686917985, 0.07344516686455524, 0.07344516686432827, 0.0734451668642641, 0.07344516686426292, 0.07344516686426289, 0.0734451668642629, 0.07344516686426296, 0.07344516686426293, 0.07344516686426296, 0.073445166864263, 0.0734451668642629]
test_mses [0.0010004559754344274, 0.0009999905623749301, 0.0010003280155664563, 0.0010003638949174789, 0.0010005291900219858, 0.001000640216549636, 0.0010006500989445527, 0.0010007214586728356, 0.0010007732633212554, 0.001000759144659154, 0.0010004525141312638, 0.000992370367208931, 0.0007874802109646238, 0.00015770223466487847, 7.360684460700502e-05, 7.352761149003197e-05, 7.350035121262198e-05, 7.350033299211672e-05, 7.350032659148412e-05, 7.350032333129011e-05, 7.350032308775232e-05, 7.350032305066133e-05, 7.3500322960752e-05, 7.350032296518209e-05, 7.350032296410969e-05, 7.35003229624274e-05, 7.350032296266013e-05, 7.350032296263482e-05, 7.350032296260123e-05, 7.350032296260726e-05, 7.350032296260662e-05]
test_rres [1.0006958294505228, 1.000230304810712, 1.0005678389048518, 1.0006037268577586, 1.0007690615908904, 1.000880114736562, 1.0008899995007303, 1.00096137633713, 1.0010131934054394, 1.0009990713584638, 1.0006923673175299, 0.9926082827433209, 0.7876690051702993, 0.1577400429395656, 0.07362449145776567, 0.07354523934507289, 0.07351797253215592, 0.07351795430728239, 0.07351794790511526, 0.07351794464413965, 0.07351794440054348, 0.07351794436344358, 0.0735179442735127, 0.07351794427794385, 0.0735179442768712, 0.0735179442751885, 0.07351794427542128, 0.07351794427539597, 0.07351794427536237, 0.0735179442753684, 0.07351794427536777]
step_times_seconds [14.108989953994751, 11.986884117126465, 11.3955979347229, 11.522406101226807, 12.293452978134155, 11.384510040283203, 11.873255014419556, 11.754663228988647, 11.512386798858643, 11.637938737869263, 12.166949987411499, 11.388936996459961, 12.0038161277771, 11.714000701904297, 11.418298959732056, 11.67571496963501, 11.926306962966919, 11.40850305557251, 11.52323031425476, 12.159748792648315, 11.431052923202515, 11.328740119934082, 12.06017804145813, 11.392613172531128, 11.48906421661377, 12.152431011199951, 11.408288955688477, 11.934275150299072, 11.686583042144775, 11.394386053085327, 11.68405294418335]
