date 2025-01-27T11:53:35.525986
sample_ratio 0.08
rank 4
seed 0
l2_regularization_strength 0
input_shape (1024, 1344, 33)
input_size 45416448
num_train_samples 3633315
num_test_samples 45416448
num_iterations 10
max_num_richardson_iterations None
num_richardson_iterations None
train_mses [0.001003252985222388, 0.0009984712879967713, 0.0009960866771214106, 0.0009755595049278216, 0.0004717703335639746, 8.140930135172032e-05, 7.301262179762795e-05, 6.846908559624473e-05, 6.180704251980388e-05, 5.49478699336215e-05, 5.279825207631722e-05, 5.113689137857213e-05, 4.970558388665684e-05, 4.726022405121241e-05, 4.548574102650615e-05, 4.534133570250218e-05, 4.427496117456616e-05, 4.3793703223850915e-05, 4.3670546362529214e-05, 4.33403323074244e-05, 4.3214327396078614e-05, 4.3099239919152127e-05, 4.293296042976841e-05, 4.287654418276422e-05, 4.279803124525227e-05, 4.2700215531599114e-05, 4.266690595519149e-05, 4.262512039138018e-05, 4.25685774810032e-05, 4.254545453584557e-05, 4.252516536077801e-05]
train_rres [1.003776556688983, 0.9989923640207746, 0.9966065086794301, 0.9760686238920999, 0.4720165381495361, 0.0814517867347005, 0.0730507251733842, 0.06850481781941284, 0.06183929799711084, 0.05497654578833728, 0.0528258061017529, 0.05116357838335612, 0.04973152392953418, 0.04728488792481415, 0.045509478843875434, 0.045364998158513574, 0.044298067117630416, 0.04381655801099062, 0.04369333687732739, 0.04336295049215263, 0.043236879822142575, 0.04312173228407501, 0.04295536601777918, 0.04289892032861273, 0.04282036641725426, 0.042722499656141076, 0.04268917269633761, 0.04264736532573454, 0.042590792907093, 0.04256765789467568, 0.04254735813121885]
test_mses [0.0010036329340243819, 0.0010007400959526765, 0.0010014743362718446, 0.0009812568856331718, 0.000473488799297796, 8.178333234512466e-05, 7.331198041073582e-05, 6.910778317079944e-05, 6.257458456080552e-05, 5.5398624070016036e-05, 5.3227842738526604e-05, 5.1597780775155325e-05, 5.009087635854627e-05, 4.758903639314597e-05, 4.577591629062914e-05, 4.562474284603318e-05, 4.4549919511196666e-05, 4.405615907666524e-05, 4.393021380546538e-05, 4.360704851110349e-05, 4.347735281378987e-05, 4.3361700390356355e-05, 4.320334114545947e-05, 4.314397034756638e-05, 4.3066084575457705e-05, 4.2975694746041845e-05, 4.293940467174682e-05, 4.289855679175449e-05, 4.284812636064357e-05, 4.282206255661516e-05, 4.2802605690246115e-05]
test_rres [1.0038735496994562, 1.0009800180851598, 1.0017144344345519, 0.981492136769273, 0.47360231572718053, 0.08180293946547208, 0.07332955656936868, 0.06912435139543298, 0.06258958648570871, 0.05541190559643561, 0.05324060383163056, 0.051610151069545494, 0.05010288538059155, 0.0476004456123233, 0.045786890823874334, 0.04563568113624649, 0.04456060011821372, 0.04406672130723584, 0.04394074584132492, 0.043617503069796996, 0.04348777627862754, 0.04337209612813865, 0.04321369891745236, 0.04315431388572524, 0.04307640944091562, 0.042985997941017366, 0.042949699166369426, 0.04290884149331442, 0.04285839897177501, 0.04283232891908776, 0.04281286738803816]
step_times_seconds [11.743412971496582, 9.504204988479614, 9.265664100646973, 9.66765809059143, 9.453084707260132, 9.307191848754883, 9.255800008773804, 9.688019037246704, 9.245589971542358, 9.387396812438965, 9.326803922653198, 9.674992084503174, 9.34512209892273, 9.467939138412476, 9.69319200515747, 9.448409080505371, 9.4042489528656, 9.671184778213501, 9.264946937561035, 9.500982999801636, 9.285181760787964, 9.572243213653564, 9.431743860244751, 9.218297958374023, 9.359278678894043, 9.337939977645874, 9.633644104003906, 9.314068078994751, 9.334840059280396, 9.28242301940918, 9.85319185256958]
