date 2025-01-27T11:53:35.525986
sample_ratio 0.2
rank 16
seed 0
l2_regularization_strength 0
input_shape (1024, 1344, 33)
input_size 45416448
num_train_samples 9083289
num_test_samples 45416448
num_iterations 10
max_num_richardson_iterations None
num_richardson_iterations None
train_mses [0.0010161263045490852, 0.000998034003392068, 0.0009408384206111047, 0.00045923633964581215, 6.855137718780763e-05, 3.996332226845237e-05, 3.6679846020560695e-05, 2.8016776322967825e-05, 2.4193748508009575e-05, 2.3559248760510156e-05, 2.237238413836958e-05, 2.1917259625173608e-05, 2.1793130793591686e-05, 2.1476175465924602e-05, 2.125276879911444e-05, 2.117664802238046e-05, 2.0960461255807945e-05, 2.078342516668516e-05, 2.073095569076809e-05, 2.0561670696008793e-05, 2.0425989591128597e-05, 2.039275515342451e-05, 2.026956053716394e-05, 2.0171776207314448e-05, 2.014815271959781e-05, 2.0057491699654088e-05, 1.9985021599431153e-05, 1.9965971954355504e-05, 1.9895593773559514e-05, 1.9838908020154023e-05, 1.982254753017975e-05]
train_rres [1.01651858021926, 0.9984192945274172, 0.9412016313855125, 0.4594136278845839, 0.06857784145441245, 0.039978750113352245, 0.03669400627909864, 0.028027592202508615, 0.024203088507247398, 0.02356834381105158, 0.022381020999694787, 0.02192572078563109, 0.021801544034100263, 0.021484466345794526, 0.021260973432816393, 0.021184823269648292, 0.020968553044151073, 0.020791448610226866, 0.02073895887846292, 0.02056960853121302, 0.020433875046627557, 0.020400627778765185, 0.020277385603209633, 0.02017956352370899, 0.020155930916142352, 0.02006523489650204, 0.019992736819189047, 0.01997367981999585, 0.019903274469695524, 0.01984656683274878, 0.01983020002680557]
test_mses [0.0010162763318138244, 0.0010010301573838945, 0.0009472842358578338, 0.0004610152045573766, 6.895583658292324e-05, 4.041918675425843e-05, 3.708151636440148e-05, 2.8365858886129394e-05, 2.450503912343447e-05, 2.3858686850530794e-05, 2.266584137167318e-05, 2.2202090512800046e-05, 2.2074771336522607e-05, 2.17566155398348e-05, 2.1527432721831876e-05, 2.1449638013992333e-05, 2.123119250166858e-05, 2.10509812043752e-05, 2.0997245787267074e-05, 2.0825383411062676e-05, 2.0688248708341207e-05, 2.0653634843991402e-05, 2.052833798325647e-05, 2.042984485862456e-05, 2.0404859716736745e-05, 2.031284488712611e-05, 2.0239880769385584e-05, 2.0219568442414745e-05, 2.0148452212778187e-05, 2.0091274871916072e-05, 2.0073709371622436e-05]
test_rres [1.0165199786764887, 1.0012701490570681, 0.9475113422312608, 0.46112573050855205, 0.06897236837916788, 0.040428877039996494, 0.03709040646135856, 0.028372659450412972, 0.024510914076648453, 0.02386440684421405, 0.02267127538697687, 0.022207413346293937, 0.022080063645918982, 0.021761831573065656, 0.02153259380969715, 0.021454780450988836, 0.021236282567511616, 0.021056028065515115, 0.02100227976562562, 0.020830376186327673, 0.02069320860628826, 0.020658586443447986, 0.020533259543454967, 0.020434742805618595, 0.020409751673675477, 0.020317714783997267, 0.02024473317349634, 0.0202244159767528, 0.020153282697377213, 0.020096091648550758, 0.020078521937021553]
step_times_seconds [27.148049116134644, 25.431352138519287, 26.663738012313843, 24.579560041427612, 25.692269802093506, 26.773914098739624, 24.67137098312378, 25.67750096321106, 26.808096885681152, 24.97132396697998, 27.12769603729248, 25.746227264404297, 24.82507872581482, 26.93172025680542, 26.393187761306763, 24.74010396003723, 26.440342664718628, 25.97985315322876, 24.964712858200073, 25.73147201538086, 26.925709009170532, 25.01841402053833, 26.65280318260193, 26.405139923095703, 24.98581099510193, 26.92015504837036, 26.826832056045532, 24.270604133605957, 26.72422695159912, 26.671730041503906, 23.84261727333069]
