date 2025-01-27T11:53:35.525986
sample_ratio 0.09
rank 8
seed 0
l2_regularization_strength 0
input_shape (1024, 1344, 33)
input_size 45416448
num_train_samples 4087480
num_test_samples 45416448
num_iterations 10
max_num_richardson_iterations None
num_richardson_iterations None
train_mses [0.0010070081786486072, 0.0009977631235719032, 0.0009906513505005318, 0.0009151953897644574, 0.00017646292495358744, 6.579859735422034e-05, 6.107534208342306e-05, 4.915146140819088e-05, 4.323140163828063e-05, 4.190161794924401e-05, 3.853293949427564e-05, 3.598229059483921e-05, 3.492132154248353e-05, 3.3357758859895935e-05, 3.2733983829627086e-05, 3.247197189673963e-05, 3.206247306781938e-05, 3.184486764663156e-05, 3.170967570350099e-05, 3.149702741375316e-05, 3.1359354976049195e-05, 3.130175910529031e-05, 3.1163295253207096e-05, 3.106433920620009e-05, 3.103461541207058e-05, 3.0928361831491e-05, 3.0850641022579253e-05, 3.08266251059637e-05, 3.073646244143866e-05, 3.067029632014807e-05, 3.064828845744295e-05]
train_rres [1.0074094259605286, 0.9981606871466151, 0.991046080354636, 0.91556005382361, 0.17653323746523603, 0.06582481512571056, 0.06109967785085302, 0.04917104604730823, 0.04324862740075779, 0.04191831385293554, 0.03854829313163464, 0.03599662791372508, 0.034935236113084606, 0.03337105042133313, 0.032747026844866294, 0.03248491051204844, 0.03207524851632595, 0.03185755638919853, 0.03172231057817997, 0.03150957755768571, 0.0313718502637286, 0.03131423144361458, 0.031175712419935317, 0.031076716943409567, 0.031046981305689562, 0.030940685387853446, 0.03086293361070697, 0.030838908124832507, 0.030748709534554785, 0.030682517049051, 0.03066050041720583]
test_mses [0.0010071509066972887, 0.0010015138769639553, 0.0009997968730519162, 0.0009229586808432028, 0.0001776089303925481, 6.657650939293875e-05, 6.170895453149735e-05, 4.9846005537312915e-05, 4.3984134228059865e-05, 4.261622937054501e-05, 3.917930162906184e-05, 3.6561765029972624e-05, 3.545258583711762e-05, 3.387446274572076e-05, 3.3216089730148796e-05, 3.293473580347818e-05, 3.253164168030535e-05, 3.229940823346309e-05, 3.2152970682119786e-05, 3.194720257676939e-05, 3.180427517143337e-05, 3.17412136259113e-05, 3.160919203674333e-05, 3.150868273432392e-05, 3.147612693579222e-05, 3.137455719639592e-05, 3.129598506636873e-05, 3.127023251658126e-05, 3.118314283330731e-05, 3.111569338484874e-05, 3.1092457160185196e-05]
test_rres [1.0073923657876604, 1.0017539846063337, 1.0000365690517097, 0.9231799552937793, 0.17765151119199862, 0.06659247075810384, 0.061723748926190224, 0.04985795585287702, 0.04399467919105486, 0.04262644638560249, 0.039188694658914516, 0.03657053051930279, 0.03546108540661672, 0.033882583968575276, 0.033224053111563255, 0.032942631731780345, 0.03253944096892853, 0.032307151845348596, 0.03216067918637871, 0.031954861749215954, 0.03181190007779225, 0.03174882341359897, 0.03161677017295492, 0.03151623677396312, 0.03148367317035132, 0.03138207908014848, 0.03130348811286967, 0.031277729389044925, 0.031190618826481123, 0.03112315320737487, 0.031099911411949656]
step_times_seconds [12.865265130996704, 11.172061920166016, 10.728148937225342, 10.748477220535278, 11.098959684371948, 10.734204053878784, 10.576529741287231, 11.092461824417114, 10.658564805984497, 10.631659030914307, 11.124993085861206, 10.766667127609253, 10.697917938232422, 10.907046794891357, 11.075111865997314, 10.657041788101196, 11.17355990409851, 10.736884832382202, 10.715708017349243, 10.874454021453857, 11.033775806427002, 10.727877140045166, 10.792368173599243, 11.113283157348633, 10.660338878631592, 10.832354068756104, 11.027505159378052, 10.68044900894165, 10.889762163162231, 11.151801824569702, 10.696044206619263]
