date 2025-01-27T11:53:35.525986
sample_ratio 0.04
rank 8
seed 0
l2_regularization_strength 0
input_shape (1024, 1344, 33)
input_size 45416448
num_train_samples 1816657
num_test_samples 45416448
num_iterations 10
max_num_richardson_iterations None
num_richardson_iterations None
train_mses [0.0010069872385334673, 0.000995200884053944, 0.0009868326353568286, 0.0009640742474772371, 0.0004646275460532991, 9.202732431184507e-05, 7.255102636879104e-05, 6.582810236171225e-05, 5.659768906826351e-05, 5.261461594456184e-05, 4.55607674797268e-05, 4.1038770301919014e-05, 3.9862480212946324e-05, 3.759083888989029e-05, 3.559823031774235e-05, 3.435697345998381e-05, 3.325005096240503e-05, 3.273509536070438e-05, 3.260306777661681e-05, 3.239054104359914e-05, 3.222558188389548e-05, 3.216728670937085e-05, 3.197523550354928e-05, 3.166398077240795e-05, 3.1361057537321065e-05, 3.077012612576073e-05, 3.0315204033683646e-05, 3.022240387636817e-05, 3.0093176368551773e-05, 3.0028582356060338e-05, 3.002645652689787e-05]
train_rres [1.0074906427175603, 0.9956983961075979, 0.9873259640293565, 0.9645561989771024, 0.46485981856061387, 0.09207332980063056, 0.0725872954383847, 0.06586101056639622, 0.05662598288609625, 0.0526409185795878, 0.04558354381700511, 0.04105928604222781, 0.03988240791268237, 0.03760963097071974, 0.03561602627125846, 0.03437414889531278, 0.03326667303479609, 0.03275146000103017, 0.03261936641487654, 0.032406733437367836, 0.03224169181273511, 0.03218336749580068, 0.03199122028143314, 0.031679809950570216, 0.0313767352807698, 0.03078550845598702, 0.030330358943267622, 0.0302375123941155, 0.03010822028402248, 0.030043593980261695, 0.03004146708837345]
test_mses [0.0010071509066972887, 0.0010040093335398894, 0.001008448629801429, 0.0009866841346455352, 0.00047316579100876316, 9.370430844765039e-05, 7.379540954061956e-05, 6.878356006966402e-05, 5.973302206127016e-05, 5.492185808302165e-05, 4.7526045514002484e-05, 4.312860727583482e-05, 4.172493509116334e-05, 3.93011303503107e-05, 3.731077362705822e-05, 3.5861438957813926e-05, 3.470188648143138e-05, 3.4240431746068995e-05, 3.410434807792718e-05, 3.38512994935706e-05, 3.3707474457414465e-05, 3.365364578637848e-05, 3.331050950488573e-05, 3.293292943735323e-05, 3.257200142912088e-05, 3.180146725239376e-05, 3.132192458975759e-05, 3.1211267272197385e-05, 3.106427911273226e-05, 3.0993492075413314e-05, 3.098855552610082e-05]
test_rres [1.0073923657876604, 1.004250039454752, 1.0086904000140349, 0.9869206869358143, 0.4732792299986229, 0.09372677355881817, 0.07381310159882336, 0.06880005056352796, 0.059747342736628906, 0.05493502530732346, 0.0475374396314505, 0.043138947130778676, 0.041734938423142624, 0.03931055258795341, 0.0373197186872286, 0.035870036547681144, 0.03471020607473986, 0.03424864070805112, 0.034112524414571334, 0.03385941516315821, 0.033715555645712166, 0.03366171406953767, 0.033318495522940604, 0.032940824932588694, 0.032579810393779864, 0.03180909148556894, 0.03132943385512174, 0.031218750008056313, 0.031071726608959228, 0.031000922600823367, 0.030995984867999347]
step_times_seconds [6.278850078582764, 4.7235870361328125, 4.765038967132568, 4.642160892486572, 4.9473748207092285, 4.882928848266602, 4.725766897201538, 4.797720909118652, 4.649456024169922, 4.826180934906006, 5.025298833847046, 4.77944016456604, 4.677325010299683, 4.777484655380249, 4.694856882095337, 4.941073894500732, 4.977151155471802, 4.662317276000977, 4.781010866165161, 4.746906995773315, 4.7591211795806885, 4.747982740402222, 5.012299060821533, 4.866189002990723, 4.681356191635132, 4.816423177719116, 4.653186798095703, 4.7363340854644775, 4.736064910888672, 5.026141166687012, 4.791586875915527]
