date 2025-01-27T11:53:35.525986
sample_ratio 0.05
rank 8
seed 0
l2_regularization_strength 0
input_shape (1024, 1344, 33)
input_size 45416448
num_train_samples 2270822
num_test_samples 45416448
num_iterations 10
max_num_richardson_iterations None
num_richardson_iterations None
train_mses [0.0010070742831628753, 0.0009962468744678945, 0.0009885543579326286, 0.0009565801315843239, 0.00033923246321095534, 8.109084142312464e-05, 7.153684741772901e-05, 5.847721591089156e-05, 5.284029895801722e-05, 5.131061761281725e-05, 4.606709301563136e-05, 4.221327833288039e-05, 4.074708397486034e-05, 3.8636852393863034e-05, 3.663276176686e-05, 3.555924008839296e-05, 3.3838960270050024e-05, 3.2805830175199894e-05, 3.222759699743771e-05, 3.147585292308408e-05, 3.107568725217384e-05, 3.0807513212801654e-05, 3.053122283483011e-05, 3.038234587522765e-05, 3.030638373692996e-05, 3.017535312593005e-05, 3.0100678910649246e-05, 3.0066320846042253e-05, 2.99883244301074e-05, 2.9939274928142727e-05, 2.9921186515316826e-05]
train_rres [1.007457932893505, 0.9966263994457639, 0.9889309524097933, 0.9569445453281199, 0.3393616954287844, 0.08112173336425416, 0.07156409971947154, 0.05849949308399316, 0.05286042872083667, 0.05133016463626399, 0.04608464249348203, 0.04222935968172641, 0.04076260677000292, 0.038651571286263633, 0.036646717191419084, 0.03557278654977063, 0.03385185138266152, 0.03281832771199556, 0.032239874253558364, 0.031487843798729674, 0.031087525682806767, 0.030819249481260764, 0.030542853849157663, 0.030393920174170447, 0.030317929097735435, 0.03018684857000202, 0.03011214590722429, 0.03007777475374942, 0.029999748624709523, 0.029950680437104145, 0.02993258513341148]
test_mses [0.0010071509066972887, 0.001003062018457773, 0.0010054220695788272, 0.0009735650260347704, 0.0003438587617860226, 8.237928600676984e-05, 7.261855538819774e-05, 6.01896485379338e-05, 5.4750243850350654e-05, 5.302484326526957e-05, 4.762172414005953e-05, 4.3733243521895306e-05, 4.2149920505847625e-05, 3.992500962476055e-05, 3.778255489714202e-05, 3.661868251883077e-05, 3.4822549493024825e-05, 3.3662698659298205e-05, 3.3035371961209424e-05, 3.228224735455406e-05, 3.184301546414685e-05, 3.1558831078975656e-05, 3.128945638758558e-05, 3.112101397871926e-05, 3.104157244418298e-05, 3.091389886494801e-05, 3.082714065625931e-05, 3.079133220371367e-05, 3.071566257805986e-05, 3.065868248126897e-05, 3.063988294361585e-05]
test_rres [1.0073923657876604, 1.003302497258867, 1.0056631141896655, 0.9737984330883122, 0.34394120010116, 0.08239903600384814, 0.0726359653018577, 0.060204078687069465, 0.05476336993105001, 0.05303755569032603, 0.047633141195950884, 0.043743728335173614, 0.04216002572582698, 0.03993458143415175, 0.037791613064370705, 0.03662746165382714, 0.03483089801465063, 0.03367076911283569, 0.033043292016496875, 0.03228998685220983, 0.03185064965828552, 0.03156639714141461, 0.03129695786887039, 0.031128475076829566, 0.031049014496606544, 0.030921310308307828, 0.030834531299798552, 0.03079871426236626, 0.030723026495320865, 0.030666032737853854, 0.030647228693111248]
step_times_seconds [7.614203929901123, 6.009972810745239, 5.914984941482544, 5.869525909423828, 6.2621119022369385, 5.977766990661621, 5.8893609046936035, 5.990789890289307, 5.976953029632568, 6.256655931472778, 5.8871238231658936, 5.950352907180786, 5.982003927230835, 5.910995960235596, 6.153350114822388, 6.132097005844116, 5.895712614059448, 5.960596799850464, 5.993953227996826, 6.291663885116577, 5.872712135314941, 5.974563837051392, 5.927159786224365, 5.859441041946411, 6.109118938446045, 6.164331674575806, 5.822149753570557, 6.0016701221466064, 5.97187614440918, 6.249505043029785, 5.933671951293945]
