date 2025-01-27T11:53:35.525986
sample_ratio 0.03
rank 8
seed 0
l2_regularization_strength 0
input_shape (1024, 1344, 33)
input_size 45416448
num_train_samples 1362493
num_test_samples 45416448
num_iterations 10
max_num_richardson_iterations None
num_richardson_iterations None
train_mses [0.0010064891032243145, 0.0009930801104053983, 0.000983194269792302, 0.000973524327530925, 0.0006591994137419473, 0.0001586634008654626, 7.369934626332905e-05, 6.814756279829614e-05, 5.969166581482937e-05, 5.86534322976185e-05, 5.3030288276770855e-05, 4.979485822588751e-05, 4.7330303784884905e-05, 4.259276783372722e-05, 3.9113441997156265e-05, 3.824207144152597e-05, 3.67874317746451e-05, 3.587709166853356e-05, 3.528684202275396e-05, 3.45812407657854e-05, 3.41304784637754e-05, 3.394152239644247e-05, 3.372627992149049e-05, 3.357610767196517e-05, 3.352822868955565e-05, 3.3431946863400795e-05, 3.336019420057932e-05, 3.3338623503443156e-05, 3.327959817061799e-05, 3.323274191347026e-05, 3.3216050940521815e-05]
train_rres [1.007573444807858, 0.994150005803225, 0.9842535146743598, 0.9745731544954208, 0.6599096025893754, 0.15883433696680108, 0.07377874629416621, 0.06822098161219348, 0.059755974663506066, 0.05871662260484995, 0.0530874204867288, 0.04984850474351796, 0.04738129511344602, 0.04263865517535105, 0.03915558088519505, 0.03828327155802206, 0.0368270647343038, 0.035915743872783124, 0.03532485832122616, 0.0346184968843591, 0.034167248953337524, 0.033978089314082534, 0.03376261494753294, 0.0336122809098528, 0.033564350344995504, 0.0334679647895628, 0.03339613482397096, 0.03337454088763248, 0.03331545196383284, 0.03326854522607096, 0.03325183627109372]
test_mses [0.0010071509066972887, 0.0010056023316135977, 0.0010129025129702815, 0.0010051383197077085, 0.0006788553266649993, 0.000162469874210026, 7.499490503196054e-05, 7.158447956455742e-05, 6.459382843890081e-05, 6.323550916182276e-05, 5.718354148365743e-05, 5.428721898839692e-05, 5.1316879570375885e-05, 4.588026521734797e-05, 4.250732776989439e-05, 4.1508421173037814e-05, 3.9512533790217794e-05, 3.864999721442935e-05, 3.7904653916386075e-05, 3.697515261969581e-05, 3.659474794825692e-05, 3.6360341218759795e-05, 3.614161027693186e-05, 3.6104497618895185e-05, 3.60517986261808e-05, 3.59800923477241e-05, 3.6028427646727297e-05, 3.6016972549837175e-05, 3.5989836188217854e-05, 3.609361369934409e-05, 3.6091165192645537e-05]
test_rres [1.0073923657876604, 1.005843419441303, 1.0131453509777646, 1.0053792962910193, 0.6790180786305494, 0.16250882550101794, 0.07501288466284914, 0.07160164156402091, 0.06460931446681854, 0.06325066953989508, 0.05719725093456401, 0.05430023406134039, 0.05132918252019143, 0.045891264767695124, 0.04251751867637047, 0.0415183725969531, 0.039522006710714444, 0.03865926334635478, 0.0379137413562073, 0.036984017216509, 0.036603521345066885, 0.03636905841779909, 0.03615027503638748, 0.036113153480787794, 0.0360604418537693, 0.03598871838411249, 0.03603706527124737, 0.0360256074280585, 0.03599846456064035, 0.03610226695187469, 0.03609981785815964]
step_times_seconds [5.138765096664429, 3.4819719791412354, 3.6489510536193848, 3.6808409690856934, 3.654982805252075, 3.4052040576934814, 3.511268138885498, 3.5672378540039062, 3.401934862136841, 3.5670111179351807, 3.485253095626831, 3.6391470432281494, 3.6701440811157227, 3.651308059692383, 3.406140089035034, 3.5257821083068848, 3.5639798641204834, 3.378326177597046, 3.558342933654785, 3.5193259716033936, 3.666426181793213, 3.6193649768829346, 3.6402831077575684, 3.4422731399536133, 3.470513105392456, 3.5928258895874023, 3.4039530754089355, 3.588578701019287, 3.500638961791992, 3.49611496925354, 3.7782630920410156]
