date 2025-01-27T11:53:35.525986
sample_ratio 0.08
rank 8
seed 0
l2_regularization_strength 0
input_shape (1024, 1344, 33)
input_size 45416448
num_train_samples 3633315
num_test_samples 45416448
num_iterations 10
max_num_richardson_iterations None
num_richardson_iterations None
train_mses [0.0010069237005032351, 0.0009973832080181716, 0.0009903095701768287, 0.0009306218552050344, 0.00020213560901812135, 7.058181433488757e-05, 6.566086443547085e-05, 5.151028807319592e-05, 4.486414592898006e-05, 4.3436347953021677e-05, 3.925798432571008e-05, 3.569542469853795e-05, 3.442367224756189e-05, 3.294632319541682e-05, 3.241137323020355e-05, 3.225440133322705e-05, 3.190590276163174e-05, 3.176254682061375e-05, 3.161185776120732e-05, 3.138689804011415e-05, 3.13000601584515e-05, 3.114336268728486e-05, 3.09697844023007e-05, 3.090900177097815e-05, 3.079889027357042e-05, 3.0683234161205357e-05, 3.06349230093723e-05, 3.057588457435977e-05, 3.049785899422701e-05, 3.0454894520257833e-05, 3.042320183396197e-05]
train_rres [1.007449187620031, 0.9979037162017216, 0.9908263868139857, 0.9311075223864451, 0.20224109830030992, 0.07061864913587054, 0.06569513112153781, 0.051537169943938844, 0.044887559352142066, 0.043459016245801535, 0.03927847203990752, 0.03571405320613815, 0.03444163706085396, 0.032963517018917386, 0.032428287877322916, 0.0322712340608231, 0.031922553616947395, 0.03177912286221702, 0.03162835516213571, 0.03140327804045383, 0.03131639484037426, 0.031159615592899946, 0.030985946721953348, 0.030925132369766878, 0.0308149634080515, 0.03069924693778941, 0.03065091057363106, 0.030591841328004996, 0.03051377502836477, 0.030470788132361492, 0.030439078906482404]
test_mses [0.0010071509066972887, 0.0010017746411191183, 0.0010009847418947424, 0.0009402699846752365, 0.0002036531384928735, 7.150991310333281e-05, 6.64736590645136e-05, 5.2398139932803384e-05, 4.5856761601594354e-05, 4.439318481307923e-05, 4.003890906044487e-05, 3.6375168266281764e-05, 3.502653917619305e-05, 3.352176642845888e-05, 3.296018254417934e-05, 3.27932814896709e-05, 3.244499780546905e-05, 3.229052010844715e-05, 3.2133399975001686e-05, 3.191169139518786e-05, 3.181566477205395e-05, 3.16535977868829e-05, 3.148320733656151e-05, 3.141401867820778e-05, 3.130116935132601e-05, 3.118825562748493e-05, 3.113331601630044e-05, 3.107328437935158e-05, 3.099735025958154e-05, 3.094940629167605e-05, 3.091747063284067e-05]
test_rres [1.0073923657876604, 1.0020148112783205, 1.0012247226797932, 0.9404954094191292, 0.20370196325314016, 0.07152705722588254, 0.06648959577185772, 0.05241070210905842, 0.045867755517074234, 0.044403827843783356, 0.04004850817662193, 0.036383889020027094, 0.03503493660326393, 0.03352980309424118, 0.03296808457320268, 0.032801143505051256, 0.032452776321682586, 0.03229826158945181, 0.03214110378728734, 0.03191934205401691, 0.031823292409009205, 0.03166118656913766, 0.03149075526860915, 0.03142155002264139, 0.03130867364073178, 0.03119573284642404, 0.03114078006375903, 0.03108073403454348, 0.031004781709970796, 0.03095682624775318, 0.030924882932512908]
step_times_seconds [11.547863960266113, 9.600320816040039, 9.794909954071045, 9.489866018295288, 9.597592830657959, 9.441797256469727, 9.786258935928345, 9.586966037750244, 9.467717170715332, 9.675693988800049, 9.691227197647095, 9.379533052444458, 9.547696113586426, 9.738672256469727, 9.48019289970398, 9.516700983047485, 9.54577898979187, 9.83787488937378, 9.431839942932129, 9.532938003540039, 9.73712420463562, 9.446171760559082, 9.580269813537598, 9.369855880737305, 9.940111875534058, 9.613193988800049, 9.394443988800049, 9.676255941390991, 9.680975914001465, 9.452508211135864, 9.547679901123047]
