date 2025-01-27T11:53:35.525986
sample_ratio 0.06
rank 4
seed 0
l2_regularization_strength 0
input_shape (1024, 1344, 33)
input_size 45416448
num_train_samples 2724986
num_test_samples 45416448
num_iterations 10
max_num_richardson_iterations None
num_richardson_iterations None
train_mses [0.001003081631845415, 0.000997924740413342, 0.000995340639936162, 0.000985716367314825, 0.0006480183953599591, 0.00010329589212451507, 7.36968756455033e-05, 6.990128407963791e-05, 6.63243194967804e-05, 6.079342661931458e-05, 5.3689458647850195e-05, 4.831506625366239e-05, 4.7403262086036894e-05, 4.4797104788130055e-05, 4.384707842371388e-05, 4.3641825942698144e-05, 4.30345901968564e-05, 4.2764145190877325e-05, 4.26869043305034e-05, 4.249523015036015e-05, 4.240812306529835e-05, 4.2380065512384706e-05, 4.230891570746872e-05, 4.2272170511870355e-05, 4.226141421933029e-05, 4.222654321079271e-05, 4.220478795552517e-05, 4.219997775199351e-05, 4.217752980670455e-05, 4.216122367821512e-05, 4.215865489195239e-05]
train_rres [1.003801856468439, 0.998641262326567, 0.996055306434301, 0.9864241234699765, 0.6484836803274968, 0.10337005981197282, 0.07374979088469692, 0.06995147403863711, 0.06637194115237689, 0.0608370770275956, 0.05372800832206153, 0.048349757049779264, 0.04743729819584305, 0.044829269645789, 0.04387856115106712, 0.04367316129631223, 0.04306548954793365, 0.04279485035920185, 0.04271755403896526, 0.042525742234465466, 0.04243857260547353, 0.04241049490690093, 0.04233929401557303, 0.04230252243648422, 0.04229175842079731, 0.04225686237445804, 0.042235091498656716, 0.04223027784134132, 0.04220781377815883, 0.0421914959416739, 0.042188925310991866]
test_mses [0.0010036329340243819, 0.0010010899448847155, 0.0010025536218549673, 0.0009934576196265524, 0.0006520440281545543, 0.00010386709077809666, 7.398575533820757e-05, 7.049107814650401e-05, 6.742342312936563e-05, 6.13692520004371e-05, 5.424509952893292e-05, 4.876031700062493e-05, 4.7799353166389844e-05, 4.519419314423881e-05, 4.421088331290011e-05, 4.3993996721786795e-05, 4.339269978010719e-05, 4.311627867013453e-05, 4.303591142015985e-05, 4.2853014213437845e-05, 4.276392619942839e-05, 4.273486710798977e-05, 4.2670306743473676e-05, 4.263170273492917e-05, 4.2620596524283896e-05, 4.259022148083653e-05, 4.2566470246372846e-05, 4.256152507087538e-05, 4.254226964777101e-05, 4.25239504404022e-05, 4.252131532212379e-05]
test_rres [1.0038735496994562, 1.0013299508916256, 1.002793978770671, 0.9936957958239453, 0.6522003522534292, 0.10389199236244917, 0.0740034930308072, 0.0705079780087743, 0.06743958753760904, 0.06138396495324912, 0.054258104503959285, 0.04877200702811824, 0.04781081280789855, 0.04520502821244372, 0.044221482637786066, 0.04400454404926237, 0.04340310294982884, 0.04312661556936053, 0.043046229051763744, 0.042863287996406076, 0.04277417862401757, 0.04274511256581583, 0.042680536723294624, 0.04264192345964374, 0.04263081458634334, 0.04260043226064034, 0.04257667533194411, 0.04257172897086704, 0.04255246893137706, 0.04253414533207541, 0.04253150958204136]
step_times_seconds [8.905916929244995, 7.311305046081543, 6.97783899307251, 7.037515163421631, 7.030048131942749, 7.38319206237793, 6.858084201812744, 7.036128997802734, 7.028409004211426, 6.8369879722595215, 7.358502149581909, 7.066975116729736, 7.051450729370117, 6.894003868103027, 7.384816884994507, 7.004011869430542, 7.068187236785889, 6.89321231842041, 6.909097909927368, 7.297652959823608, 7.204189777374268, 7.035942792892456, 6.8666298389434814, 6.986509084701538, 7.227752208709717, 7.12261700630188, 6.941127061843872, 7.006722927093506, 6.968591928482056, 7.012889862060547, 7.144861936569214]
