date 2025-01-27T11:53:35.525986
sample_ratio 0.04
rank 16
seed 0
l2_regularization_strength 0
input_shape (1024, 1344, 33)
input_size 45416448
num_train_samples 1816657
num_test_samples 45416448
num_iterations 10
max_num_richardson_iterations None
num_richardson_iterations None
train_mses [0.0010159251167773337, 0.0009910099583974228, 0.0009678852736439794, 0.0008747679372834839, 0.00017323677086290357, 6.95853274140971e-05, 6.340669765207989e-05, 4.598824292783037e-05, 3.780517235883125e-05, 3.583714845342005e-05, 3.1538650790655376e-05, 2.8697513941202282e-05, 2.7791035867894597e-05, 2.6097364796569882e-05, 2.4803064447131577e-05, 2.4205318897495477e-05, 2.3241800492914223e-05, 2.2427060705953933e-05, 2.2221857009383577e-05, 2.1777175545006355e-05, 2.1388530672319394e-05, 2.1237133562492368e-05, 2.0871442561995616e-05, 2.0559264797464247e-05, 2.049460956409056e-05, 2.027810528198954e-05, 2.0108324050102684e-05, 2.005837088614152e-05, 1.9897066750120306e-05, 1.9775297335243615e-05, 1.971976503507528e-05]
train_rres [1.0164329891067345, 0.9915053753604637, 0.9683691303184533, 0.875205243559957, 0.1733233738623797, 0.06962011389761079, 0.06343839536946513, 0.046011232964866665, 0.037824071587359225, 0.03585506384478458, 0.0315544173149579, 0.028711860149414525, 0.02780492891757868, 0.026110411161141028, 0.024815463776480775, 0.02421741940715839, 0.023253419328949355, 0.022438272244456374, 0.022232965964262823, 0.021788062198647616, 0.021399223038041655, 0.02124775024310599, 0.02088187642958769, 0.0205695426039, 0.020504855048651956, 0.020288242533638628, 0.02011837642621488, 0.02006839829010831, 0.019907013516345246, 0.01978518322757602, 0.01972962316618968]
test_mses [0.0010162763318138244, 0.0010080952817482986, 0.0010104222654694491, 0.0009133533348021502, 0.00017839548136970725, 7.391687430557599e-05, 6.669827125529336e-05, 4.919476781926469e-05, 4.1329086775637325e-05, 3.890990433354253e-05, 3.4519868066189174e-05, 3.185188025215507e-05, 3.06318117011836e-05, 2.8775957347931627e-05, 2.7473793098585638e-05, 2.664940680442238e-05, 2.544517040826481e-05, 2.4577603853593734e-05, 2.4299131954643073e-05, 2.376260220046203e-05, 2.332275869596581e-05, 2.3118753858067236e-05, 2.2670991605104754e-05, 2.228656014072953e-05, 2.2186952582167278e-05, 2.1948976354915537e-05, 2.1725853363069102e-05, 2.1646802696444343e-05, 2.148910552941415e-05, 2.1330651429782154e-05, 2.1247218855144797e-05]
test_rres [1.0165199786764887, 1.0083369672475821, 1.010664508850743, 0.9135723064219371, 0.17843825074058456, 0.07393459548431322, 0.06671426181221943, 0.04920656200403849, 0.041338995205081594, 0.03891923277682184, 0.03452814402154759, 0.03185951657157968, 0.030639155515641423, 0.028782856231147246, 0.027480379794826027, 0.026655795858419307, 0.025451270752970136, 0.024583496203817067, 0.024304957542704977, 0.023768299158359832, 0.023328350203715282, 0.02312429645673838, 0.0226764268551496, 0.022291903225368892, 0.02219227178642256, 0.021954238505631985, 0.021731062021231165, 0.021651992402628176, 0.021494257428538235, 0.02133576534037591, 0.02125231276322111]
step_times_seconds [6.3032310009002686, 5.057010173797607, 5.0916221141815186, 5.6592230796813965, 4.984225034713745, 5.0243401527404785, 4.863688945770264, 5.036646127700806, 5.106834888458252, 4.834327697753906, 5.9894609451293945, 5.25691294670105, 4.883450031280518, 4.943320035934448, 5.104328870773315, 4.847020864486694, 5.543062925338745, 5.45740008354187, 4.944458961486816, 5.0062339305877686, 5.188588857650757, 5.031692028045654, 5.109384059906006, 5.662694215774536, 5.187506914138794, 5.043804883956909, 5.102435111999512, 5.076133728027344, 4.9885241985321045, 5.5001490116119385, 5.625157833099365]
