date 2025-01-27T11:53:35.525986
sample_ratio 0.09
rank 1
seed 0
l2_regularization_strength 0
input_shape (1024, 1344, 33)
input_size 45416448
num_train_samples 4087480
num_test_samples 45416448
num_iterations 10
max_num_richardson_iterations None
num_richardson_iterations None
train_mses [0.0010002817205011858, 0.0009993456990115602, 0.0009989717320460956, 0.0009989325372470538, 0.0009987456917990671, 0.0009986161126318562, 0.0009986016869252357, 0.0009985137340775545, 0.0009984467201154567, 0.0009984357766468826, 0.0009983752702834652, 0.0009982704965071725, 0.0009976216636482173, 0.0009762510210376388, 0.0006415215131557867, 0.00011082787476620498, 7.402889153168583e-05, 7.338410192732728e-05, 7.3374617902642e-05, 7.336993177084078e-05, 7.336981453682377e-05, 7.336981059375982e-05, 7.33698083064862e-05, 7.336980825096236e-05, 7.336980824903513e-05, 7.336980824793593e-05, 7.336980824790936e-05, 7.336980824790838e-05, 7.336980824790785e-05, 7.336980824790787e-05, 7.336980824790786e-05]
train_rres [1.0006802876231073, 0.9997438931711616, 0.9993697771967388, 0.9993305667803385, 0.9991436468828732, 0.9990140160842123, 0.9989995846295987, 0.9989115967366771, 0.9988445560725399, 0.9988336082434874, 0.998773077771015, 0.9986682622471009, 0.9980191708575339, 0.9766400130103531, 0.6417771305262822, 0.11087203467252828, 0.07405838870396449, 0.0734133421800486, 0.07340385437640749, 0.07339916637739424, 0.07339904909666477, 0.07339904515202969, 0.07339904286384469, 0.07339904280829873, 0.07339904280637073, 0.0733990428052711, 0.07339904280524452, 0.07339904280524354, 0.07339904280524301, 0.07339904280524304, 0.07339904280524302]
test_mses [0.0010004559754344274, 0.001000017059336649, 0.001000391938805363, 0.0010004313719054272, 0.0010006217272719453, 0.0010007521285621474, 0.0010007668509171327, 0.0010008574386387089, 0.0010009204370833044, 0.0010009278576185545, 0.0010009717085251303, 0.0010009287614084449, 0.001000231677280365, 0.0009785224674272854, 0.0006417995742046849, 0.00011102043056060508, 7.415734277884437e-05, 7.352116063879918e-05, 7.351096520676782e-05, 7.350529541419407e-05, 7.350534901896803e-05, 7.350534137309236e-05, 7.350531408507161e-05, 7.350531697091061e-05, 7.350531690098078e-05, 7.350531634195133e-05, 7.35053164047717e-05, 7.350531640323362e-05, 7.350531639098072e-05, 7.350531639235715e-05, 7.350531639232255e-05]
test_rres [1.0006958294505228, 1.0002568081249368, 1.000631777469016, 1.0006712200229568, 1.000861621026165, 1.000992053579385, 1.001006779463977, 1.001097388903479, 1.0011604024516176, 1.0011678247659017, 1.0012116861854998, 1.001168728772471, 1.0004714775221668, 0.9787570630011188, 0.6419534422500373, 0.11104704712024632, 0.0741751216086232, 0.07353878694728272, 0.07352858907095057, 0.07352291791907412, 0.07352297153669954, 0.07352296388899081, 0.0735229365944279, 0.07352293948095877, 0.07352293941101218, 0.0735229388518487, 0.07352293891468413, 0.07352293891314568, 0.07352293890088984, 0.07352293890226659, 0.073522938902232]
step_times_seconds [12.643728017807007, 10.779029130935669, 10.353200197219849, 10.376906871795654, 10.878050088882446, 10.288925886154175, 10.351800203323364, 10.593892812728882, 10.754113912582397, 10.295409917831421, 10.342000961303711, 10.399221897125244, 10.633778810501099, 10.554673910140991, 10.248330116271973, 10.8784761428833, 10.634027004241943, 10.248106002807617, 11.023902893066406, 10.550794124603271, 10.28375506401062, 10.482007026672363, 10.840579271316528, 10.29421591758728, 10.28920292854309, 10.826673030853271, 10.382107973098755, 10.33443808555603, 10.44914197921753, 10.765358924865723, 10.49639892578125]
