date 2025-01-27T11:53:35.525986
sample_ratio 0.06
rank 1
seed 0
l2_regularization_strength 0
input_shape (1024, 1344, 33)
input_size 45416448
num_train_samples 2724986
num_test_samples 45416448
num_iterations 10
max_num_richardson_iterations None
num_richardson_iterations None
train_mses [0.0009999949567034289, 0.000998881825886488, 0.0009982713143012723, 0.0009982042471435764, 0.0009978794731852125, 0.0009976633553682045, 0.0009976424184795316, 0.0009975085249780819, 0.0009974130620818563, 0.0009974018275608857, 0.00099733069136673, 0.0009972694661679528, 0.0009972578644759581, 0.0009971933839816862, 0.0009970854812092742, 0.0009967079406211661, 0.0009896246060959535, 0.0008459871408212133, 0.00024651455663479455, 7.78988234884271e-05, 7.3373492144383e-05, 7.334079368698045e-05, 7.333686353088421e-05, 7.33367800481245e-05, 7.333677775182817e-05, 7.333677660883818e-05, 7.333677657762361e-05, 7.333677657656158e-05, 7.333677657594022e-05, 7.333677657592438e-05, 7.333677657592376e-05]
train_rres [1.0007129650567397, 0.9995990349985433, 0.9989880850586987, 0.9989209697459805, 0.9985959625960256, 0.998379689603837, 0.9983587376822274, 0.9982247480436405, 0.9981292166039122, 0.9981179740164209, 0.998046786745626, 0.9979855175864232, 0.9979739075642745, 0.9979093807722357, 0.997801400524341, 0.9974235888575698, 0.9903351684133491, 0.8465945697185606, 0.2466915570383366, 0.077954755776488, 0.0734261751903505, 0.07339345325506397, 0.0733895202770686, 0.07338943673436728, 0.07338943443642217, 0.07338943329261151, 0.07338943326137452, 0.07338943326031172, 0.07338943325968991, 0.07338943325967406, 0.07338943325967344]
test_mses [0.0010004559754344274, 0.0010001626115251278, 0.0010007768655522415, 0.001000845576452771, 0.0010011758332681266, 0.0010013974857954904, 0.0010014184719415178, 0.0010015554780547394, 0.0010016527567938383, 0.0010016628946064455, 0.0010017348925385869, 0.00100179646672221, 0.0010018003053151427, 0.001001840750365355, 0.0010018458704098348, 0.001001377118376541, 0.0009938667680850766, 0.0008483242423413673, 0.0002469584238870934, 7.814560990510455e-05, 7.356543451842399e-05, 7.353306467455464e-05, 7.353013107366273e-05, 7.35298890347833e-05, 7.352989909166494e-05, 7.352991871246523e-05, 7.352991404288325e-05, 7.352991407770268e-05, 7.352991452985859e-05, 7.352991443029291e-05, 7.35299144296541e-05]
test_rres [1.0006958294505228, 1.000402395208781, 1.0010167965000414, 1.001085523873645, 1.0014158598663212, 1.0016375655337033, 1.0016585567110479, 1.001795595670759, 1.0018928977319197, 1.0019030379750138, 1.0019750531682776, 1.0020366421139848, 1.0020404816271997, 1.0020809363738985, 1.0020860576458817, 1.001617193231773, 0.9941050423736433, 0.8485276235809948, 0.24701763085994616, 0.07816434490078271, 0.07358307144133544, 0.07355069383696763, 0.07354775953276046, 0.0735475174358535, 0.07354752749514622, 0.0735475471206505, 0.073547542449949, 0.07354754248477678, 0.07354754293704109, 0.07354754283745155, 0.07354754283681258]
step_times_seconds [8.842326879501343, 6.932071924209595, 7.26460599899292, 7.0458900928497314, 6.9342942237854, 6.720082998275757, 6.850633859634399, 7.025021314620972, 7.227946996688843, 6.843358039855957, 6.951997995376587, 6.828772068023682, 6.8023622035980225, 7.258232831954956, 6.980707883834839, 6.896066904067993, 6.838443994522095, 7.114377021789551, 7.132577180862427, 6.824501991271973, 6.865979909896851, 7.0600690841674805, 6.893867015838623, 7.287873029708862, 6.980376720428467, 6.9475319385528564, 6.867513179779053, 6.9361348152160645, 7.169968843460083, 6.96257209777832, 6.740822792053223]
