date 2025-01-27T11:53:35.525986
sample_ratio 0.07
rank 4
seed 0
l2_regularization_strength 0
input_shape (1024, 1344, 33)
input_size 45416448
num_train_samples 3179151
num_test_samples 45416448
num_iterations 10
max_num_richardson_iterations None
num_richardson_iterations None
train_mses [0.0010031171931506146, 0.000998165676461737, 0.0009956426665138425, 0.0009793916485663105, 0.0005342406037102653, 8.734012112545275e-05, 7.320487248059462e-05, 6.630395007918213e-05, 5.9618442330404066e-05, 5.368201881545041e-05, 5.2219728767313595e-05, 5.116167344437731e-05, 4.9739086637926955e-05, 4.6987961765408615e-05, 4.487903496473223e-05, 4.457270084507023e-05, 4.36351594595405e-05, 4.3262359693575706e-05, 4.315054646061993e-05, 4.29139956604354e-05, 4.2825730702925065e-05, 4.2786405872991574e-05, 4.2709464708905506e-05, 4.26747108960968e-05, 4.265897567559359e-05, 4.262137664209491e-05, 4.26001293662887e-05, 4.259247189138844e-05, 4.2568207969778724e-05, 4.255226076464279e-05, 4.25478170681671e-05]
train_rres [1.0038068478748912, 0.9988519269607644, 0.9963271824142189, 0.9800649917030473, 0.5346079003320009, 0.087400168473424, 0.07325520168090244, 0.06634953481516566, 0.05965943070213961, 0.053718925827051414, 0.05225563043751795, 0.051196847689254914, 0.04977328283784783, 0.047020266535017695, 0.04490988982266482, 0.04460334509473663, 0.04366515913861221, 0.043292103068477215, 0.04318021296262476, 0.04294349953101691, 0.04285517389032284, 0.0428158220241119, 0.042738827962081644, 0.04270405025562287, 0.04268830421697276, 0.04265067933370173, 0.04262941745014656, 0.04262175471064334, 0.042597474107305626, 0.04258151593828089, 0.042577069186712245]
test_mses [0.0010036329340243819, 0.0010008776422460214, 0.0010018782591258027, 0.0009860571218523956, 0.0005370259566752439, 8.779206371450137e-05, 7.352200810058077e-05, 6.691397606083945e-05, 6.0357026632632194e-05, 5.412615961372812e-05, 5.269097283724203e-05, 5.16836421902798e-05, 5.0148919849043826e-05, 4.733884188630898e-05, 4.5210928404367025e-05, 4.489613490399053e-05, 4.395022486419603e-05, 4.3568772899422896e-05, 4.34550817051637e-05, 4.3223411991192934e-05, 4.313001672571387e-05, 4.3090355043524056e-05, 4.301900478909708e-05, 4.297993781461705e-05, 4.296417876361988e-05, 4.293094920180577e-05, 4.290592152400007e-05, 4.2898293660944216e-05, 4.2877352914201785e-05, 4.285813662067343e-05, 4.285373160661702e-05]
test_rres [1.0038735496994562, 1.0011175973544992, 1.0021184541268726, 0.9862935238196816, 0.5371547058012612, 0.08781311139633872, 0.07353963461223878, 0.06693001833184907, 0.0603714969097787, 0.054139136073540386, 0.05270360521863342, 0.05169603306948904, 0.05016094278670824, 0.04735019112267973, 0.04522176748476182, 0.04490689851431252, 0.04396076169760081, 0.043579218281741425, 0.04346549983062115, 0.04323377457506468, 0.04314035691856586, 0.04310068572769801, 0.04302931836742581, 0.04299024202684577, 0.042974479197699665, 0.04294124166927428, 0.04291620799121552, 0.042908578299419936, 0.04288763253224449, 0.042868411631711636, 0.04286400556157646]
step_times_seconds [10.224218845367432, 8.390469074249268, 8.328146934509277, 8.059571027755737, 8.092845678329468, 8.079593896865845, 8.629858016967773, 8.187605857849121, 8.202985048294067, 8.364163875579834, 8.559271812438965, 8.22892165184021, 8.112411975860596, 8.181230068206787, 8.628684043884277, 8.034159183502197, 8.19568419456482, 8.176047086715698, 8.398530006408691, 8.466269969940186, 8.199045181274414, 8.09275484085083, 8.707161903381348, 8.064160108566284, 8.169856071472168, 8.237297296524048, 8.395057916641235, 8.210587978363037, 8.268120050430298, 8.082921028137207, 8.615972757339478]
