date 2025-01-27T11:53:35.525986
sample_ratio 0.1
rank 8
seed 0
l2_regularization_strength 0
input_shape (1024, 1344, 33)
input_size 45416448
num_train_samples 4541644
num_test_samples 45416448
num_iterations 10
max_num_richardson_iterations None
num_richardson_iterations None
train_mses [0.001007180913603357, 0.0009981410043378345, 0.000991060490214165, 0.000906615168449406, 0.0001617317761044709, 6.276041712538657e-05, 5.879635531536596e-05, 4.8509888303064053e-05, 4.365225348885495e-05, 4.205386462739734e-05, 3.866541897015154e-05, 3.699467713637891e-05, 3.645941712810732e-05, 3.534389096016225e-05, 3.472439039806604e-05, 3.4241879173405714e-05, 3.357574925992506e-05, 3.319764570521185e-05, 3.28112022903197e-05, 3.2284085552008936e-05, 3.193713620477335e-05, 3.175794545095636e-05, 3.1464432276022285e-05, 3.1302887566545304e-05, 3.124844994061524e-05, 3.111528102996734e-05, 3.103367456631322e-05, 3.101165477818688e-05, 3.093308839250692e-05, 3.0877559513470226e-05, 3.086582119336655e-05]
train_rres [1.0073838406362, 0.9983421100077626, 0.9912601693005443, 0.9067978334737118, 0.1617643618584283, 0.06277306210808553, 0.05880820161801623, 0.048519662086069594, 0.04366104855452563, 0.04206233764932731, 0.038673209287302376, 0.0370021308320962, 0.03646676297951997, 0.035351012055116295, 0.03473138667591005, 0.03424877823478165, 0.03358251410929896, 0.03320433437419806, 0.032817813098601364, 0.032290590156693784, 0.03194357090602712, 0.031764344048817485, 0.03147077173678412, 0.03130919447924341, 0.03125474588520845, 0.031121550143659034, 0.0310399272379166, 0.03101790301323849, 0.030939320797985795, 0.03088378073097829, 0.03087204004583529]
test_mses [0.0010071509066972887, 0.0010013315130475069, 0.000999065815213816, 0.000913429294947199, 0.0001624971149819383, 6.337988406773877e-05, 5.932579485236546e-05, 4.911665952751014e-05, 4.43352884934945e-05, 4.270252934494807e-05, 3.9259174188450595e-05, 3.753773927629917e-05, 3.6987954772744966e-05, 3.5825982345376285e-05, 3.517090701254677e-05, 3.467693971735568e-05, 3.401535935846927e-05, 3.36208507144805e-05, 3.322519250185704e-05, 3.270673901021414e-05, 3.2345448339388655e-05, 3.215901801459236e-05, 3.18652818486953e-05, 3.16960994172293e-05, 3.163867770694333e-05, 3.150388346634189e-05, 3.142070405722767e-05, 3.139742513793864e-05, 3.131695241757974e-05, 3.126215527892169e-05, 3.1249747152077314e-05]
test_rres [1.0073923657876604, 1.0015715769691034, 0.9993053359463687, 0.9136482847780281, 0.1625360728037609, 0.06339507905892935, 0.059340017897159814, 0.04912843498623509, 0.044345917643862955, 0.04271276704996689, 0.039268586367325935, 0.03754673875028067, 0.036996822438806476, 0.03583457143470865, 0.03517933905104103, 0.034685253329809734, 0.034023514360539714, 0.03362891113519508, 0.03323315806561276, 0.032714580277493875, 0.03235320298914547, 0.03216672796866719, 0.03187292138108162, 0.031703698389024614, 0.03164626291218803, 0.03151143635538203, 0.031428237004445456, 0.031404952504158944, 0.03132446049089197, 0.03126965021491045, 0.03125723911328344]
step_times_seconds [14.189358949661255, 12.146057844161987, 11.85759687423706, 11.99438214302063, 12.046586751937866, 11.783632278442383, 11.830052852630615, 12.195339918136597, 11.813613176345825, 11.820581197738647, 12.160887241363525, 11.6823890209198, 11.777465105056763, 12.160740852355957, 11.77775502204895, 11.88322401046753, 12.135239839553833, 11.767632007598877, 11.858120918273926, 12.235580921173096, 11.775657176971436, 11.819416761398315, 12.390530824661255, 11.70248818397522, 11.720245838165283, 12.357891082763672, 11.740775108337402, 11.746129035949707, 12.432591199874878, 11.747417688369751, 11.92641305923462]
