date 2025-01-27T11:53:35.525986
sample_ratio 0.04
rank 4
seed 0
l2_regularization_strength 0
input_shape (1024, 1344, 33)
input_size 45416448
num_train_samples 1816657
num_test_samples 45416448
num_iterations 10
max_num_richardson_iterations None
num_richardson_iterations None
train_mses [0.001003374578803538, 0.0009974491429377422, 0.000993973422787065, 0.0009899784497178529, 0.0008379291843743917, 0.00020252387352159815, 7.749395083697819e-05, 7.086256624054107e-05, 5.7314421531110595e-05, 5.545219050201434e-05, 5.113446626836921e-05, 4.846607004407135e-05, 4.687624563877254e-05, 4.442041152858873e-05, 4.3386940982961954e-05, 4.3307470957250504e-05, 4.2973633948452046e-05, 4.2839022475083766e-05, 4.283484630004655e-05, 4.277587430769322e-05, 4.274493551022651e-05, 4.274430537278442e-05, 4.272386372354353e-05, 4.270845871257959e-05, 4.270790220376045e-05, 4.269418080282177e-05, 4.268214869455696e-05, 4.268151114809494e-05, 4.266959281913035e-05, 4.2658694451574415e-05, 4.265801727895504e-05]
train_rres [1.0038761769786233, 0.9979477789211597, 0.9944703212191017, 0.9904733510181671, 0.8383480745462296, 0.20262511747128117, 0.07753269092980206, 0.07089799123003053, 0.05734307365151845, 0.055479911672300965, 0.05116002896001599, 0.04849029877459853, 0.0468996795982967, 0.04444261778917173, 0.043408630600059415, 0.04332912084639321, 0.042995116948739955, 0.04286043818159046, 0.04285625991883663, 0.0427972584457247, 0.04276630418160707, 0.04276567372915222, 0.04274522186090223, 0.042729809148801, 0.042729252361776875, 0.042715524101356386, 0.042703485978106075, 0.04270284811292744, 0.04269092382585689, 0.04268002001008511, 0.042679342498939565]
test_mses [0.0010036329340243819, 0.0010017931020599499, 0.0010044516608211198, 0.001001320612860976, 0.0008478243887549996, 0.00020417425983701047, 7.771799821156415e-05, 7.137512917057175e-05, 5.822596994807218e-05, 5.624861622203498e-05, 5.188290712610318e-05, 4.921396611371441e-05, 4.750287651309863e-05, 4.498874194601267e-05, 4.395613095392263e-05, 4.387200303002246e-05, 4.352874428344148e-05, 4.3400003116696494e-05, 4.3395156920522766e-05, 4.333204484969075e-05, 4.330390372556443e-05, 4.3303029837604984e-05, 4.3278685716844805e-05, 4.326553629275258e-05, 4.326482921307405e-05, 4.324745055746662e-05, 4.3237623501949967e-05, 4.323684922288593e-05, 4.322151966281852e-05, 4.32128743415283e-05, 4.3212047407267184e-05]
test_rres [1.0038735496994562, 1.0020332766450646, 1.0046924727816031, 1.0015606741693104, 0.8480276501573798, 0.2042232095333566, 0.07773663068960582, 0.07139224097938819, 0.058239929315676564, 0.056262101529566684, 0.05189534577802436, 0.04922576490117753, 0.0475142650759015, 0.044999527758382014, 0.04396666920328111, 0.0438825211101572, 0.04353918006911155, 0.04341040803735437, 0.043405560679330796, 0.043342433477714395, 0.043314285606902765, 0.043313411509433304, 0.04328906155229924, 0.04327590897570229, 0.04327520172650517, 0.04325781890445719, 0.04324798949295608, 0.04324721502826274, 0.04323188179301458, 0.04322323439905441, 0.04322240726654019]
step_times_seconds [6.766931772232056, 4.8019866943359375, 4.527652025222778, 4.720628976821899, 4.605257034301758, 4.554130792617798, 4.513344049453735, 4.880174875259399, 4.825990915298462, 4.566874980926514, 4.627218961715698, 4.544790983200073, 4.56389307975769, 4.635286092758179, 4.601547002792358, 4.922278881072998, 4.805890798568726, 4.586055755615234, 4.651085138320923, 4.646667242050171, 4.679708957672119, 4.9768967628479, 4.821199178695679, 4.486763954162598, 4.648388147354126, 4.558895111083984, 4.684009075164795, 4.519628047943115, 4.800494909286499, 4.879618883132935, 4.715739727020264]
