date 2025-01-27T11:53:35.525986
sample_ratio 0.01
rank 4
seed 0
l2_regularization_strength 0
input_shape (1024, 1344, 33)
input_size 45416448
num_train_samples 454164
num_test_samples 45416448
num_iterations 10
max_num_richardson_iterations None
num_richardson_iterations None
train_mses [0.0010046358605941708, 0.0009920676812620027, 0.0009795779203283985, 0.0009764920363998544, 0.0009556206157563953, 0.0007990558210623651, 0.0003074742773238143, 8.156445403834778e-05, 6.95084435416873e-05, 6.895959238100754e-05, 6.629787610434632e-05, 6.203105274979718e-05, 6.0083182077053454e-05, 5.6513742754098514e-05, 5.3850627358235187e-05, 5.316896291445997e-05, 5.16649393871371e-05, 5.009416515499525e-05, 4.969871319314642e-05, 4.8689501091370486e-05, 4.781717687868135e-05, 4.7761399209729177e-05, 4.714652476443173e-05, 4.667086010228692e-05, 4.6651049250759013e-05, 4.6311153463142745e-05, 4.607316897831391e-05, 4.605814013735631e-05, 4.590105790116398e-05, 4.579108189293285e-05, 4.577655186106637e-05]
train_rres [1.004015225225721, 0.9914548101561245, 0.978972765040443, 0.9758887874829375, 0.9550302606076079, 0.7985621871763283, 0.30728432848873805, 0.08151406584599862, 0.06946550320861741, 0.06891699111252382, 0.06625691916822905, 0.06199273173539905, 0.06004606440157652, 0.05647883017638511, 0.05381735997722416, 0.053136116646291726, 0.051633022261788314, 0.050063218409146695, 0.049668010746236085, 0.04865942210689983, 0.04778763679121844, 0.04773189358011858, 0.04711739898670865, 0.04664202817661952, 0.04662222956367041, 0.046282543753973164, 0.046044706289168416, 0.046029686732599925, 0.045872701537330945, 0.04576279346913964, 0.04574827241351226]
test_mses [0.0010036329340243819, 0.0010085245807239934, 0.0010208349224324197, 0.0010215292712701758, 0.0010120678900345716, 0.0008460949284866665, 0.0003160261532980367, 8.509593214898938e-05, 7.702618889716416e-05, 7.674137385245584e-05, 7.573700345866971e-05, 7.359711038707992e-05, 7.112468425499188e-05, 6.380386004101494e-05, 6.20539317536442e-05, 6.088168418923168e-05, 5.746620401395904e-05, 5.64191827998514e-05, 5.5839707031355295e-05, 5.3777031046334025e-05, 5.3428497063202905e-05, 5.3386120762450956e-05, 5.239127241751446e-05, 5.235956917247677e-05, 5.242070506838623e-05, 5.197958869861897e-05, 5.212547986644199e-05, 5.223483706927977e-05, 5.2125110417513904e-05, 5.2360895347135e-05, 5.254432698715123e-05]
test_rres [1.0038735496994562, 1.0087663691454303, 1.0210796621930167, 1.0217741774972255, 1.0123105279456306, 0.8462977752601163, 0.3161019188928464, 0.0851163334475777, 0.07704465551759039, 0.07675977218998509, 0.0757551610037218, 0.07361475490411297, 0.07114173602096756, 0.06381915667819738, 0.062068808854797146, 0.06089628025024585, 0.05747998123170869, 0.05643270899981585, 0.05585309430507641, 0.053789923804423205, 0.05344130626211741, 0.05339891980187202, 0.05240383294731911, 0.05237212210159651, 0.05243327265451289, 0.0519920505294346, 0.05213797667389165, 0.05224736009453904, 0.05213760713639014, 0.052373448594198076, 0.05255692421097752]
step_times_seconds [2.464195966720581, 1.166187047958374, 1.155195951461792, 1.1296167373657227, 1.1528041362762451, 1.1506068706512451, 1.1232357025146484, 1.1491100788116455, 1.156325101852417, 1.122223138809204, 1.1413159370422363, 1.1459310054779053, 1.1249380111694336, 1.1431879997253418, 1.1534912586212158, 1.1298792362213135, 1.1504480838775635, 1.152306079864502, 1.1286158561706543, 1.1572959423065186, 1.1551949977874756, 1.1343188285827637, 1.156224012374878, 1.1559491157531738, 1.1417040824890137, 1.1587092876434326, 1.1572151184082031, 1.1398508548736572, 1.1581189632415771, 1.1575450897216797, 1.14215087890625]
