date 2025-01-27T11:53:35.525986
sample_ratio 0.05
rank 16
seed 0
l2_regularization_strength 0
input_shape (1024, 1344, 33)
input_size 45416448
num_train_samples 2270822
num_test_samples 45416448
num_iterations 10
max_num_richardson_iterations None
num_richardson_iterations None
train_mses [0.0010160626670367235, 0.0009928305229599129, 0.0009695486096476001, 0.000842787560513448, 0.00013280690833474023, 6.331984603163922e-05, 5.55343900829103e-05, 4.3518962371949085e-05, 3.495667992885896e-05, 3.288797354167218e-05, 2.8352246202722366e-05, 2.577854616773728e-05, 2.5205017010281845e-05, 2.3839801410124894e-05, 2.2755094196941224e-05, 2.23190907858085e-05, 2.1423696429963724e-05, 2.0849387445971814e-05, 2.070572928847187e-05, 2.0428194905496912e-05, 2.0250334639155962e-05, 2.021048583942183e-05, 2.0075443426642356e-05, 1.9976850149013985e-05, 1.9956425512733698e-05, 1.9870796539047633e-05, 1.9804381782426174e-05, 1.9791838516056625e-05, 1.9730734845138016e-05, 1.968220095053594e-05, 1.9673191488863804e-05]
train_rres [1.0164497409348745, 0.9932087464624516, 0.9699179637946999, 0.8431086244369091, 0.1328575017571523, 0.0633439680276823, 0.055555546172537655, 0.04353554112733031, 0.03496999684208237, 0.032900502371373395, 0.028363047125554257, 0.02578836662731869, 0.02521461898120711, 0.023848883295684055, 0.022763762858136395, 0.022327593349433683, 0.021431857888856938, 0.02085733011913026, 0.020713617234373007, 0.020435977123356878, 0.020258049100302832, 0.020218185119979207, 0.020083091262151288, 0.019984460424945595, 0.019964028007803124, 0.01987836641335289, 0.019811926355714504, 0.019799378310928064, 0.019738251362275847, 0.019689698978456145, 0.0196806860845868]
test_mses [0.0010162763318138244, 0.0010063410716582687, 0.0010027539882857953, 0.0008712478354191103, 0.00013598436604418942, 6.643343507664445e-05, 5.7664475006041617e-05, 4.586783091461458e-05, 3.752356583568754e-05, 3.5028332624565326e-05, 3.0203403475996512e-05, 2.7561864859897073e-05, 2.688577194736177e-05, 2.5451780911654742e-05, 2.4262643321914802e-05, 2.3745031664028276e-05, 2.2773603559145517e-05, 2.2119134504527602e-05, 2.194457710581846e-05, 2.1655460206943004e-05, 2.1450890252013533e-05, 2.1403090783981998e-05, 2.126487334602227e-05, 2.1150243399537266e-05, 2.1125694820090622e-05, 2.103861337644972e-05, 2.0961302355732002e-05, 2.094615784127855e-05, 2.088460630793676e-05, 2.082809626861876e-05, 2.0817190647920113e-05]
test_rres [1.0165199786764887, 1.0065823365949833, 1.0029943932382885, 0.8714567124686465, 0.1360169675750141, 0.06644936214050073, 0.05767829975821047, 0.045878827483903574, 0.0375325619116618, 0.03503673048160594, 0.030210644581853588, 0.027568472670875314, 0.026892217668648605, 0.02545788284119321, 0.024268460162020458, 0.023750724409483122, 0.022779063409862337, 0.02212443744975831, 0.02194983820183826, 0.021660651988719082, 0.021456032989227464, 0.021408222061526882, 0.021269971486669176, 0.021155314058262223, 0.021130759593423806, 0.02104365727246846, 0.020966327716843397, 0.020951179571572894, 0.020889613281577308, 0.020833089694276972, 0.020822181459013583]
step_times_seconds [7.7107672691345215, 6.470384120941162, 6.334784984588623, 6.966539144515991, 6.4047558307647705, 6.267963886260986, 6.271453857421875, 6.389173984527588, 6.325090169906616, 7.111847877502441, 6.5092339515686035, 6.52475118637085, 6.4664552211761475, 6.452224969863892, 7.0035669803619385, 6.3388659954071045, 6.656727075576782, 7.3746747970581055, 6.702398061752319, 6.382091045379639, 6.382307052612305, 6.484063148498535, 7.442843198776245, 6.555060148239136, 6.536020278930664, 6.518951892852783, 6.373492002487183, 6.3775269985198975, 7.320136070251465, 6.488344669342041, 6.443315744400024]
