date 2025-01-27T11:53:35.525986
sample_ratio 0.02
rank 8
seed 0
l2_regularization_strength 0
input_shape (1024, 1344, 33)
input_size 45416448
num_train_samples 908328
num_test_samples 45416448
num_iterations 10
max_num_richardson_iterations None
num_richardson_iterations None
train_mses [0.001006718041321354, 0.0009901254867176383, 0.000976122994579475, 0.0009706043025393286, 0.000821635593362579, 0.000306909022622002, 8.09195974583437e-05, 6.994482130037248e-05, 6.495449700882929e-05, 6.391545484588627e-05, 5.912381627630198e-05, 5.43950016335633e-05, 5.240330705604774e-05, 4.900220693749354e-05, 4.646207347117621e-05, 4.4598267966300315e-05, 4.2336955115460716e-05, 4.028086551003464e-05, 3.929543373093962e-05, 3.8324981991003535e-05, 3.770643925562623e-05, 3.75943848154597e-05, 3.734026725733539e-05, 3.713128279473385e-05, 3.7080000167364824e-05, 3.6901491981481566e-05, 3.6681605717436396e-05, 3.654894134522438e-05, 3.621767681974981e-05, 3.57871365327773e-05, 3.545099753185655e-05]
train_rres [1.007668400939604, 0.9910601826711759, 0.9770444719330306, 0.971520570150091, 0.8224112318798182, 0.30719875016199283, 0.08099598698807588, 0.07001085044750321, 0.06501581520165704, 0.06397579216455383, 0.05917963020349858, 0.05444635147618588, 0.052452776703798804, 0.0490484658866402, 0.04650593448945021, 0.04464036951924698, 0.042376921949122084, 0.04031889135878037, 0.03933252931467474, 0.03836116145114969, 0.03774203480050144, 0.03762987457896355, 0.03737551712937449, 0.0371663353817478, 0.037115004342672446, 0.03693632764190773, 0.03671623380134424, 0.036583444191620865, 0.036251866946581286, 0.03582092022197085, 0.035484463899894146]
test_mses [0.0010071509066972887, 0.0010088216928137875, 0.00102120813280145, 0.0010192849684053844, 0.0008664714191325797, 0.0003206428143936886, 8.274818454882251e-05, 7.385809203333374e-05, 7.415735330398802e-05, 7.326006562010371e-05, 6.927151253981549e-05, 6.59091014982524e-05, 6.304298197449309e-05, 5.88473177941823e-05, 5.6869845733704586e-05, 5.3533667663337713e-05, 4.979324066347895e-05, 4.838921989570882e-05, 4.675568922179072e-05, 4.510290396043665e-05, 4.522580666723355e-05, 4.524693527009171e-05, 4.4837734373695296e-05, 4.518169585973714e-05, 4.5431952413969847e-05, 4.5113326294407834e-05, 4.5181808065795314e-05, 4.539290936197246e-05, 4.4374736258691606e-05, 4.394041720236728e-05, 4.3871339712267e-05]
test_rres [1.0073923657876604, 1.0090635524662728, 1.0214529620372546, 1.0195293365727207, 0.866679151061634, 0.3207196868085203, 0.08276802298737052, 0.07387579911933284, 0.0741751321362902, 0.07327762933244074, 0.06928812001769723, 0.06592490285591307, 0.06305809619519294, 0.05886142612663865, 0.0568834799777182, 0.05354650207634603, 0.049805178328944294, 0.048400820954638636, 0.04676689865040179, 0.04511371714254372, 0.045236649314612985, 0.04525778298294167, 0.04484848398279976, 0.04519252793178434, 0.04544284448369917, 0.045124141975214214, 0.045192640164743315, 0.045403792071337046, 0.04438537486645263, 0.04395095168443714, 0.04388185763337482]
step_times_seconds [3.7361178398132324, 2.3085899353027344, 2.292872190475464, 2.3367209434509277, 2.318178176879883, 2.3022148609161377, 2.345125675201416, 2.3152670860290527, 2.298337936401367, 2.3508880138397217, 2.3167009353637695, 2.2958290576934814, 2.344860076904297, 2.473094940185547, 2.29783296585083, 2.3307950496673584, 2.3062949180603027, 2.2849600315093994, 2.3276350498199463, 2.302767038345337, 2.285391092300415, 2.329965114593506, 2.304785966873169, 2.288363218307495, 2.3348422050476074, 2.3055331707000732, 2.291248083114624, 2.3381099700927734, 2.3098812103271484, 2.287832021713257, 2.3271119594573975]
