date 2025-01-27T11:53:35.525986
sample_ratio 0.09
rank 16
seed 0
l2_regularization_strength 0
input_shape (1024, 1344, 33)
input_size 45416448
num_train_samples 4087480
num_test_samples 45416448
num_iterations 10
max_num_richardson_iterations None
num_richardson_iterations None
train_mses [0.0010161007156931896, 0.0009958870724607579, 0.0009653826865531899, 0.0007103715798628148, 8.74504778264153e-05, 4.9270427825450306e-05, 4.4888982122146475e-05, 3.189188794912473e-05, 2.6105379225571686e-05, 2.509132755963456e-05, 2.3407040320449126e-05, 2.247765266751211e-05, 2.2143134489684053e-05, 2.1525980114846872e-05, 2.1185582000349994e-05, 2.110933772666029e-05, 2.0895648922826616e-05, 2.074061889677284e-05, 2.071409578819436e-05, 2.0578537079032166e-05, 2.0473723457163834e-05, 2.045668828812145e-05, 2.0358209701661255e-05, 2.0281997502060536e-05, 2.0268969320398002e-05, 2.0194841187225233e-05, 2.013802639195317e-05, 2.01268075834084e-05, 2.0069351593989383e-05, 2.002564459336724e-05, 2.0015051427406076e-05]
train_rres [1.0165055859707683, 0.9962838885137699, 0.9657673479851109, 0.7106546308776217, 0.08748532289510302, 0.04929005986731586, 0.044906868355638216, 0.03190459542716017, 0.026115781041031627, 0.02510132532127077, 0.023416366969634065, 0.02248660899766153, 0.022151957529436744, 0.021534557246433977, 0.021194023498650974, 0.021117748845059185, 0.020903974895881167, 0.02074888309735867, 0.020722349420518434, 0.020586736697328533, 0.02048188131196223, 0.020464839355173795, 0.020366321529441334, 0.020290078962718602, 0.02027704558991365, 0.020202887920025288, 0.02014605048662142, 0.020134827207887757, 0.020077348324850003, 0.020033623908960654, 0.02002302652210093]
test_mses [0.0010162763318138244, 0.0010031903464097164, 0.0009825082529870289, 0.0007211334826247549, 8.856465001822031e-05, 5.061015189870351e-05, 4.589391400713875e-05, 3.2779796322477996e-05, 2.6949693196186635e-05, 2.5879151306617213e-05, 2.417814348289815e-05, 2.3217110020945918e-05, 2.2885145664600646e-05, 2.2234082746406353e-05, 2.1873757754963803e-05, 2.179646438860623e-05, 2.157621776246565e-05, 2.1412744024070264e-05, 2.1387788463388404e-05, 2.124679846452803e-05, 2.113859552145762e-05, 2.1123145125635587e-05, 2.1020345932358106e-05, 2.0942195632389625e-05, 2.0930265890352993e-05, 2.0852868740866096e-05, 2.0794425899118308e-05, 2.0783701955089064e-05, 2.0723840902123895e-05, 2.0678445960917908e-05, 2.066778234538529e-05]
test_rres [1.0165199786764887, 1.0034308559767566, 0.982743804131819, 0.7213063705540547, 0.08858588292352804, 0.05062228541430656, 0.045904916829710894, 0.03278765510486102, 0.02695615424225399, 0.025885355695942126, 0.024183940064615387, 0.02322267619998566, 0.0228906322569459, 0.022239413249868643, 0.02187900187241969, 0.02180168997538731, 0.021581390546285776, 0.021417877615928282, 0.021392916072283052, 0.021251892271817924, 0.02114366338766556, 0.02112820928769304, 0.021025385448853972, 0.020947216412765396, 0.020935283810636356, 0.020857868105593196, 0.02079941125248394, 0.02078868473744597, 0.020728809333110713, 0.020683403508708235, 0.020672737336630328]
step_times_seconds [12.737530946731567, 12.693768978118896, 11.003952026367188, 10.971971988677979, 12.573997020721436, 11.207703828811646, 11.080634117126465, 12.473212957382202, 11.272856950759888, 11.106809139251709, 12.628878116607666, 11.785565853118896, 11.148419857025146, 12.371070861816406, 11.387610673904419, 11.29324221611023, 13.012298107147217, 11.33810806274414, 11.215177059173584, 12.545784950256348, 11.688155174255371, 11.274368047714233, 11.620219230651855, 12.515548944473267, 11.215030908584595, 11.527911901473999, 12.441494941711426, 11.302052021026611, 12.785301923751831, 11.550381183624268, 11.30584716796875]
