date 2025-01-27T11:53:35.525986
sample_ratio 0.09
rank 4
seed 0
l2_regularization_strength 0
input_shape (1024, 1344, 33)
input_size 45416448
num_train_samples 4087480
num_test_samples 45416448
num_iterations 10
max_num_richardson_iterations None
num_richardson_iterations None
train_mses [0.0010033847906623138, 0.00099871277939941, 0.0009962979683630642, 0.0009672941494623052, 0.0003936184966104237, 7.728391606521033e-05, 7.268807363336582e-05, 6.530511975744544e-05, 5.90117642233988e-05, 5.4543453655940744e-05, 5.208622553870322e-05, 4.980088983090781e-05, 4.8833065684899426e-05, 4.695622713737625e-05, 4.571776061894321e-05, 4.5473447893999467e-05, 4.438727999724439e-05, 4.37445260125546e-05, 4.3657302669290746e-05, 4.321816199978909e-05, 4.301252202131188e-05, 4.2965591305607905e-05, 4.2818562365472334e-05, 4.275351901879707e-05, 4.272861051288092e-05, 4.2669386593609346e-05, 4.264081710096792e-05, 4.262839630601332e-05, 4.2597399681535154e-05, 4.258004452257427e-05, 4.2573445874777286e-05]
train_rres [1.0037845942176498, 0.9991107213691103, 0.9966949481395492, 0.9676795725259292, 0.3937753358169329, 0.07731471021786314, 0.07271703655022443, 0.06533114090038447, 0.05903527774818284, 0.05456518676062291, 0.05210697954887778, 0.04982073323794226, 0.048852523457690554, 0.04697493707470976, 0.04573597708326234, 0.04549156701072378, 0.044404966325081674, 0.0437619562319371, 0.04367469813410743, 0.04323538248686783, 0.04302966057013993, 0.04298271115466378, 0.042835623630131124, 0.04277055436661768, 0.04274563593578607, 0.0426863884184555, 0.04265780754216063, 0.0426453817980798, 0.042614372822845685, 0.04259701074863721, 0.04259040947157688]
test_mses [0.0010036329340243819, 0.0010006185253605227, 0.0010010237930340436, 0.0009722369185314918, 0.00039486259849735346, 7.761998555637321e-05, 7.296355802942472e-05, 6.588635588618932e-05, 5.9552067755246524e-05, 5.487543333240738e-05, 5.240360709971103e-05, 5.0137564987585014e-05, 4.912540591909672e-05, 4.725103894022996e-05, 4.599166120811846e-05, 4.57393719561048e-05, 4.464833848486244e-05, 4.399296467453342e-05, 4.3903545905032824e-05, 4.346744003417412e-05, 4.3255319027360775e-05, 4.320784486707109e-05, 4.3065823226669615e-05, 4.299588587853069e-05, 4.297107786377683e-05, 4.2916606874314365e-05, 4.288379762940606e-05, 4.2871673304462975e-05, 4.2844625331891234e-05, 4.282361573848118e-05, 4.281733447941606e-05]
test_rres [1.0038735496994562, 1.000858418347101, 1.001263783181398, 0.9724700071783007, 0.3949572647119406, 0.07763859453640042, 0.07298105065563884, 0.06590215179071007, 0.05956634504776974, 0.05488858942662136, 0.05241617058669035, 0.05014958520298159, 0.049137183474722686, 0.04726236712630988, 0.04600268746506382, 0.04575033772803953, 0.044659042687306666, 0.04400351175458114, 0.04391407154740462, 0.04347786112247543, 0.043265689260775286, 0.04321820371880736, 0.043076148029470546, 0.04300619391422318, 0.042981379951879305, 0.0429268959032859, 0.042894078792535074, 0.042881951560849355, 0.04285489710366959, 0.0428338824733209, 0.04282759970835722]
step_times_seconds [12.817107915878296, 10.570762157440186, 10.41592288017273, 10.681149244308472, 10.470754146575928, 10.244800090789795, 10.691398859024048, 10.643809080123901, 10.272125959396362, 10.864215850830078, 10.600984811782837, 10.350275039672852, 10.50220012664795, 11.015086889266968, 10.351413011550903, 10.78416395187378, 10.72751522064209, 10.367854833602905, 10.430426836013794, 11.080947875976562, 10.396353960037231, 10.472030878067017, 11.02314019203186, 10.392739057540894, 10.492492198944092, 11.058337926864624, 10.462297916412354, 10.411890745162964, 10.633413076400757, 10.58798885345459, 10.433938980102539]
