date 2025-01-27T11:53:35.525986
sample_ratio 0.01
rank 2
seed 0
l2_regularization_strength 0
input_shape (1024, 1344, 33)
input_size 45416448
num_train_samples 454164
num_test_samples 45416448
num_iterations 10
max_num_richardson_iterations None
num_richardson_iterations None
train_mses [0.0010024350248142415, 0.0009963011391890466, 0.0009892354957390275, 0.0009879734147486177, 0.0009836947896892515, 0.0009776779240035845, 0.0009550212900850406, 0.0007446615935329647, 0.000251701565062308, 8.079652154490713e-05, 7.243063340770233e-05, 6.320425564748209e-05, 6.268968962994668e-05, 5.6408033443567556e-05, 5.561202340821331e-05, 5.534134070787773e-05, 5.51083269792967e-05, 5.503858782390674e-05, 5.5024495724648214e-05, 5.499433472939707e-05, 5.498031616151179e-05, 5.49794220141708e-05, 5.497093898419975e-05, 5.496523058553367e-05, 5.4965004295586815e-05, 5.496036276035017e-05, 5.495637107662035e-05, 5.4956191863640224e-05, 5.495245013155588e-05, 5.49489444707332e-05, 5.4948771909409625e-05]
train_rres [1.001815749059338, 0.9956856527736583, 0.9886243742765519, 0.987363072963766, 0.9830870911168754, 0.9770739424791441, 0.9544313051825519, 0.7442015628486136, 0.2515460710174513, 0.08074660775934026, 0.07238588782911483, 0.06316520986180989, 0.0626509617284775, 0.05637318617004989, 0.05557766788698218, 0.055307152406695224, 0.05507428262734691, 0.05500458655481722, 0.05499050316125551, 0.05496036079860662, 0.05494635089099257, 0.054945457296030294, 0.054936979506633114, 0.05493127463445284, 0.054931048484301456, 0.05492640981647284, 0.05492242059869133, 0.05492224149642387, 0.05491850207587484, 0.054914998580749386, 0.05491482612602928]
test_mses [0.0010017050552629566, 0.0010041273204614582, 0.0010110976449127346, 0.001011916316679102, 0.001015082681947671, 0.0010137122100719418, 0.000985393684114205, 0.0007599311999299863, 0.00025732405683657203, 8.187046741990047e-05, 7.37677433441143e-05, 6.499305205878964e-05, 6.45084043169511e-05, 5.8155990098045666e-05, 5.726432804971015e-05, 5.697669044742687e-05, 5.674016089986647e-05, 5.664464377642915e-05, 5.6631148084730846e-05, 5.660591949921932e-05, 5.6581154647455926e-05, 5.6581105752402006e-05, 5.657768127378028e-05, 5.6564948004329046e-05, 5.656530784268116e-05, 5.6565090027228813e-05, 5.65556966812912e-05, 5.6555987318031886e-05, 5.6556109697742526e-05, 5.654812386716467e-05, 5.654836776051306e-05]
test_rres [1.0019452087393188, 1.0043680546630598, 1.0113400502126695, 1.0121589182512525, 1.015326042639108, 1.0139552422000122, 0.9856299270258105, 0.7601133894063201, 0.25738574891497, 0.08189009543042011, 0.07378542876949416, 0.06500863379845372, 0.06452386986488848, 0.058169932688352015, 0.05727805686876764, 0.05699035030689416, 0.05675376405262871, 0.056658224029467436, 0.0566447251022486, 0.056619490468317456, 0.056594719679312136, 0.05659467077253589, 0.05659124547291357, 0.05657850915072849, 0.056578869075349945, 0.05657865120767749, 0.05656925560973499, 0.05656954631615429, 0.05656966872520482, 0.05656168098006642, 0.05656192493188695]
step_times_seconds [2.4669508934020996, 1.151007890701294, 1.1439988613128662, 1.1214430332183838, 1.1404783725738525, 1.1421680450439453, 1.1214730739593506, 1.1411209106445312, 1.1468257904052734, 1.1309328079223633, 1.1502530574798584, 1.1496009826660156, 1.1333198547363281, 1.1527438163757324, 1.1490750312805176, 1.1320219039916992, 1.153777837753296, 1.1461520195007324, 1.1303718090057373, 1.1594581604003906, 1.15004301071167, 1.1347301006317139, 1.1551768779754639, 1.1534490585327148, 1.138103723526001, 1.1558642387390137, 1.1556851863861084, 1.1446881294250488, 1.158027172088623, 1.1561260223388672, 1.1440410614013672]
