date 2025-01-27T11:53:35.525986
sample_ratio 0.01
rank 1
seed 0
l2_regularization_strength 0
input_shape (1024, 1344, 33)
input_size 45416448
num_train_samples 454164
num_test_samples 45416448
num_iterations 10
max_num_richardson_iterations None
num_richardson_iterations None
train_mses [0.0010014057740592081, 0.000998309690365291, 0.0009945013088013175, 0.0009941170661210762, 0.0009920914575099007, 0.0009908232504456578, 0.000990676018271081, 0.0009898693471683238, 0.0009892616991619924, 0.0009891628384207814, 0.0009887084107669754, 0.000988309838673024, 0.0009882278069866513, 0.0009879035455687493, 0.0009876006007899566, 0.0009875259148635612, 0.0009872777290513095, 0.0009870393598770588, 0.0009869711057699387, 0.000986775966322146, 0.0009865817115461927, 0.0009865188655284536, 0.00098635386087749, 0.0009861766540808603, 0.000986102877137288, 0.000985912886039293, 0.0009856228935171372, 0.0009852538529650163, 0.0009838752807148669, 0.000976729475216822, 0.0009302434968758864]
train_rres [1.0007871341460526, 0.9976929631242979, 0.9938869342697866, 0.9935029289637092, 0.991478571715735, 0.9902111481136293, 0.9900640068948889, 0.9892578341305215, 0.9886505615117899, 0.988551761843924, 0.9880976149225558, 0.9876992890550713, 0.9876173080455336, 0.9872932469470832, 0.9869904893189306, 0.9869158495313695, 0.9866678170412309, 0.9864295951246543, 0.9863613831829742, 0.9861663642867643, 0.9859722295158685, 0.9859094223226061, 0.9857445196068078, 0.9855674222834803, 0.9854936909171985, 0.9853038171902829, 0.9850140038172326, 0.9846451912478346, 0.9832674706402853, 0.9761260796169791, 0.9296688189870341]
test_mses [0.0010004559754344274, 0.0010020933626771194, 0.001005951509193717, 0.0010063261872126253, 0.0010084984141500762, 0.0010099034505555455, 0.001010053423723616, 0.001010957808287003, 0.001011669088017516, 0.0010117732307267004, 0.0010122934568900634, 0.0010128123689824042, 0.0010129085076277602, 0.0010132985719876894, 0.0010137679448333746, 0.0010138719638961107, 0.0010141931311489995, 0.0010146317729060892, 0.0010147479151380889, 0.0010150232487155754, 0.0010154183402830731, 0.0010155378924125921, 0.0010157805694644558, 0.0010161118193081611, 0.001016191896712353, 0.0010163703477904542, 0.001016507199325569, 0.0010159979748816897, 0.0010147521486242224, 0.0010077483457989272, 0.0009459269835454002]
test_rres [1.0006958294505228, 1.0023336092481254, 1.0061926807348962, 1.006567448580873, 1.0087401962982159, 1.0101455695537145, 1.0102955786770569, 1.011200180061848, 1.0119116303179057, 1.0120157979947526, 1.0125361488795803, 1.013055185378344, 1.0131513470724307, 1.013541504948222, 1.0140109903235586, 1.0141150343243135, 1.0144362785753485, 1.0148750254944738, 1.014991195570958, 1.01526659515821, 1.0156617814468163, 1.0157813622383247, 1.016024097470725, 1.0163554267298243, 1.0164355233321494, 1.0166140171929503, 1.016750901537495, 1.0162415550097552, 1.0149954300720474, 1.0079899481221561, 0.946153764524781]
step_times_seconds [2.4801137447357178, 1.117318868637085, 1.1300058364868164, 1.1196649074554443, 1.139153003692627, 1.1347010135650635, 1.1228539943695068, 1.1401867866516113, 1.1394050121307373, 1.1242671012878418, 1.1385619640350342, 1.1414341926574707, 1.1266181468963623, 1.142880916595459, 1.143679141998291, 1.1244966983795166, 1.1422479152679443, 1.1392481327056885, 1.1222858428955078, 1.1382930278778076, 1.1492772102355957, 1.122879981994629, 1.1537749767303467, 1.1446959972381592, 1.1334547996520996, 1.145730972290039, 1.1438581943511963, 1.130997896194458, 1.1463427543640137, 1.144700050354004, 1.1356289386749268]
