date 2025-01-27T11:53:35.525986
sample_ratio 0.03
rank 4
seed 0
l2_regularization_strength 0
input_shape (1024, 1344, 33)
input_size 45416448
num_train_samples 1362493
num_test_samples 45416448
num_iterations 10
max_num_richardson_iterations None
num_richardson_iterations None
train_mses [0.0010028556245121596, 0.0009961216624355888, 0.000991546403091402, 0.0009889340492226038, 0.0009144627775138184, 0.00036214529242078856, 8.834333832530658e-05, 7.240962724034756e-05, 5.7933571094591196e-05, 5.537467496407708e-05, 5.138206598013313e-05, 5.051683295936953e-05, 5.043198488512899e-05, 4.998094411937435e-05, 4.965439468210294e-05, 4.956212837766424e-05, 4.9187850945990065e-05, 4.8705534528696915e-05, 4.832933549797419e-05, 4.715764885211978e-05, 4.5718554211111795e-05, 4.503586922573421e-05, 4.4134735321618754e-05, 4.360441151071453e-05, 4.346444809517397e-05, 4.31460686546947e-05, 4.297221955176913e-05, 4.293682293209894e-05, 4.281891949437078e-05, 4.2749211258967304e-05, 4.274054944366516e-05]
train_rres [1.0039360515654334, 0.9971948346511519, 0.9926146461488187, 0.989999477859157, 0.9154479744852354, 0.3625354498488207, 0.08843851506896756, 0.07248763779169287, 0.0579959858589635, 0.05543433290030946, 0.051437422476902084, 0.05057125729687232, 0.050486317811512776, 0.05003479111674349, 0.04970788987125799, 0.04961552416366595, 0.049240843503996906, 0.04875800746284889, 0.048381403133895516, 0.04720845417079504, 0.045767809120391766, 0.04508438864397335, 0.0441822839027555, 0.04365138874720476, 0.04351127454200223, 0.04319255209525935, 0.04301851569590806, 0.04298308094167039, 0.04286505048060939, 0.04279526714500052, 0.04278659599788695]
test_mses [0.0010036329340243819, 0.0010025473599726495, 0.0010065088815668678, 0.0010051914190774057, 0.0009308320256708823, 0.0003675601922849702, 8.893339581203976e-05, 7.316725876045585e-05, 5.907956098276964e-05, 5.640629732408313e-05, 5.2412814356603235e-05, 5.1698782944461995e-05, 5.166771930117078e-05, 5.131528458902816e-05, 5.110568542271809e-05, 5.1080394031970625e-05, 5.075436620881194e-05, 5.029429209417856e-05, 4.984811306983775e-05, 4.84919099647277e-05, 4.6867761170543625e-05, 4.5998109503873785e-05, 4.5061474129506876e-05, 4.442562259146509e-05, 4.426699042543373e-05, 4.394947328195206e-05, 4.3747052135335965e-05, 4.3707607254940546e-05, 4.359528904269535e-05, 4.35164522087306e-05, 4.3506413598505596e-05]
test_rres [1.0038735496994562, 1.0027877153871, 1.0067501867351183, 1.0054324083910091, 0.9310551877141401, 0.36764831289241423, 0.0889547171221966, 0.07318480022284031, 0.05909372499429919, 0.05641982043482308, 0.05242538005097357, 0.05171117745358678, 0.05168010636295178, 0.051327587156455384, 0.0511179377398564, 0.051092640285632096, 0.050766534299031274, 0.05030634988406804, 0.0498600638906716, 0.04850353564305715, 0.04687899746781025, 0.04600913730676387, 0.04507227737903162, 0.04443627339895462, 0.04427760320170246, 0.043960009935168985, 0.043757540259156145, 0.043718085922059766, 0.04360574078211865, 0.04352688504744092, 0.043516844030512335]
step_times_seconds [4.9490721225738525, 3.4728429317474365, 3.383310079574585, 3.35632586479187, 3.591085195541382, 3.3461132049560547, 3.470453977584839, 3.727613925933838, 3.603092908859253, 3.508342981338501, 3.3724863529205322, 3.468571901321411, 3.4211719036102295, 3.4140169620513916, 3.5450170040130615, 3.684556007385254, 3.6599009037017822, 3.361480951309204, 3.4261534214019775, 3.505728006362915, 3.3347549438476562, 3.493354082107544, 3.4554460048675537, 3.383457899093628, 3.5996627807617188, 3.722867012023926, 3.552278995513916, 3.422456741333008, 3.4593701362609863, 3.5380301475524902, 3.342716932296753]
