date 2025-01-27T11:53:35.525986
sample_ratio 0.3
rank 16
seed 0
l2_regularization_strength 0
input_shape (1024, 1344, 33)
input_size 45416448
num_train_samples 13624934
num_test_samples 45416448
num_iterations 10
max_num_richardson_iterations None
num_richardson_iterations None
train_mses [0.0010162476461319314, 0.0009987399920127812, 0.0009228831620578775, 0.00035583629577334364, 6.21525221086273e-05, 3.584037069707975e-05, 3.214533892289454e-05, 2.6118186354452106e-05, 2.426382441365607e-05, 2.393666721823683e-05, 2.300746404266599e-05, 2.2529479610022376e-05, 2.241178786026964e-05, 2.2022137629122234e-05, 2.173575882598511e-05, 2.15747692391759e-05, 2.122338418995959e-05, 2.099034182359559e-05, 2.0863337435784033e-05, 2.0675402853573198e-05, 2.0540290019565905e-05, 2.0491191759636704e-05, 2.0372969701468e-05, 2.0276010690566335e-05, 2.024595419018535e-05, 2.015622770865618e-05, 2.008018990327912e-05, 2.0060749599228556e-05, 1.998722421340627e-05, 1.9924921593145752e-05, 1.990982866877244e-05]
train_rres [1.0165374919136125, 0.9990248444055841, 0.9231463791905569, 0.35593778447020946, 0.06217024873896449, 0.035850592792353454, 0.032154507151645646, 0.02612563556839992, 0.024270744741767547, 0.023943494237268183, 0.023014026042022476, 0.022535905282596663, 0.022418179965772618, 0.022028418601796263, 0.021741958120056127, 0.021580922617123216, 0.021229437348757912, 0.02099632851597, 0.02086928790501323, 0.020681299721649078, 0.020546148351872344, 0.020497036088541924, 0.020378780312051713, 0.020281793647299717, 0.020251728574451303, 0.020161976501874245, 0.020085917009620743, 0.020066471160966808, 0.019992924804839687, 0.019930604415139073, 0.01991550718608621]
test_mses [0.0010162763318138244, 0.0010004313701523486, 0.0009265423255387643, 0.00035635845408300403, 6.234460594210109e-05, 3.606714127853993e-05, 3.2331915982709596e-05, 2.629755413120156e-05, 2.4431129694068904e-05, 2.4100927455096016e-05, 2.316152083169891e-05, 2.2671964379736692e-05, 2.2552596945584022e-05, 2.21605951452126e-05, 2.1869733222310917e-05, 2.170768910651842e-05, 2.1356802112102064e-05, 2.111902217000289e-05, 2.099166107300479e-05, 2.0804031073622346e-05, 2.0666696837436673e-05, 2.0616676136401117e-05, 2.049872691957181e-05, 2.0400606046586598e-05, 2.0369471783283577e-05, 2.0279927018661582e-05, 2.0203306388827493e-05, 2.018309701176522e-05, 2.0109751083996345e-05, 2.0047331756294548e-05, 2.003169826781965e-05]
test_rres [1.0165199786764887, 1.0006712182694582, 0.9267644591491575, 0.35644388913310127, 0.06235955273084968, 0.03607578818444799, 0.03233966738815564, 0.026303858830385465, 0.024436986927889037, 0.024106705524679955, 0.023167073683525247, 0.0226773998629991, 0.02255800381113693, 0.022165908030412105, 0.02187497637490644, 0.021712893409896274, 0.02136192229218327, 0.02112408534360359, 0.0209966937124577, 0.020809018729777647, 0.020671651568436936, 0.020621618875203498, 0.020503641380674772, 0.02040549698373046, 0.020374355256152877, 0.02028478902364829, 0.02020815002442441, 0.020187935802271132, 0.020114572290204923, 0.020052137997800232, 0.020036500761279354]
step_times_seconds [41.27902293205261, 39.635844707489014, 39.245063066482544, 35.91453218460083, 38.437352895736694, 39.50116801261902, 36.030144929885864, 40.023260831832886, 39.423372745513916, 36.06622886657715, 39.95011782646179, 39.63446497917175, 35.99604296684265, 40.14334511756897, 39.724098682403564, 35.947120904922485, 39.25703716278076, 39.69859290122986, 36.59619617462158, 39.72496199607849, 38.33055114746094, 35.983482122421265, 40.10450100898743, 39.64389395713806, 35.5725622177124, 37.49897480010986, 38.96192193031311, 34.23760795593262, 37.3528618812561, 37.03952121734619, 34.180275201797485]
