date 2025-01-27T11:53:35.525986
sample_ratio 0.02
rank 4
seed 0
l2_regularization_strength 0
input_shape (1024, 1344, 33)
input_size 45416448
num_train_samples 908328
num_test_samples 45416448
num_iterations 10
max_num_richardson_iterations None
num_richardson_iterations None
train_mses [0.0010029150688405236, 0.00099490762976855, 0.0009884184966152292, 0.0009866612829669379, 0.0009657680452953278, 0.0007264929924203071, 0.00019262346050814963, 7.54975058952299e-05, 6.194823610232994e-05, 6.103083176380709e-05, 5.2711791665725045e-05, 5.022322228516093e-05, 5.0147890356192324e-05, 4.882769676060692e-05, 4.808640744488042e-05, 4.803013068374365e-05, 4.7604566392296854e-05, 4.737575320954486e-05, 4.7355837830777605e-05, 4.722731670071679e-05, 4.715061114908372e-05, 4.713937986137056e-05, 4.709074287930609e-05, 4.7054297115986254e-05, 4.704504322284422e-05, 4.7017276508322004e-05, 4.699143995225178e-05, 4.698302642522814e-05, 4.6960975882716776e-05, 4.693823444427211e-05, 4.693057726267688e-05]
train_rres [1.0038618383855584, 0.995846840149621, 0.98935158113995, 0.9875927086509273, 0.9666797473938021, 0.7271788146412256, 0.1928053004582455, 0.07556877687472603, 0.062006716331745704, 0.06108844594731808, 0.05276155252839812, 0.05027063389436936, 0.05019523085072879, 0.04887379096906326, 0.04813180186312521, 0.0480754719757316, 0.04764950594407458, 0.04742047675763526, 0.04740054257839858, 0.04727190012212021, 0.04719512215909112, 0.04718388026884392, 0.04713519737260903, 0.04709871720384468, 0.04708945457486402, 0.0470616616480727, 0.04703580070183705, 0.04702737923229525, 0.04700530787368215, 0.04698254496691778, 0.04697488055680783]
test_mses [0.0010036329340243819, 0.0010039126711629015, 0.001009997515540731, 0.001010166475884062, 0.0009936596115416984, 0.0007458913151835374, 0.0001944391105052316, 7.676804362936334e-05, 6.395858248423356e-05, 6.302587725377604e-05, 5.4482496254221294e-05, 5.2132397535778345e-05, 5.207276375750267e-05, 5.08135952794917e-05, 5.021951976518647e-05, 5.018223606183491e-05, 4.9830527514941e-05, 4.9737265098968434e-05, 4.976566886798214e-05, 4.969778781147563e-05, 4.972556553006125e-05, 4.979938801384228e-05, 4.9809687986234074e-05, 4.98668395680472e-05, 4.9979933812755254e-05, 5.0022178842468825e-05, 5.009616206718966e-05, 5.024652350653258e-05, 5.0307698749694856e-05, 5.040316735107466e-05, 5.058340194128674e-05]
test_rres [1.0038735496994562, 1.0041533539034717, 1.0102396570904817, 1.010408657941159, 0.993897836165582, 0.746070138671937, 0.19448572625113728, 0.0767864483608302, 0.06397391621530149, 0.06304098737370979, 0.05449555814385397, 0.05214489600170255, 0.05208524792654468, 0.050825777569566716, 0.05023155962880649, 0.05019426698688471, 0.04984247411973129, 0.04974918934458895, 0.049777599923255686, 0.049709702592625755, 0.04973748697077215, 0.049811327153102276, 0.04982162959485785, 0.04987879487845972, 0.04999191623691336, 0.050034171394648844, 0.05010817235645557, 0.05025856984415642, 0.050319759753758915, 0.050415251243229764, 0.05059552904372932]
step_times_seconds [3.738957166671753, 2.287757158279419, 2.269256830215454, 2.2678699493408203, 2.3034732341766357, 2.271703004837036, 2.2668099403381348, 2.285928964614868, 2.2730700969696045, 2.2822232246398926, 2.300316095352173, 2.268656015396118, 2.2802088260650635, 2.2955682277679443, 2.254650115966797, 2.253450870513916, 2.2761449813842773, 2.2517898082733154, 2.251791000366211, 2.2823359966278076, 2.253419876098633, 2.249635934829712, 2.277372121810913, 2.2555127143859863, 2.2495386600494385, 2.272569179534912, 2.2633800506591797, 2.259261131286621, 2.2787129878997803, 2.2579541206359863, 2.2628543376922607]
