date 2025-01-27T19:49:41.302964
sample_ratio 1.0
rank 16
seed 0
l2_regularization_strength 0
input_shape (1024, 1344, 33)
input_size 45416448
num_train_samples 45416448
num_test_samples 45416448
num_iterations 10
max_num_richardson_iterations None
num_richardson_iterations None
train_mses [0.0010162763318138281, 0.0009996103826862039, 0.0007085304008149373, 5.8986697805306574e-05, 4.020288402887235e-05, 3.096844223943627e-05, 2.9172835389126884e-05, 2.5220407955187077e-05, 2.4020940914563396e-05, 2.369753558675053e-05, 2.301536593899336e-05, 2.2703370403846778e-05, 2.2570512389993264e-05, 2.225912289906181e-05, 2.211256179148559e-05, 2.202962434059072e-05, 2.1847865944048644e-05, 2.1757895264486932e-05, 2.170095487926815e-05, 2.1575087978338542e-05, 2.1508254480390917e-05, 2.1466450826556097e-05, 2.1369523585850645e-05, 2.1313771392658735e-05, 2.1281735469011703e-05, 2.1201698610145867e-05, 2.115216517033291e-05, 2.112696569591522e-05, 2.1058119375842687e-05, 2.1013100796571983e-05, 2.0992894088631583e-05]
train_rres [1.0165199786764891, 0.9998500339759177, 0.7087002672221874, 0.059000839553381465, 0.04021252245717862, 0.030975866759280858, 0.0291798294217487, 0.0252264544142858, 0.024026699807798223, 0.02370321694527258, 0.02302088375095895, 0.022708813416536893, 0.022575923550678917, 0.022264459405767874, 0.02211786316094312, 0.022034905826234102, 0.021853103854080062, 0.021763111604524918, 0.021706157568150655, 0.021580260491298842, 0.02151341097037441, 0.021471597294335208, 0.02137464681583767, 0.021318881256353013, 0.021286837652263132, 0.021206781604984706, 0.02115723628979216, 0.021132030773934076, 0.0210631679483213, 0.021018138576084887, 0.020997927023693387]
test_mses [0.0010162763318138244, 0.0009996103826862036, 0.0007085304008149357, 5.898669780530652e-05, 4.020288402887233e-05, 3.09684422394363e-05, 2.917283538912702e-05, 2.5220407955187168e-05, 2.402094091456338e-05, 2.3697535586750494e-05, 2.301536593899331e-05, 2.2703370403846713e-05, 2.257051238999329e-05, 2.225912289906191e-05, 2.2112561791485644e-05, 2.2029624340590707e-05, 2.1847865944048685e-05, 2.175789526448695e-05, 2.1700954879268136e-05, 2.1575087978338627e-05, 2.150825448039089e-05, 2.146645082655603e-05, 2.1369523585850676e-05, 2.1313771392658687e-05, 2.1281735469011707e-05, 2.1201698610145864e-05, 2.1152165170332876e-05, 2.1126965695915195e-05, 2.105811937584271e-05, 2.101310079657196e-05, 2.0992894088631597e-05]
test_rres [1.0165199786764887, 0.9998500339759205, 0.7087002672221879, 0.059000839553381604, 0.04021252245717874, 0.030975866759280983, 0.02917982942174893, 0.02522645441428597, 0.024026699807798278, 0.023703216945272616, 0.023020883750958974, 0.0227088134165369, 0.022575923550679014, 0.022264459405768048, 0.022117863160943246, 0.022034905826234158, 0.021853103854080177, 0.021763111604525005, 0.021706157568150707, 0.021580260491298995, 0.02151341097037445, 0.02147159729433521, 0.021374646815837766, 0.021318881256353034, 0.0212868376522632, 0.02120678160498477, 0.021157236289792197, 0.021132030773934118, 0.02106316794832139, 0.021018138576084932, 0.020997927023693467]
step_times_seconds [131.0889048576355, 126.0573160648346, 131.39121675491333, 132.22620391845703, 126.67165279388428, 130.28124475479126, 126.88867402076721, 126.92835879325867, 125.28108191490173, 126.18643403053284, 126.12616872787476, 126.71266674995422, 135.31912899017334, 126.83599615097046, 124.74448704719543, 129.8069670200348, 125.99102520942688, 124.1559009552002, 130.37149715423584, 126.35406589508057, 128.27335906028748, 127.53143215179443, 125.99548888206482, 127.13036012649536, 131.16302585601807, 128.45449209213257, 126.22912788391113, 125.71918106079102, 127.22848176956177, 126.06323909759521, 128.9162540435791]
