date 2025-01-27T11:53:35.525986
sample_ratio 0.03
rank 1
seed 0
l2_regularization_strength 0
input_shape (1024, 1344, 33)
input_size 45416448
num_train_samples 1362493
num_test_samples 45416448
num_iterations 10
max_num_richardson_iterations None
num_richardson_iterations None
train_mses [0.0009996001782741485, 0.000998120778592109, 0.000996829080686994, 0.0009966692404391165, 0.0009960070022720445, 0.0009955231901097458, 0.0009954606148010604, 0.00099515404788643, 0.000994914275230525, 0.000994874719907972, 0.0009946885671427209, 0.0009944779323996064, 0.0009940760321410999, 0.00099039895720233, 0.0009297553481888732, 0.0005191256881577651, 0.0001134898019236085, 7.352635612604654e-05, 7.331640833212896e-05, 7.325930552403111e-05, 7.325829182168256e-05, 7.325826964222934e-05, 7.325825706841184e-05, 7.325825673017047e-05, 7.325825671912408e-05, 7.325825671213386e-05, 7.325825671193855e-05, 7.325825671193205e-05, 7.325825671192794e-05, 7.325825671192783e-05, 7.325825671192783e-05]
train_rres [1.0006770980706448, 0.9991961045565522, 0.9979030150399956, 0.9977430025881397, 0.9970800509584179, 0.9965957175608225, 0.9965330748365944, 0.9962261776419314, 0.995986146666825, 0.9959465487293238, 0.9957601954122894, 0.9955493337417198, 0.9951470004957509, 0.991465964058293, 0.9307570206196362, 0.5196849685006438, 0.11361207022352315, 0.07360556978586509, 0.07339539580457738, 0.07333823147673812, 0.07333721668227682, 0.07333719447892853, 0.07333718189156462, 0.07333718155295885, 0.07333718154190055, 0.0733371815349028, 0.0733371815347073, 0.07333718153470078, 0.07333718153469668, 0.07333718153469655, 0.07333718153469657]
test_mses [0.0010004559754344274, 0.0010005717003995847, 0.001001888510991921, 0.0010020532966174037, 0.0010027177810144727, 0.001003202444195337, 0.0010032599921843922, 0.0010035396786969141, 0.0010037743736645579, 0.0010037945453899297, 0.0010039342274277534, 0.0010039772191576765, 0.0010034818141108931, 0.000999679115503573, 0.0009365734755555076, 0.0005215085986422255, 0.0001140555052535114, 7.38748252732943e-05, 7.36633980907572e-05, 7.35997556725447e-05, 7.359979391417534e-05, 7.359979555470199e-05, 7.35995672670916e-05, 7.359958706425021e-05, 7.359958860291212e-05, 7.359958342514802e-05, 7.359958385667447e-05, 7.359958390015948e-05, 7.359958377584912e-05, 7.359958378589625e-05, 7.359958378699048e-05]
test_rres [1.0006958294505228, 1.000811582160127, 1.0021287084508215, 1.0022935335827843, 1.0029581772864646, 1.003442956662757, 1.0035005184486376, 1.0037802720145181, 1.004015023249036, 1.0040351998104722, 1.004174915336324, 1.0042179173732861, 1.0037223935557695, 0.9999187832716184, 0.9367980140809363, 0.5216336275639212, 0.11408284945621953, 0.07389253637099896, 0.07368105849991577, 0.07361740082377091, 0.07361743907456976, 0.07361744071548973, 0.07361721237314858, 0.07361723217505348, 0.07361723371408427, 0.07361722853507882, 0.07361722896670872, 0.07361722901020415, 0.07361722888586401, 0.07361722889591353, 0.07361722889700803]
step_times_seconds [4.970849990844727, 3.388705015182495, 3.326786994934082, 3.3553168773651123, 3.3715550899505615, 3.32938814163208, 3.35640287399292, 3.3783719539642334, 3.3296310901641846, 3.3498082160949707, 3.373032808303833, 3.328171968460083, 3.3496079444885254, 3.363452911376953, 3.3286023139953613, 3.3516759872436523, 3.3628368377685547, 3.312713861465454, 3.3566231727600098, 3.370285987854004, 3.323590040206909, 3.3524491786956787, 3.4054970741271973, 3.3385751247406006, 3.348257064819336, 3.3974721431732178, 3.35300612449646, 3.3809399604797363, 3.378437042236328, 3.32684326171875, 3.3510541915893555]
