date 2025-01-27T11:53:35.525986
sample_ratio 0.02
rank 2
seed 0
l2_regularization_strength 0
input_shape (1024, 1344, 33)
input_size 45416448
num_train_samples 908328
num_test_samples 45416448
num_iterations 10
max_num_richardson_iterations None
num_richardson_iterations None
train_mses [0.0010007998127102998, 0.0009969693144557294, 0.0009934959328908204, 0.0009927497050378636, 0.0009896666838132401, 0.0009722150608145738, 0.0007933673893420809, 0.00023675934949513294, 7.168325057034806e-05, 6.962375632771006e-05, 5.799187182733256e-05, 5.673853892319067e-05, 5.65285794227865e-05, 5.642771829726298e-05, 5.63974250204683e-05, 5.639680481927731e-05, 5.638745763952698e-05, 5.638322891729388e-05, 5.6383195664421865e-05, 5.6380973816601466e-05, 5.637954399951066e-05, 5.637952754755873e-05, 5.637844940582629e-05, 5.63775190344145e-05, 5.6377506940624406e-05, 5.637664621933437e-05, 5.637580882410081e-05, 5.6375797774959566e-05, 5.6374973702487663e-05, 5.637414686931428e-05, 5.637413597511415e-05]
train_rres [1.0017445854161742, 0.9979104711035722, 0.9944338106050964, 0.9936868782998616, 0.9906009466487296, 0.9731328490096077, 0.7941163421752667, 0.2369828545042494, 0.07175092082542517, 0.06968948238383385, 0.05804661717896952, 0.05679210110642156, 0.056581943400539327, 0.05648098706033124, 0.056450665186148025, 0.05645004439947616, 0.056440688395822995, 0.05643645568160139, 0.05643642239733808, 0.05643419845205408, 0.05643276728519067, 0.05643275081770781, 0.056431671658190526, 0.056430740408491685, 0.056430728303284834, 0.0564298667694587, 0.05642902858370924, 0.05642901752413741, 0.056428192673726535, 0.05642736506000803, 0.05642735415552358]
test_mses [0.0010017050552629566, 0.0010018510903857052, 0.001005245986997228, 0.0010055618805689705, 0.0010060474797220266, 0.0009897987516580276, 0.0008005182454406831, 0.0002384142542485164, 7.239289203800693e-05, 7.021444567336948e-05, 5.8702696645450915e-05, 5.749455178602724e-05, 5.728753380029975e-05, 5.719659734974046e-05, 5.7168987849897266e-05, 5.716904987070954e-05, 5.7160062544144026e-05, 5.715791532041032e-05, 5.715805559494691e-05, 5.715456214948439e-05, 5.715514979903637e-05, 5.715522612145744e-05, 5.715249443381386e-05, 5.715346001590296e-05, 5.715352043149348e-05, 5.7150935868483546e-05, 5.715190446764229e-05, 5.715195867922888e-05, 5.71494095748022e-05, 5.7150334405610557e-05, 5.7150386055076165e-05]
test_rres [1.0019452087393188, 1.0020912788732137, 1.0054869893932006, 1.0058029586987525, 1.006288674271631, 0.9900360506612228, 0.8007101654460018, 0.23847141280199602, 0.07241024785007505, 0.07023127921447093, 0.058716770305753584, 0.05750833580000496, 0.05730126818281291, 0.05721030993072171, 0.05718269381164731, 0.05718275584732874, 0.05717376636609933, 0.05717161862758012, 0.05717175893574678, 0.05716826465274923, 0.05716885244318708, 0.057168928783906045, 0.057166196441354844, 0.05716716225493712, 0.05716722268501196, 0.05716463750236675, 0.05716560633374201, 0.05716566055832553, 0.05716311084276458, 0.05716403589529622, 0.05716408755714451]
step_times_seconds [3.732056140899658, 2.275557041168213, 2.2478487491607666, 2.268876075744629, 2.2923829555511475, 2.260298013687134, 2.271425724029541, 2.2816388607025146, 2.25111985206604, 2.2606799602508545, 2.2741780281066895, 2.260607957839966, 2.2826030254364014, 2.285335063934326, 2.256913900375366, 2.2652857303619385, 2.282914161682129, 2.2563986778259277, 2.262651205062866, 2.2810308933258057, 2.247274875640869, 2.250910997390747, 2.2577860355377197, 2.2506649494171143, 2.257843017578125, 2.280198097229004, 2.259751796722412, 2.2622811794281006, 2.2812557220458984, 2.258214235305786, 2.2625088691711426]
