date 2025-01-27T11:53:35.525986
sample_ratio 0.05
rank 4
seed 0
l2_regularization_strength 0
input_shape (1024, 1344, 33)
input_size 45416448
num_train_samples 2270822
num_test_samples 45416448
num_iterations 10
max_num_richardson_iterations None
num_richardson_iterations None
train_mses [0.0010034554656106528, 0.000998015280370727, 0.0009949542563764823, 0.0009866815414567023, 0.000695302061309192, 0.0001230004683953668, 7.448066564083162e-05, 6.9876244574142e-05, 6.30607856815226e-05, 6.0297414242669865e-05, 5.593645205969073e-05, 5.366225167450483e-05, 5.2970121734864555e-05, 5.085095496544277e-05, 4.9848982925896106e-05, 4.912014957882222e-05, 4.774526891943049e-05, 4.570874702380974e-05, 4.4422601638887984e-05, 4.362793221271568e-05, 4.330426142095122e-05, 4.328655982806437e-05, 4.3148681611184514e-05, 4.305338202404227e-05, 4.304722338520765e-05, 4.297201677436814e-05, 4.290832448327495e-05, 4.290302147758353e-05, 4.2846421431398875e-05, 4.2795410724562596e-05, 4.2791031598458534e-05]
train_rres [1.0038377367355507, 0.998395479031223, 0.9953332889253514, 0.9870574224755366, 0.6955669399313427, 0.12304732600791451, 0.07450903940410604, 0.0699028642613453, 0.06308480898729507, 0.06032038482896983, 0.055957761316737464, 0.053682694564114966, 0.052990300954287355, 0.05087032687822113, 0.04986797313266777, 0.049138862133069186, 0.04776345770636114, 0.04572615998805308, 0.04443952463993921, 0.043644552480675225, 0.043320758384985586, 0.04330305004859286, 0.043165119306351515, 0.04306978341437898, 0.04306362242938166, 0.042988387168226595, 0.04292467061325265, 0.04291936558735603, 0.04286274397911499, 0.0428117138395077, 0.04280733304515476]
test_mses [0.0010036329340243819, 0.0010013387110287947, 0.0010031991952008568, 0.000995679131570887, 0.0007011058090888856, 0.00012366174185182415, 7.471051656604353e-05, 7.037591468847384e-05, 6.401611817719103e-05, 6.119887711910515e-05, 5.68178447500926e-05, 5.459051845913303e-05, 5.3831528814401475e-05, 5.169043571549109e-05, 5.069802384671434e-05, 4.980821649126756e-05, 4.8347871978872595e-05, 4.6235234116102834e-05, 4.488594655973927e-05, 4.4081648403761225e-05, 4.376687572846317e-05, 4.374929853096479e-05, 4.362691074046139e-05, 4.35302767343376e-05, 4.352345026949621e-05, 4.345728087663245e-05, 4.338980900889837e-05, 4.338377432756754e-05, 4.3333070887827136e-05, 4.327748743332256e-05, 4.3272447893999363e-05]
test_rres [1.0038735496994562, 1.0015787766760689, 1.0034397068893477, 0.995917840363991, 0.7012738954896337, 0.12369138909882833, 0.07472842801630514, 0.07039278694091561, 0.0640314657021363, 0.06121354922544262, 0.05683146652714608, 0.054603606246516646, 0.05384443463804162, 0.051702828223411976, 0.050710178429151063, 0.04982015774710822, 0.048359463124858566, 0.04624631876836156, 0.04489670772745974, 0.04409221674526286, 0.0437773686048847, 0.04375978719334641, 0.04363737006101909, 0.043540712887404645, 0.0435338847859545, 0.043467699529329606, 0.04340021148557295, 0.04339417535745926, 0.04334345976183798, 0.043287862981494875, 0.04328282223396884]
step_times_seconds [7.6232922077178955, 6.2070019245147705, 5.786290884017944, 5.789309978485107, 5.84486985206604, 5.632396936416626, 5.857964038848877, 5.829531192779541, 6.157648801803589, 5.915179014205933, 5.819288015365601, 5.683139085769653, 5.8082709312438965, 5.782937049865723, 6.221524953842163, 6.037879943847656, 5.72111701965332, 5.760799884796143, 6.074767827987671, 6.229728937149048, 5.747305870056152, 5.866998910903931, 5.793935060501099, 6.0425920486450195, 6.151052951812744, 5.747936964035034, 5.758393287658691, 5.830207109451294, 5.784031867980957, 6.024836778640747, 5.95550799369812]
