date 2025-01-28T11:36:04.233235
sample_ratio 0.6
rank 16
seed 0
l2_regularization_strength 0
input_shape (256, 256, 14, 20)
input_size 18350080
num_train_samples 11010048
num_test_samples 18350080
num_iterations 10
max_num_richardson_iterations None
num_richardson_iterations None
train_mses [22611.700276562766, 22606.634157672728, 22382.224792747686, 21092.431943249798, 14265.626537124193, 8267.667990760185, 6163.805791224214, 5322.789804977914, 4915.339603260092, 4194.042277007107, 3711.2348432489157, 3525.6917309276587, 3423.471919954974, 3183.8994510287234, 2990.263190416194, 2914.3389370728423, 2892.9542564693784, 2805.761673892625, 2728.2121119144263, 2696.386498040813, 2692.451489790955, 2651.905118801278, 2613.078711322569, 2595.7342282260875, 2594.995353559215, 2570.8879867096693, 2546.610893883812, 2535.0456498076064, 2534.8951214378267, 2517.7101294740837, 2499.8021328441782, 2490.9000273189345, 2490.860948164539, 2477.1223048669194, 2462.529986209533, 2455.0181566427177, 2455.0019430532266, 2443.2291458278073, 2430.6279767192987, 2423.933885240586, 2423.92312316393]
train_rres [0.9999999994519886, 0.9997759508919379, 0.9898514709962503, 0.9328105217082416, 0.6308957908880881, 0.36563672280756887, 0.272593644549376, 0.2353998035069519, 0.21738036239854217, 0.18548106614768317, 0.1641289596015849, 0.15592333552421758, 0.15140267543822578, 0.14080760890785604, 0.13224406622251803, 0.12888632432902403, 0.12794058914192225, 0.12408450660666298, 0.12065488561455734, 0.11924740128268867, 0.11907337596837912, 0.11728021709613443, 0.1155631234241616, 0.11479606553489026, 0.11476338888265135, 0.11369724319075387, 0.11262359138590855, 0.11211211971732929, 0.11210546261645424, 0.11134545820528055, 0.11055347899093311, 0.11015978433677248, 0.11015805606539546, 0.10955046605128532, 0.10890512233670784, 0.10857291248646121, 0.10857219544221933, 0.10805154475806134, 0.1074942594169557, 0.10719821394522339, 0.10719773799354712]
test_mses [22614.471529869315, 22613.193109854245, 22400.426796337688, 21119.287418494398, 14284.091707269743, 8279.979881003128, 6174.905425284419, 5331.165211743638, 4921.933552698198, 4199.809547126641, 3717.074117114731, 3530.5764089863433, 3427.875495176428, 3187.4534423709397, 2993.5750166915373, 2917.2253721816696, 2895.760683888503, 2808.31495637985, 2730.7949805803128, 2698.767522654743, 2694.825730340873, 2654.1597219431874, 2615.417559985434, 2597.9398347368783, 2597.2068054643896, 2573.025328738862, 2548.84688698798, 2537.17742136156, 2537.032357658572, 2519.7987300656014, 2501.9854883614908, 2492.99527351414, 2492.9594882698943, 2479.19073264612, 2464.6824244614186, 2457.0939356373005, 2457.0792887635594, 2445.291583151267, 2432.763941366234, 2426.0027035035187, 2425.9923254747773]
test_rres [0.9999999994115928, 0.9999434683530345, 0.9905350542271355, 0.9338837468818667, 0.6316349988545332, 0.36613634173121784, 0.2730510599593367, 0.23574131288300548, 0.21764530483505573, 0.1857133623090998, 0.16436705629039555, 0.1561202260351617, 0.1515788458125977, 0.14094750948680865, 0.13237430779561513, 0.12899816679828519, 0.12804900960696253, 0.12418220567383942, 0.12075431324435969, 0.11933807595292342, 0.11916377197653627, 0.11736554254101549, 0.11565238458002637, 0.1148795287909717, 0.1148471146232964, 0.11377782248090164, 0.11270866454348442, 0.11219264693042015, 0.11218623229001119, 0.11142417037049793, 0.11063647822080072, 0.11023893566358525, 0.11023735325896537, 0.10962850614982612, 0.10898695641663861, 0.1086513974446047, 0.10865074976757573, 0.10812950364472083, 0.10757553793470569, 0.10727655956371848, 0.10727610065276309]
step_times_seconds [0.5352888107299805, 0.6809208393096924, 0.69510817527771, 0.8456881046295166, 0.7371866703033447, 0.5573062896728516, 0.5902278423309326, 0.7175769805908203, 0.6406550407409668, 0.5602257251739502, 0.5843658447265625, 0.7209010124206543, 0.6473889350891113, 0.5582170486450195, 0.5828769207000732, 0.7211189270019531, 0.6395759582519531, 0.5658717155456543, 0.5949389934539795, 0.7142148017883301, 0.6382608413696289, 0.5636520385742188, 0.5800738334655762, 0.7264158725738525, 0.6549410820007324, 0.5770869255065918, 0.6772329807281494, 0.7283339500427246, 0.6464447975158691, 0.5701780319213867, 0.6023728847503662, 0.7226710319519043, 0.6422669887542725, 0.5642309188842773, 0.6003682613372803, 0.7163660526275635, 0.6406729221343994, 0.5743410587310791, 0.5973501205444336, 0.7233221530914307, 0.6477210521697998]
