date 2025-01-28T11:36:04.233235
sample_ratio 1.0
rank 16
seed 0
l2_regularization_strength 0
input_shape (256, 256, 14, 20)
input_size 18350080
num_train_samples 18350080
num_test_samples 18350080
num_iterations 10
max_num_richardson_iterations None
num_richardson_iterations None
train_mses [22614.471529869348, 22611.5584532673, 22197.153232848155, 19434.52501802055, 7620.772710185172, 4852.2997959811855, 3407.477709213714, 3137.6908310674694, 3129.5773826600803, 2888.9658440248754, 2681.130471089486, 2638.3341588852254, 2638.1837140057996, 2546.1419818463364, 2461.317129591691, 2435.2334342358495, 2435.2088389153914, 2396.1934838996453, 2357.574583307001, 2340.904512473572, 2340.8956534343392, 2323.7470041036386, 2303.3851823033265, 2293.5235946641405, 2293.5188764310983, 2283.3543512397882, 2270.2803920903234, 2263.6431797856976, 2263.6389126979734, 2256.0638584522576, 2246.211260340113, 2241.050699127545, 2241.0465666785626, 2234.762362488673, 2226.582752765535, 2222.2035402470297, 2222.199697013273, 2216.7096126511356, 2209.556416287686, 2205.6812460261885, 2205.6777783957555]
train_rres [0.9999999994115943, 0.9998711847012222, 0.9815464044989541, 0.8593844424317373, 0.3369865484424651, 0.21456613685255096, 0.1506768664794185, 0.13874703307025993, 0.13838826066242813, 0.12774854537322375, 0.1185581748382065, 0.11666574449233026, 0.1166590918991384, 0.11258905506525811, 0.10883814485306514, 0.107684737606469, 0.10768365001437508, 0.10595841160050114, 0.10425070419204313, 0.10351356245509817, 0.10351317071305743, 0.10275486648746629, 0.10185447747057341, 0.10141840326824868, 0.10141819463047293, 0.10096872468942639, 0.100390601113799, 0.10009710708755327, 0.10009691839918547, 0.09976195349712029, 0.09932627680693834, 0.09909807951288639, 0.09909789677817271, 0.09882001258450972, 0.09845831455820293, 0.0982646680911544, 0.09826449814538543, 0.09802172951151945, 0.0977054189424313, 0.09753406095804953, 0.09753390762126135]
test_mses [22614.471529869315, 22611.558453267393, 22197.15323284819, 19434.525018020617, 7620.772710185182, 4852.299795981175, 3407.477709213717, 3137.690831067461, 3129.5773826600876, 2888.9658440248763, 2681.1304710894865, 2638.3341588852345, 2638.183714005801, 2546.141981846324, 2461.317129591683, 2435.233434235857, 2435.2088389153955, 2396.1934838996444, 2357.5745833069923, 2340.904512473574, 2340.895653434338, 2323.7470041036368, 2303.3851823033237, 2293.5235946641365, 2293.518876431095, 2283.354351239786, 2270.2803920903184, 2263.6431797856994, 2263.6389126979707, 2256.063858452255, 2246.2112603401065, 2241.050699127538, 2241.046566678562, 2234.7623624886724, 2226.5827527655324, 2222.2035402470374, 2222.199697013273, 2216.7096126511333, 2209.556416287683, 2205.6812460261945, 2205.6777783957464]
test_rres [0.9999999994115928, 0.9998711847012265, 0.9815464044989558, 0.8593844424317401, 0.33698654844246556, 0.2145661368525505, 0.1506768664794186, 0.13874703307025957, 0.13838826066242843, 0.1277485453732238, 0.11855817483820652, 0.11666574449233066, 0.11665909189913845, 0.11258905506525756, 0.1088381448530648, 0.10768473760646932, 0.10768365001437527, 0.10595841160050111, 0.10425070419204274, 0.10351356245509827, 0.10351317071305738, 0.10275486648746622, 0.10185447747057329, 0.1014184032682485, 0.1014181946304728, 0.10096872468942628, 0.10039060111379877, 0.10009710708755336, 0.10009691839918536, 0.09976195349712016, 0.09932627680693806, 0.09909807951288606, 0.09909789677817267, 0.0988200125845097, 0.09845831455820281, 0.09826466809115474, 0.09826449814538543, 0.09802172951151934, 0.09770541894243119, 0.09753406095804981, 0.09753390762126095]
step_times_seconds [0.5912280082702637, 0.6601929664611816, 0.7292160987854004, 0.8428549766540527, 0.7340521812438965, 0.6423139572143555, 0.6317141056060791, 0.7161400318145752, 0.685499906539917, 0.6512529850006104, 0.6391267776489258, 0.7180070877075195, 0.6822338104248047, 0.647101879119873, 0.6314780712127686, 0.7173299789428711, 0.6867527961730957, 0.645211935043335, 0.6270449161529541, 0.7159459590911865, 0.6857337951660156, 0.6505210399627686, 0.6359000205993652, 0.7274501323699951, 0.6855652332305908, 0.6499688625335693, 0.6222600936889648, 0.732306957244873, 0.6785950660705566, 0.6533010005950928, 0.6426007747650146, 0.7121899127960205, 0.6876740455627441, 0.6592187881469727, 0.6188011169433594, 0.733557939529419, 0.6806089878082275, 0.6471798419952393, 0.629478931427002, 0.7114849090576172, 0.6853289604187012]
