date 2025-01-28T11:36:04.233235
sample_ratio 0.7
rank 16
seed 0
l2_regularization_strength 0
input_shape (256, 256, 14, 20)
input_size 18350080
num_train_samples 12845056
num_test_samples 18350080
num_iterations 10
max_num_richardson_iterations None
num_richardson_iterations None
train_mses [22612.898303582333, 22608.459062820348, 22337.13386995738, 20720.684770352647, 12601.321088862453, 7137.997611631782, 5244.746117692198, 4466.486739644597, 4192.549350792541, 3540.2562886519167, 3141.008677642055, 3014.2138190747182, 2977.324291863056, 2834.512538058969, 2719.6612935373737, 2682.4794463553544, 2678.5313886904055, 2617.72761295093, 2565.859199398064, 2547.4801413421837, 2547.052591914976, 2510.7005686291236, 2477.6648674803705, 2465.1212444349294, 2465.0595485944064, 2439.4892905930096, 2415.486809923807, 2405.624983837337, 2405.604964866792, 2386.245723229073, 2367.7434206264284, 2359.555739579543, 2359.5427908403435, 2344.244764224857, 2329.3552943620302, 2322.3569217924505, 2322.3470800067, 2309.781481188194, 2297.3244121091584, 2291.1617158578715, 2291.1542693578854]
train_rres [0.9999999993521401, 0.9998036848107881, 0.9878049932213864, 0.9163214939876142, 0.5572625371380308, 0.31566044790802245, 0.23193604127532227, 0.19751942792947327, 0.18540521837539833, 0.15655915658531397, 0.1389034096133322, 0.13329621778931447, 0.13166486887098852, 0.12534936911530525, 0.12027035434659722, 0.11862607829410905, 0.11845148512124869, 0.11576258717973845, 0.11346883372881325, 0.11265606493654119, 0.1126371576111205, 0.11102957848639847, 0.10956865557931066, 0.10901394459671505, 0.1090112162493951, 0.1078804342664071, 0.10681898339304205, 0.10638286830740888, 0.1063819830175065, 0.10552586800892708, 0.10470764902866805, 0.10434556890379157, 0.10434499627754007, 0.10366847854857862, 0.10301002824056031, 0.10270054236789192, 0.10270010713904101, 0.10214442433174804, 0.10159354098615798, 0.10132101085027895, 0.10132068154706972]
test_mses [22614.471529869315, 22612.85367861111, 22351.444020123683, 20736.39008460836, 12610.43251355863, 7145.814946637147, 5252.397390539618, 4472.129554782752, 4197.358443710637, 3544.4421917077584, 3145.184496202839, 3017.876946127507, 2980.819051132352, 2837.48789823983, 2722.7927343706515, 2685.393417422906, 2681.4023735324413, 2620.238041022502, 2568.473888612992, 2549.949782297412, 2549.510784911073, 2512.8964297147386, 2479.9198809288773, 2467.273951458737, 2467.2090876801835, 2441.4483948135717, 2417.4757506884675, 2407.5414814619, 2407.5197815549827, 2388.033867507468, 2369.5453413792543, 2361.3062976598285, 2361.291500024015, 2345.9232218404427, 2331.038506051887, 2324.003142702344, 2323.99115607995, 2311.4019483821, 2298.9434655250375, 2292.7533957795195, 2292.74368416851]
test_rres [0.9999999994115928, 0.9999284588825508, 0.9883690617067936, 0.9169522287981917, 0.5576266723492801, 0.3159841667312131, 0.23225824138811624, 0.1977552093686782, 0.18560497580927277, 0.15673336363136608, 0.1390783989888074, 0.13344892629331348, 0.13181024572877303, 0.1254722177709288, 0.12040045813903992, 0.11874668007589385, 0.11857019822077532, 0.1158655437081477, 0.11357656019992461, 0.11275743399216807, 0.11273802175936391, 0.11111895429071093, 0.10966074870218316, 0.10910155237314241, 0.10909868413107762, 0.10795955988413558, 0.10689950220914923, 0.10646021406537806, 0.10645925450694328, 0.10559759766874074, 0.10478004479809704, 0.10441571863183241, 0.10441506428818412, 0.10373548713537596, 0.10307729285654271, 0.10276619280115956, 0.10276566275904157, 0.10220897463684446, 0.10165806709813517, 0.10138434547993597, 0.10138391603762109]
step_times_seconds [0.5474560260772705, 0.6841962337493896, 0.6649019718170166, 0.8494699001312256, 0.7475788593292236, 0.5678389072418213, 0.5887389183044434, 0.7460379600524902, 0.6479170322418213, 0.5720090866088867, 0.6239001750946045, 0.76188063621521, 0.6552760601043701, 0.5682079792022705, 0.597412109375, 0.7642509937286377, 0.6661360263824463, 0.5700459480285645, 0.5962119102478027, 0.8347530364990234, 0.658174991607666, 0.5741031169891357, 0.5998940467834473, 0.7318551540374756, 0.6465768814086914, 0.5707879066467285, 0.603701114654541, 0.7307751178741455, 0.6979691982269287, 0.6025810241699219, 0.6086900234222412, 0.7336597442626953, 0.6904199123382568, 0.5987892150878906, 0.6017618179321289, 0.7281007766723633, 0.6537978649139404, 0.571190595626831, 0.5978009700775146, 0.7192471027374268, 0.6526038646697998]
