date 2025-01-28T11:36:04.233235
sample_ratio 0.9
rank 16
seed 0
l2_regularization_strength 0
input_shape (256, 256, 14, 20)
input_size 18350080
num_train_samples 16515072
num_test_samples 18350080
num_iterations 10
max_num_richardson_iterations None
num_richardson_iterations None
train_mses [22611.43922386673, 22608.002076992714, 22253.493067296873, 19936.54229834263, 9826.544688675913, 5642.111229634102, 3876.88301982762, 3429.4311970364042, 3333.9154577344634, 2939.9070027161456, 2730.6436667708576, 2684.495126100995, 2683.068120273136, 2611.591638937386, 2553.3417675508863, 2526.653208936155, 2526.602401956389, 2491.9969449356395, 2454.2104826128752, 2435.9203921408343, 2435.8984923607304, 2414.2605924462155, 2389.560033139091, 2378.329598990163, 2378.314551684086, 2363.5787790220315, 2347.6694754417367, 2340.276604893736, 2340.2662798317065, 2329.840710465326, 2318.8809356081356, 2313.482832102512, 2313.4756043321377, 2305.665524452136, 2297.436822782048, 2293.1099382027483, 2293.1048051698817, 2286.8990993311413, 2280.259900009395, 2276.552243246741, 2276.5485291740174]
train_rres [0.9999999986711903, 0.9998479894675557, 0.9841696858569401, 0.8817016057433188, 0.43458289312456644, 0.24952463955418955, 0.17145671163575774, 0.15166797471518415, 0.14744375270837798, 0.13001857023353253, 0.12076381499237404, 0.1187228772107653, 0.11865976730379145, 0.11549869115409962, 0.11292256715189046, 0.11174225490749794, 0.1117400079483727, 0.1102095676861607, 0.10853844618440912, 0.1077295595732273, 0.1077285910466396, 0.10677164621568326, 0.10567925404065398, 0.1051825835712152, 0.1051819180980488, 0.1045302226222951, 0.10382662726944547, 0.10349967459451917, 0.10349921796449604, 0.10303814296394842, 0.10255344251060182, 0.10231470921083236, 0.10231438955977905, 0.10196898563425714, 0.10160506799161244, 0.10141370977992537, 0.10141348276948127, 0.10113903293154508, 0.10084541166988226, 0.10068143905756778, 0.10068127480120703]
test_mses [22614.471529869315, 22612.038912571832, 22261.61039468075, 19944.96234724592, 9829.888040326665, 5643.595545622137, 3877.876437528294, 3430.037503744837, 3334.4409716816294, 2940.3828100687756, 2731.0580922389713, 2684.9154588564775, 2683.4688699561825, 2611.898670243495, 2553.655268748303, 2527.0081227322808, 2526.9492229757693, 2492.2197317123864, 2454.4234773216253, 2436.1856409651473, 2436.158868040042, 2414.4154042305204, 2389.689454912074, 2378.4989303018324, 2378.480384775588, 2363.6685546112612, 2347.7318110818856, 2340.364088490518, 2340.3512735259696, 2329.8732481407474, 2318.8906954036993, 2313.5061666894976, 2313.4972230724306, 2305.6496520227174, 2297.4041861243522, 2293.083122822284, 2293.0767587976998, 2286.843045074558, 2280.1917638287027, 2276.4852545804006, 2276.4805687194525]
test_rres [0.9999999994115928, 0.9998924303581731, 0.9843966661868974, 0.8819557118178397, 0.4346724627882336, 0.24955681740549687, 0.17147765005804375, 0.1516744486907937, 0.14744722048072062, 0.13002217648353886, 0.12076594790308502, 0.11872554500026246, 0.11866157760232733, 0.11549678113224204, 0.11292128864797181, 0.11174296591046512, 0.11174036139430833, 0.11020464161429591, 0.10853331118684817, 0.10772684368564399, 0.10772565980102151, 0.10676417530345063, 0.10567080687026661, 0.10517596777624329, 0.10517514770285759, 0.10452017638787249, 0.10381546199740137, 0.10348966519170105, 0.10348909852073003, 0.10302576576651479, 0.10254012307899585, 0.1023020220601893, 0.10230162657816136, 0.10195461112680622, 0.1015900009751773, 0.10139892583579949, 0.10139864442199008, 0.10112299289012741, 0.10082887674272344, 0.1006649768593578, 0.10066476965305897]
step_times_seconds [0.5895462036132812, 0.6580448150634766, 0.7312061786651611, 0.8580241203308105, 0.7237250804901123, 0.635664701461792, 0.6192808151245117, 0.7028772830963135, 0.6745038032531738, 0.6439828872680664, 0.6125950813293457, 0.6992321014404297, 0.6730060577392578, 0.6385810375213623, 0.6303377151489258, 0.7144479751586914, 0.6735758781433105, 0.646813154220581, 0.6240980625152588, 0.7143490314483643, 0.6759259700775146, 0.6682901382446289, 0.6161201000213623, 0.704322099685669, 0.6760580539703369, 0.6484410762786865, 0.6219758987426758, 0.7187159061431885, 0.6993861198425293, 0.6489400863647461, 0.6129369735717773, 0.712338924407959, 0.6658198833465576, 0.6342840194702148, 0.6153180599212646, 0.718005895614624, 0.6719889640808105, 0.6395199298858643, 0.6244888305664062, 0.7055120468139648, 0.6749169826507568]
