date 2025-01-28T11:36:04.233235
sample_ratio 0.5
rank 16
seed 0
l2_regularization_strength 0
input_shape (256, 256, 14, 20)
input_size 18350080
num_train_samples 9175040
num_test_samples 18350080
num_iterations 10
max_num_richardson_iterations None
num_richardson_iterations None
train_mses [22610.854759402322, 22605.191695813653, 22436.04810484338, 21553.324440256663, 16333.520621602473, 10023.52859696839, 7557.329276772204, 6451.088814137678, 5802.193920134696, 4919.240036971345, 4339.331035544272, 4024.155843762064, 3818.4201246833104, 3504.8891067593486, 3263.12857075153, 3169.388901533526, 3114.9447999954746, 3002.9839850229077, 2904.4120473665903, 2866.7550240221835, 2846.268263863703, 2787.6569793361555, 2726.7740682386543, 2694.5125179811153, 2684.176592521493, 2650.4089071935173, 2616.422189268348, 2599.6630531570954, 2596.8156327148004, 2576.64683104387, 2555.3608973246614, 2545.201272128181, 2544.3743709287414, 2530.8842336122807, 2516.0574162453395, 2509.062491534628, 2508.81607448386, 2498.850794911879, 2487.561281144758, 2482.163306550452, 2482.0846806769578]
train_rres [0.9999999981090242, 0.9997495403692255, 0.9922689036374321, 0.9532290852709706, 0.7223751938844407, 0.4433060441399737, 0.3342345675516268, 0.28530937333345413, 0.2566109937418508, 0.2175609936030217, 0.19191362173224646, 0.17797451175432052, 0.16887553160169447, 0.15500913775381456, 0.1443169043940773, 0.14017112264286932, 0.13776324810586363, 0.13281160802183298, 0.12845211173039223, 0.1267866716718938, 0.1258806130404207, 0.12328843839508394, 0.12059579755376165, 0.11916898063154345, 0.11871185835332532, 0.11721843027979881, 0.11571531515113397, 0.11497411645440657, 0.11484818488449425, 0.11395618845855619, 0.11301478514119129, 0.11256546001459276, 0.11252888903102429, 0.11193226685842192, 0.11127652794467127, 0.11096716658828222, 0.11095626841336031, 0.11051553852237762, 0.11001624232743488, 0.10977750855812198, 0.1097740312073459]
test_mses [22614.471529869315, 22613.61443285438, 22460.553225313688, 21589.552887689097, 16370.238047815152, 10049.887545344563, 7580.661836240168, 6469.715394288256, 5817.437877492628, 4931.141801704849, 4351.583517466346, 4035.1719560815354, 3828.4918588465844, 3513.703168673489, 3271.9925728202647, 3177.7969738411402, 3123.106893679189, 3010.4544421868964, 2912.022970394799, 2874.3185584678617, 2853.6341008813374, 2794.7275081314647, 2733.8188756117997, 2701.4462630546736, 2690.9758195074814, 2656.949442687707, 2622.706419368209, 2605.852791008814, 2602.95224130837, 2582.5926625462266, 2561.0938248705424, 2550.8887898728635, 2550.0437537045755, 2536.4258624528657, 2521.4400782157186, 2514.4249682114205, 2514.171171108507, 2504.1208541442384, 2492.7106877872166, 2487.304688595638, 2487.221236993504]
test_rres [0.9999999994115928, 0.9999620990338061, 0.9931938131931015, 0.9546786378125197, 0.7238832893601288, 0.444400724826012, 0.335212866759547, 0.28608740124376525, 0.25724403359971965, 0.21805248874775832, 0.1924247271999369, 0.178433174897655, 0.1692938900445752, 0.15537410025103096, 0.14468578523152023, 0.1405205055432779, 0.13810213905359292, 0.13312070708525287, 0.12876811933611307, 0.12710085013395855, 0.1261861943328255, 0.12358137588118014, 0.12088802828721239, 0.11945652844007601, 0.11899353095073818, 0.11748890252045135, 0.11597469409625183, 0.11522943554235558, 0.11510117476496326, 0.11420088493403474, 0.11325021767503478, 0.112798956411724, 0.1127615893582125, 0.11215941339200827, 0.11149674991970311, 0.1111865454565608, 0.11117532268257607, 0.11073090296907179, 0.1102263514328912, 0.10998730100090309, 0.10998361081508672]
step_times_seconds [0.527540922164917, 0.6227607727050781, 0.6846201419830322, 0.8145079612731934, 0.7388479709625244, 0.5683150291442871, 0.6384270191192627, 0.7324268817901611, 0.6466529369354248, 0.606586217880249, 0.5841977596282959, 0.7223427295684814, 0.6379740238189697, 0.6118590831756592, 0.582449197769165, 0.7085800170898438, 0.6377789974212646, 0.6095221042633057, 0.5847980976104736, 0.728754997253418, 0.6431519985198975, 0.6095852851867676, 0.5790388584136963, 0.7081241607666016, 0.6450209617614746, 0.6015081405639648, 0.5900890827178955, 0.7151808738708496, 0.6281311511993408, 0.6044340133666992, 0.5799560546875, 0.7180850505828857, 0.6341540813446045, 0.6028199195861816, 0.5799181461334229, 0.7183763980865479, 0.6363818645477295, 0.6032009124755859, 0.5898010730743408, 0.7163138389587402, 0.6424682140350342]
