date 2025-01-28T11:36:04.233235
sample_ratio 0.4
rank 16
seed 0
l2_regularization_strength 0
input_shape (256, 256, 14, 20)
input_size 18350080
num_train_samples 7340032
num_test_samples 18350080
num_iterations 10
max_num_richardson_iterations None
num_richardson_iterations None
train_mses [22604.506769680684, 22597.9157125893, 22477.81321545773, 21906.003136792042, 18471.036001823188, 12392.055068637597, 9489.249777681687, 7997.488720325346, 7092.360747978545, 6055.811605331953, 5407.787399875815, 5002.871191553639, 4682.622366427963, 4244.574441784888, 3961.163288005504, 3808.1344553037266, 3695.1451249167444, 3501.89351061692, 3350.823376611622, 3271.080075469949, 3201.775733601539, 3082.677982317077, 2986.0740452311315, 2936.861994829872, 2905.861183051034, 2842.308053440168, 2786.9741398642986, 2759.684395070445, 2747.927493312232, 2708.6584090529286, 2671.7884255118806, 2653.3657347371895, 2648.7583462400444, 2621.2235919555505, 2594.1599602249235, 2580.441844496363, 2578.6219286264763, 2557.9549086665243, 2537.0995417361455, 2526.4391795821257, 2525.717953116472]
train_rres [0.9999999985876914, 0.9997084170394084, 0.9943952067939612, 0.9690989203638108, 0.8171395272606211, 0.5482116985519717, 0.41979459498792615, 0.3538006288090044, 0.3137587035287535, 0.26790284160952843, 0.23923492104201935, 0.22132184680969758, 0.20715437003453818, 0.18777558294187008, 0.175237766644137, 0.1684679293703191, 0.16346939826417, 0.1549201467367666, 0.1482369602673069, 0.14470919910704083, 0.14164324670751807, 0.13637448537909108, 0.13210082712439802, 0.1299237369169813, 0.1285522930694811, 0.12574076835148315, 0.1232928532493523, 0.12208558316673691, 0.12156546999366923, 0.11982824632389578, 0.11819715638839541, 0.11738215560397738, 0.117178329502502, 0.11596022045344552, 0.11476295337886794, 0.1141560781283278, 0.11407556693266847, 0.11316127934650956, 0.11223865948519511, 0.11176705609001451, 0.11173514977717239]
test_mses [22614.471529869315, 22613.924282466054, 22513.22460351754, 21954.97252292019, 18524.427224231902, 12437.665831918377, 9529.850816149916, 8032.6821289003165, 7124.332802599686, 6081.818069945075, 5432.5558081569825, 5026.12516108284, 4704.291966915197, 4263.460730619942, 3979.525324026552, 3825.8598085141057, 3712.1912882694623, 3517.5840901520833, 3366.4740026964873, 3286.874850516611, 3216.921735515891, 3096.6501661206066, 2999.646905658633, 2950.32494705062, 2918.834130126926, 2854.6331667135746, 2798.9616721346442, 2771.6946331700683, 2759.677851123159, 2720.072833659317, 2682.938610859539, 2664.613510284306, 2659.8625582659424, 2632.1457112479734, 2604.866732993091, 2591.2687828148923, 2589.3656171294733, 2568.603420961077, 2547.5693472507787, 2537.0272948021748, 2536.2560034308544]
test_rres [0.9999999994115928, 0.9999758004201542, 0.9955229137472883, 0.9708373012830956, 0.8191403981678207, 0.5499870208407138, 0.42140497503801516, 0.35520096561019426, 0.3150342376560876, 0.26893478622012423, 0.24022475156163073, 0.22225260278520767, 0.20802130874178085, 0.18852798406012228, 0.1759725101879472, 0.16917750216757116, 0.164151140175091, 0.15554571255119834, 0.14886370421122477, 0.14534387169920235, 0.1422505818618889, 0.13693223651980738, 0.13264280352214594, 0.13046181253529726, 0.12906930522582635, 0.12623037249680907, 0.12376860837941012, 0.1225628743027806, 0.12203149854085016, 0.12028018556463367, 0.11863812982484419, 0.1178278035459282, 0.11761771895432974, 0.11639209460290274, 0.11518583257715515, 0.11458453839470047, 0.11450038141222198, 0.11358228805201426, 0.11265217241034915, 0.11218600841317253, 0.1121519023156744]
step_times_seconds [0.521967887878418, 0.6321268081665039, 0.6732547283172607, 0.7980411052703857, 0.6878070831298828, 0.5961830615997314, 0.5725319385528564, 0.6665089130401611, 0.633765697479248, 0.5988559722900391, 0.5707757472991943, 0.6593060493469238, 0.6242702007293701, 0.5936357975006104, 0.5676479339599609, 0.6657309532165527, 0.6405689716339111, 0.5981378555297852, 0.5812411308288574, 0.678246021270752, 0.6293392181396484, 0.5995256900787354, 0.5813338756561279, 0.6753730773925781, 0.6396479606628418, 0.5950682163238525, 0.5731997489929199, 0.6580970287322998, 0.6236131191253662, 0.6032750606536865, 0.580092191696167, 0.6730978488922119, 0.6342411041259766, 0.6160211563110352, 0.5873510837554932, 0.6859297752380371, 0.6345388889312744, 0.5958912372589111, 0.571681022644043, 0.6613020896911621, 0.6300580501556396]
