date 2025-01-28T11:36:04.233235
sample_ratio 0.1
rank 16
seed 0
l2_regularization_strength 0
input_shape (256, 256, 14, 20)
input_size 18350080
num_train_samples 1835008
num_test_samples 18350080
num_iterations 10
max_num_richardson_iterations None
num_richardson_iterations None
train_mses [22671.671119882758, 22662.768382722523, 22617.028776698473, 22554.956826873666, 22353.07965617395, 21417.63918864561, 20197.65177151724, 18906.683729615666, 17682.255533631407, 16532.244291833733, 15493.316954132499, 14580.897136946991, 13771.149852331466, 13033.36834559294, 12374.971546768018, 11824.953431464843, 11336.224159772246, 10878.665447415804, 10459.6969816953, 10127.674948322001, 9826.932030340262, 9528.902133658326, 9242.63562519082, 9031.719959561937, 8834.864547523777, 8623.014879309712, 8407.24063124856, 8262.558480089117, 8122.482478139245, 7956.104473869326, 7777.716343935128, 7670.074428186023, 7561.823692167884, 7420.071752463197, 7263.263001453639, 7177.605400438492, 7088.288247098676, 6961.276031448065, 6819.172913152665, 6747.286949496268, 6669.831090039511]
train_rres [0.9999999992152869, 0.9996073180976855, 0.9975898397324473, 0.9948519758384328, 0.985947596030089, 0.9446872733195182, 0.8908761797428688, 0.8339342792511855, 0.7799273122063246, 0.7292027213804325, 0.6833778092514431, 0.6431328792837823, 0.6074166200059221, 0.574874620686227, 0.5458341148132009, 0.5215739660150291, 0.5000171399334936, 0.479835182036437, 0.4613553592136586, 0.44671056168827555, 0.43344542052794904, 0.4202999450633417, 0.40767332805177886, 0.39837027913455964, 0.3896873985986363, 0.3803431527806898, 0.37082580195326886, 0.3644441748433455, 0.35826571534209123, 0.3509271295245929, 0.34305880218114565, 0.33831094239192017, 0.3335362288138699, 0.327283847203185, 0.32036734113456133, 0.31658916349185506, 0.31264957064942905, 0.30704732744118335, 0.3007794560772914, 0.2976087165574796, 0.29419230058238865]
test_mses [22614.471529869315, 22614.357357404006, 22604.31803854213, 22577.289979344594, 22409.865283292707, 21508.63618205511, 20313.281486635187, 19045.191488285356, 17835.638374446713, 16694.598040883793, 15660.570000712367, 14752.163438215182, 13942.96261680433, 13202.87953523981, 12541.894198858783, 11988.869878271402, 11496.142217410159, 11033.31237916393, 10610.302872972048, 10273.76076276993, 9968.396785314353, 9665.239434773748, 9375.538820233012, 9160.521277415179, 8959.675897654792, 8743.667308181823, 8525.496776068147, 8377.61911353547, 8234.41946522857, 8064.869056647071, 7884.996732210375, 7775.063725563772, 7664.452208282203, 7520.321686330265, 7362.675636620321, 7275.503150717548, 7184.407214138625, 7055.599963819687, 6913.044206697606, 6840.252518809031, 6761.424005066966]
test_rres [0.9999999994115928, 0.9999949507654154, 0.9995510173821962, 0.9983558508647769, 0.990952419140439, 0.951100543781912, 0.8982425898324802, 0.8421683191634187, 0.78868251864275, 0.7382263171177914, 0.6925021427457639, 0.652332883837244, 0.6165504504575422, 0.5838243670665798, 0.5545959442348074, 0.5301415005600331, 0.5083533433651801, 0.4878872521119492, 0.46918199493252477, 0.45430028038263626, 0.44079724641288054, 0.4273917883210647, 0.41458137999524397, 0.4050734176974154, 0.3961921409726009, 0.3866403551145691, 0.3769929692936295, 0.3704538970782852, 0.3641216841838339, 0.35662425457298536, 0.34867039528897414, 0.34380921573690204, 0.3389180328025413, 0.33254465716664533, 0.32557363202422873, 0.3217189106907524, 0.3176906964384317, 0.31199490778942357, 0.305691167423441, 0.3024723573906883, 0.29898660210378875]
step_times_seconds [0.49831724166870117, 0.6359050273895264, 0.6578443050384521, 0.7962028980255127, 0.6666920185089111, 0.5676062107086182, 0.5412590503692627, 0.6358721256256104, 0.6099557876586914, 0.5661799907684326, 0.5463261604309082, 0.6529049873352051, 0.6081089973449707, 0.5720319747924805, 0.5490829944610596, 0.631364107131958, 0.5980231761932373, 0.5588169097900391, 0.5493459701538086, 0.62357497215271, 0.5966529846191406, 0.5677130222320557, 0.5644669532775879, 0.6446840763092041, 0.612246036529541, 0.5657169818878174, 0.5511260032653809, 0.6463570594787598, 0.6068000793457031, 0.5662262439727783, 0.5445959568023682, 0.6440138816833496, 0.608386754989624, 0.5692229270935059, 0.5495991706848145, 0.6327989101409912, 0.6008198261260986, 0.5639081001281738, 0.538611888885498, 0.6261498928070068, 0.601550817489624]
