date 2025-01-28T11:36:04.233235
sample_ratio 0.3
rank 16
seed 0
l2_regularization_strength 0
input_shape (256, 256, 14, 20)
input_size 18350080
num_train_samples 5505024
num_test_samples 18350080
num_iterations 10
max_num_richardson_iterations None
num_richardson_iterations None
train_mses [22613.98400534867, 22606.528825805246, 22522.113070767948, 22207.643891783515, 20138.31755537566, 15280.790492095433, 12258.564149354957, 10416.65948420262, 9181.422979805538, 8022.2124711288825, 7305.374885508831, 6864.894370177895, 6507.017300638907, 6009.936300630144, 5637.398712486696, 5413.0091371557055, 5213.312977578252, 4904.721621593103, 4648.49138639511, 4495.422619386513, 4361.253180227386, 4142.447821556241, 3956.6724464262675, 3854.3560707508127, 3777.4096541077847, 3634.3031189588046, 3503.5784007892908, 3432.7445749813087, 3375.9195755739674, 3272.0873161896184, 3177.0200063816746, 3128.115848290956, 3096.122398865179, 3030.505837335415, 2967.2509832111364, 2936.7001683185536, 2920.4269769492844, 2877.664434430518, 2833.4199982961677, 2812.836043241466, 2804.243781964396]
train_rres [0.9999999976629591, 0.9996703264504812, 0.9959374258337633, 0.9820314648949421, 0.8905249735539064, 0.6757230593587304, 0.5420789241651003, 0.46062911592202016, 0.4060064319571723, 0.35474564988120744, 0.32304678674522813, 0.30356855088031676, 0.28774307454594017, 0.26576194115832064, 0.2492881704514563, 0.2393655679258018, 0.23053491875476126, 0.2168888776506829, 0.20555826759371243, 0.1987895015675817, 0.1928564718628718, 0.1831808057746657, 0.1749657396168463, 0.17044126593666076, 0.1670386626428315, 0.1607104307496504, 0.15492972807324074, 0.15179742614777342, 0.14928460048816836, 0.14469309378518622, 0.14048917688300383, 0.1383266141976822, 0.13691185024704705, 0.13401025796853056, 0.1312131013966727, 0.1298621313591084, 0.12914252391057615, 0.12725154607983594, 0.12529503828269214, 0.12438480702924615, 0.1240048535785425]
test_mses [22614.471529869315, 22614.156743299576, 22554.49114460198, 22260.217268896788, 20205.648762591394, 15346.059298686294, 12322.701304123897, 10475.393715669767, 9235.871825056754, 8068.792544861978, 7349.52435223657, 6905.65587384978, 6545.725970405212, 6044.305191957705, 5670.943697109401, 5445.423936117548, 5244.812946654597, 4933.660140258648, 4677.140644793925, 4523.958636673854, 4389.238195966711, 4168.643950459121, 3982.9315792884536, 3880.73162830163, 3803.2211966390205, 3658.707219958142, 3527.8873716033327, 3457.288195261212, 3399.747067141534, 3294.634789991101, 3199.2651923954663, 3150.3010288883956, 3117.8528883942918, 3051.300511682905, 2987.7885402427946, 2957.185785403313, 2940.6648475268003, 2897.226479048856, 2852.7688698679613, 2832.1856340708446, 2823.4519538499485]
test_rres [0.9999999994115928, 0.9999860797155636, 0.9973476984213698, 0.9843350628997587, 0.8934831275634504, 0.6785946454414115, 0.5449033500781675, 0.4632163831761451, 0.4084053791583638, 0.3567977491517738, 0.32499208916753886, 0.30536445924307426, 0.2894485488156568, 0.26727598654772194, 0.25076613823508387, 0.24079377339068375, 0.23192286128115502, 0.2181638483499047, 0.20682069160290875, 0.2000470640243198, 0.19408979721620834, 0.1843352360677672, 0.17612313299845148, 0.1716039050876112, 0.16817643469483082, 0.16178610289313602, 0.15600131822085012, 0.15287945989188886, 0.15033502156575687, 0.1456870121285365, 0.1414698188408864, 0.13930464936462483, 0.13786980971196466, 0.1349268987275393, 0.13211843286005914, 0.13076519518740096, 0.13003464803112671, 0.128113826295584, 0.1261479342739192, 0.12523775444690805, 0.12485155571552395]
step_times_seconds [0.5065648555755615, 0.599574089050293, 0.6609177589416504, 0.7863779067993164, 0.6647820472717285, 0.580369234085083, 0.5690689086914062, 0.6432530879974365, 0.6172909736633301, 0.5828080177307129, 0.5693137645721436, 0.65205979347229, 0.6254367828369141, 0.5842907428741455, 0.5685150623321533, 0.6536309719085693, 0.625342845916748, 0.5817379951477051, 0.5688591003417969, 0.6545028686523438, 0.6255238056182861, 0.5785627365112305, 0.5724873542785645, 0.6551451683044434, 0.6198770999908447, 0.582244873046875, 0.5650997161865234, 0.6481490135192871, 0.6124081611633301, 0.5841069221496582, 0.5614328384399414, 0.6430201530456543, 0.6181528568267822, 0.587576150894165, 0.562899112701416, 0.6632978916168213, 0.6134498119354248, 0.5835881233215332, 0.5566821098327637, 0.6629078388214111, 0.6323740482330322]
