date 2025-01-28T11:36:04.233235
sample_ratio 0.8
rank 16
seed 0
l2_regularization_strength 0
input_shape (256, 256, 14, 20)
input_size 18350080
num_train_samples 14680064
num_test_samples 18350080
num_iterations 10
max_num_richardson_iterations None
num_richardson_iterations None
train_mses [22608.855517371467, 22604.927891127376, 22287.072298739156, 20251.75623949971, 11146.198995324536, 6265.982691181222, 4482.6255999953055, 3837.82029602019, 3651.96755972578, 3130.716942983079, 2801.342567635141, 2724.813550636234, 2714.5569295730443, 2624.1586240564125, 2562.7203735364315, 2539.1770204685954, 2538.6605372946137, 2507.5010214638937, 2479.305063982406, 2465.628135795959, 2465.586194233205, 2448.3560434230994, 2430.367288216318, 2420.758460516136, 2420.7468408406057, 2408.194687010353, 2394.4066587190864, 2386.843654784169, 2386.836465833171, 2376.3396917190853, 2364.6540653580005, 2358.3503321701014, 2358.3446115089364, 2349.1637204950935, 2338.8981453967094, 2333.4884609502187, 2333.483633165162, 2325.377530753158, 2316.277382497627, 2311.5308487272105, 2311.5266989373285]
train_rres [0.9999999991918223, 0.9998262784903077, 0.9857673805559514, 0.8957444222496046, 0.4930014691700014, 0.2771472744961699, 0.19826857635178974, 0.1697485434399706, 0.16152819208245014, 0.13847303938261818, 0.12390466042028324, 0.12051974706727174, 0.12006609203608185, 0.1160677337213889, 0.11335029185781814, 0.11230895860542421, 0.11228611431889376, 0.11090791471115174, 0.10966079464189232, 0.10905585786546484, 0.10905400277100027, 0.10829190533608404, 0.107496254482443, 0.10707125164737986, 0.10707073770382743, 0.10651555021057002, 0.10590569942579547, 0.1055711843096723, 0.10557086633908834, 0.1051065892288411, 0.10458972864106555, 0.1043109116448686, 0.10431065861741412, 0.10390458361731653, 0.103450532545063, 0.103211259732781, 0.10321104619764432, 0.10285250958798604, 0.10245000587694304, 0.10224006452175444, 0.10223988097465382]
test_mses [22614.471529869315, 22612.4359608319, 22301.014775972577, 20265.60330342442, 11154.346752551808, 6272.307767384678, 4487.313099961814, 3840.7533429504365, 3654.211843605943, 3132.4095973173917, 2802.737813326613, 2726.1765385130007, 2715.762271930825, 2625.2877154129283, 2563.8888569040287, 2540.360958482376, 2539.8088081906917, 2508.611376330042, 2480.5015031477856, 2466.818230063734, 2466.767141740376, 2449.4957408075297, 2431.5994615367504, 2421.9664335413613, 2421.9522689029654, 2409.3529789319505, 2395.6502254121633, 2388.0540291136326, 2388.0460597313986, 2377.5020206740087, 2365.892699423403, 2359.550495515018, 2359.5443588020826, 2350.319150722221, 2340.1231145703646, 2334.671070373334, 2334.6657505843095, 2326.518608777659, 2317.4840211242713, 2312.692691381674, 2312.6878440047094]
test_rres [0.9999999994115928, 0.9999099876227464, 0.9861391071374451, 0.8961342857264242, 0.49323932824411965, 0.27735814013648336, 0.19842661772549403, 0.1698360864023562, 0.16158731972265086, 0.1385134997002674, 0.12393558735058613, 0.12055008817288301, 0.12008957479929865, 0.11608883764542965, 0.11337381251686646, 0.1123334212622341, 0.11230900546765626, 0.11092947149088006, 0.10968646772983313, 0.1090814006134989, 0.10907914151479477, 0.10831540927812182, 0.10752404525103805, 0.10709807783557146, 0.10709745148273501, 0.10654031752773808, 0.10593438899681373, 0.10559848920432785, 0.1055981368024502, 0.10513188495848122, 0.1046185268979826, 0.10433807798736905, 0.10433780662516083, 0.10392987279118869, 0.1034790094520923, 0.10323792293425697, 0.10323768769599308, 0.10287742538382294, 0.10247792068453607, 0.10226605061127572, 0.10226583626282386]
step_times_seconds [0.560236930847168, 0.6943719387054443, 0.6741828918457031, 0.8678779602050781, 0.780987024307251, 0.5812017917633057, 0.60555100440979, 0.7449829578399658, 0.6597878932952881, 0.5841751098632812, 0.6093859672546387, 0.7342169284820557, 0.6571180820465088, 0.582892894744873, 0.5993127822875977, 0.7474019527435303, 0.6630809307098389, 0.5847277641296387, 0.6027841567993164, 0.7339890003204346, 0.6597282886505127, 0.5781731605529785, 0.6156790256500244, 0.7658791542053223, 0.6653790473937988, 0.5856020450592041, 0.6086890697479248, 0.765458345413208, 0.6599152088165283, 0.5900311470031738, 0.6074340343475342, 0.7629423141479492, 0.6639130115509033, 0.5898280143737793, 0.6036338806152344, 0.7431511878967285, 0.6707448959350586, 0.5842037200927734, 0.6081311702728271, 0.7384679317474365, 0.6666948795318604]
