date 2025-01-28T11:36:04.233235
sample_ratio 0.2
rank 16
seed 0
l2_regularization_strength 0
input_shape (256, 256, 14, 20)
input_size 18350080
num_train_samples 3670016
num_test_samples 18350080
num_iterations 10
max_num_richardson_iterations None
num_richardson_iterations None
train_mses [22637.914002313733, 22629.631522325664, 22572.596713627725, 22450.749856403396, 21500.393193033746, 18653.50102113908, 16145.370842903356, 14166.001682057653, 12628.278874314212, 11284.162691882839, 10216.179356849125, 9439.703308660526, 8822.998176492194, 8196.794331581066, 7669.393330156475, 7316.536045076457, 7017.392389174485, 6657.742303920605, 6341.769713493831, 6154.744146497443, 5986.904015640894, 5750.444019562319, 5534.276220404898, 5419.919810761424, 5313.029155827988, 5136.834797335185, 4966.399932707644, 4878.637288221572, 4794.661714073996, 4642.091759994531, 4492.237506001784, 4412.833152094921, 4343.522319617006, 4213.592524049996, 4089.6865897012676, 4018.8836803542245, 3962.4065194603068, 3855.043719058877, 3754.2013674542804, 3689.4466303887866, 3640.406343246308]
train_rres [0.9999999986292428, 0.9996341309978054, 0.9971146935348868, 0.9917322692954073, 0.9497515169182309, 0.8239938093970655, 0.7132004662232492, 0.62576444372002, 0.5578375664698267, 0.4984630065853984, 0.4512862511007449, 0.41698644560431636, 0.38974430963454687, 0.36208258055523534, 0.3387853367964796, 0.32319833153794425, 0.30998405501664705, 0.2940969867680386, 0.28013931425627986, 0.271877706463225, 0.26446359001197745, 0.2540182815029745, 0.24446935403381745, 0.23941781043863325, 0.23469605671273827, 0.2269129032723075, 0.2193841678783796, 0.21550736879005367, 0.21179785853995364, 0.20505828201118267, 0.19843866795257212, 0.19493108532857667, 0.1918693707034649, 0.18612989332159888, 0.18065651206543631, 0.17752888691221977, 0.17503408280567848, 0.17029147267634903, 0.16583689477415986, 0.16297643965580785, 0.16081014964029475]
test_mses [22614.471529869315, 22614.319270029704, 22588.001004410078, 22493.995992137334, 21567.51982332597, 18732.049525614122, 16229.962120631577, 14254.437002971164, 12713.920694703344, 11361.111437943457, 10289.07958600178, 9508.809158707492, 8886.595475459328, 8253.362748551088, 7724.013415837968, 7368.318716908969, 7065.795735873363, 6702.051499862313, 6385.812209131703, 6197.429220496811, 6027.705625787952, 5788.792666362061, 5573.095698088802, 5458.263097011612, 5350.380739651328, 5172.451736913574, 5002.763959301421, 4914.970946754206, 4830.511680865187, 4676.458093113021, 4527.375762094495, 4448.039267698812, 4378.389937141003, 4247.092464000073, 4123.732800356512, 4053.044761945918, 3996.1397168165745, 3887.4638350126897, 3786.8244907113417, 3722.0882953827095, 3672.468042418932]
test_rres [0.9999999994115928, 0.9999932665618191, 0.9988294867419203, 0.9946726346972785, 0.9537043473312647, 0.8283213467911756, 0.7176803618711641, 0.6303236834765922, 0.5622028651180181, 0.502382353540859, 0.4549776706635722, 0.4204745240477167, 0.39296056326113693, 0.36495934617767495, 0.3415517979755213, 0.3258231660572427, 0.3124457594502377, 0.29636118124921346, 0.2823772466643684, 0.2740470502998313, 0.2665419624898057, 0.25597735747704853, 0.2464393513440532, 0.24136151431133943, 0.23659101338876368, 0.22872308676496217, 0.22121958276805545, 0.21733742207375845, 0.21360267789776619, 0.20679050952770084, 0.2001981675075083, 0.19668994958412184, 0.19361009293459397, 0.18780418794626577, 0.18234928870583728, 0.17922350094309272, 0.17670718987118908, 0.17190159971638935, 0.16745138100978785, 0.16458878060787102, 0.16239459920199373]
step_times_seconds [0.4885897636413574, 0.6348459720611572, 0.6531879901885986, 0.8049490451812744, 0.7179090976715088, 0.5822160243988037, 0.5542688369750977, 0.6841311454772949, 0.6162910461425781, 0.5795021057128906, 0.5608029365539551, 0.6899681091308594, 0.6088047027587891, 0.5733709335327148, 0.5575671195983887, 0.6848099231719971, 0.611609935760498, 0.5717298984527588, 0.5465710163116455, 0.6822619438171387, 0.6189961433410645, 0.5802969932556152, 0.5527071952819824, 0.6876811981201172, 0.59769606590271, 0.570775032043457, 0.5608718395233154, 0.6785790920257568, 0.6089839935302734, 0.5736069679260254, 0.5510637760162354, 0.7013571262359619, 0.6102972030639648, 0.5717229843139648, 0.5547189712524414, 0.6942241191864014, 0.6001319885253906, 0.5761747360229492, 0.5629069805145264, 0.7045989036560059, 0.6090438365936279]
