date 2025-01-26T23:42:30.059438
sample_ratio 0.4
rank 16
seed 0
l2_regularization_strength 0
input_shape (100, 100, 100)
input_size 1000000
num_train_samples 400000
num_test_samples 1000000
num_iterations 10
max_num_richardson_iterations 1024
num_richardson_iterations [2, 4, 9, 10, 8, 8, 8, 9, 8, 9, 9, 9, 9, 9, 9, 9, 9, 9, 9, 9, 9, 9, 9, 9, 7, 9, 5, 5, 3, 4]
train_mses [21.045985838180503, 20.99649782044698, 19.555866143615013, 2.329649970475409, 0.11403455513107623, 0.017646471755299098, 0.004243114522518502, 0.000768860608997867, 5.7240664367120265e-05, 9.109324150790425e-06, 7.019432682630169e-07, 9.448254688612644e-08, 8.671593565697694e-09, 9.137900527152829e-10, 1.2571260551039577e-10, 1.4655597281538065e-11, 1.879036819635447e-12, 2.640873582977335e-13, 3.365996204911102e-14, 4.610868771856226e-15, 6.688620066521746e-16, 8.937977028550137e-17, 1.2712580582615222e-17, 1.883474108347864e-18, 2.602452011616018e-19, 4.278964022454759e-20, 8.419765777356278e-21, 3.762774460783844e-21, 1.7984317979299716e-21, 1.9701730350826067e-21, 1.4269810765744348e-21]
train_rres [1.000000046366253, 0.99764862313483, 0.9291970070069154, 0.11069332158659075, 0.005418352045621729, 0.0008384721299910117, 0.00020161159243765105, 3.653241290565855e-05, 2.719790246998667e-06, 4.3282954969160933e-07, 3.3352835367591485e-08, 4.489338346675257e-09, 4.1203078033225005e-10, 4.341873562542053e-11, 5.973234625633794e-12, 6.96360725211351e-13, 8.928243709783819e-14, 1.25481111967386e-14, 1.5993531435687478e-15, 2.190854361063069e-16, 3.1780979176151774e-17, 4.246879909400985e-18, 6.040382840602061e-19, 8.949327487717886e-20, 1.2365551095072662e-20, 2.0331498147697216e-21, 4.0006518261903316e-22, 1.7878823373640076e-22, 8.545248937941868e-23, 9.361277450153774e-23, 6.780300783769642e-23]
test_mses [21.056763065298654, 21.044901081747796, 19.720929768345716, 2.3399945066408847, 0.11515817376548668, 0.01779423298202792, 0.004304940602213107, 0.0007819359812084648, 5.834662588714452e-05, 9.399736889455919e-06, 7.303553298984711e-07, 9.886413754428495e-08, 9.223875767442135e-09, 9.793550235196783e-10, 1.3558600633851752e-10, 1.5896730986750923e-11, 2.043005004155855e-12, 2.889783071903278e-13, 3.686368814004583e-14, 5.05698530837926e-15, 7.378276969235249e-16, 9.849183514734342e-17, 1.4020502790681854e-17, 2.0892841777924287e-18, 2.8791374030781226e-19, 4.747149846217064e-20, 9.335907174619573e-21, 4.040271324015577e-21, 1.8693995115903635e-21, 2.025468809564758e-21, 1.4519404705213804e-21]
test_rres [1.0000031543154257, 0.9994398188715824, 0.9365633223502763, 0.11112828123036413, 0.005468957249201838, 0.0008450628928800706, 0.00020444520214259234, 3.7134788725899636e-05, 2.770929688949276e-06, 4.4640130631861997e-07, 3.468518078513107e-08, 4.69513994560193e-09, 4.380495156758762e-10, 4.651038289585493e-11, 6.439091972450124e-12, 7.54948948267003e-13, 9.702400326690849e-14, 1.3723819649910714e-14, 1.7506871452857435e-15, 2.4016042940806586e-16, 3.5040049696942636e-17, 4.677458995773783e-18, 6.658453140347964e-19, 9.922183963293346e-20, 1.3673262485108418e-20, 2.2544608615786417e-21, 4.433699801847096e-22, 1.9187583845515592e-22, 8.877933433875419e-23, 9.619119483137615e-23, 6.895385800262889e-23]
step_times_seconds [0.022754907608032227, 0.08121609687805176, 0.18222498893737793, 0.38683485984802246, 0.3799021244049072, 0.31029295921325684, 0.2761538028717041, 0.2937300205230713, 0.3591890335083008, 0.2710909843444824, 0.32375192642211914, 0.37453603744506836, 0.34349799156188965, 0.33648109436035156, 0.35840487480163574, 0.34241509437561035, 0.33532094955444336, 0.35632896423339844, 0.31999802589416504, 0.34276485443115234, 0.3294689655303955, 0.3101201057434082, 0.3238537311553955, 0.35988402366638184, 0.3512098789215088, 0.2499997615814209, 0.3810899257659912, 0.18989896774291992, 0.20351791381835938, 0.10217475891113281, 0.12899494171142578]
