date 2025-01-26T23:42:30.059438
sample_ratio 0.3
rank 16
seed 0
l2_regularization_strength 0
input_shape (100, 100, 100)
input_size 1000000
num_train_samples 300000
num_test_samples 1000000
num_iterations 10
max_num_richardson_iterations 1024
num_richardson_iterations [4, 4, 6, 6, 6, 6, 6, 6, 6, 6, 6, 6, 6, 6, 6, 6, 6, 6, 6, 6, 6, 6, 7, 5, 5, 3, 5, 5, 3, 3]
train_mses [21.035412900838814, 20.933107851503753, 19.681086819334727, 3.594593548701594, 0.16177271423238337, 0.021272959333330625, 0.007016503329293741, 0.001179350803097012, 0.0001696877864919906, 1.6475383284775247e-05, 3.558470510352932e-06, 1.3931296735574387e-07, 1.8966862894594062e-08, 1.3111365062462067e-09, 1.258877669136837e-10, 1.3378648468545764e-11, 1.3179777973000224e-12, 1.5029249550018456e-13, 1.6947415788021675e-14, 1.956313680401933e-15, 2.3654382019502495e-16, 2.7628256699642166e-17, 3.4811372552637135e-18, 4.477512938040046e-19, 1.664851766054106e-19, 1.0019899794063615e-19, 9.686380353435213e-20, 8.10095939451284e-20, 5.243824594944466e-20, 5.075230466356403e-20, 4.7548454035161954e-20]
train_rres [0.9999994070554747, 0.9951359423278694, 0.9356162982071645, 0.17088285522380642, 0.00769048932258835, 0.0010112920920509988, 0.0003335565221359032, 5.6064984764828734e-05, 8.066762781242107e-06, 7.83220828298072e-07, 1.6916560740461747e-07, 6.622778711670894e-09, 9.016629118575666e-10, 6.232992596797139e-11, 5.9845600779341766e-12, 6.360056062990762e-13, 6.265515309945483e-14, 7.144732888940776e-15, 8.056607122015878e-16, 9.300090897376376e-17, 1.1245021956675226e-17, 1.3134156409412293e-18, 1.6548927313918434e-19, 2.1285583050973608e-20, 7.914514379810332e-21, 4.763345459417786e-21, 4.604794141959893e-21, 3.8511031988206335e-21, 2.4928540791506293e-21, 2.41270636376427e-21, 2.26039897888909e-21]
test_mses [21.056763065298654, 21.098762954548985, 20.025451540946445, 3.6417469916777083, 0.16477813139361105, 0.02159432026432135, 0.007128128594398265, 0.0012049718765498576, 0.00017388439694363282, 1.69159215292163e-05, 3.64393209757432e-06, 1.4507496182357502e-07, 1.9886935108870495e-08, 1.3882556881746146e-09, 1.3461370014604523e-10, 1.4371351485708592e-11, 1.4337294592369683e-12, 1.633320893859743e-13, 1.8429384506566927e-14, 2.1474409539901333e-15, 2.590145132865131e-16, 3.0272677490192236e-17, 3.8337382181593514e-18, 4.903562200513772e-19, 1.717219838700013e-19, 1.016785999194507e-19, 9.860202632422304e-20, 8.161206621567795e-20, 5.3230953019722143e-20, 5.193019325998337e-20, 4.782609791928633e-20]
test_rres [1.0000031543154257, 1.0019977639142983, 0.9510253140730357, 0.17294958715178804, 0.007825450219714272, 0.0010255321918498583, 0.0003385207430344017, 5.722511450000707e-05, 8.25791432855267e-06, 8.033511530196153e-07, 1.7305335964437622e-07, 6.889730343922039e-09, 9.444470537501683e-10, 6.592941483293727e-11, 6.392916344390982e-12, 6.825074097532207e-13, 6.808900196225781e-14, 7.756776484609544e-15, 8.75226765932999e-16, 1.0198375320256292e-16, 1.2300814208563834e-17, 1.4376745792260476e-18, 1.820674098431081e-19, 2.3287423867995705e-20, 8.155219536962025e-21, 4.828801099699545e-21, 4.68269206621845e-21, 3.8758247596171924e-21, 2.5279821386537215e-21, 2.4662079780806277e-21, 2.271301084101666e-21]
step_times_seconds [0.01596808433532715, 0.16802215576171875, 0.16685199737548828, 0.23982501029968262, 0.22866582870483398, 0.24730491638183594, 0.21068811416625977, 0.22898006439208984, 0.22476482391357422, 0.19365692138671875, 0.239426851272583, 0.21232986450195312, 0.2002098560333252, 0.2270371913909912, 0.20696282386779785, 0.2083728313446045, 0.186661958694458, 0.22670793533325195, 0.21608376502990723, 0.21383094787597656, 0.22873401641845703, 0.22960472106933594, 0.21814703941345215, 0.26633477210998535, 0.177001953125, 0.12723207473754883, 0.08751106262207031, 0.1649618148803711, 0.15662002563476562, 0.11034822463989258, 0.10423088073730469]
