date 2025-01-26T23:42:30.059438
sample_ratio 0.7
rank 16
seed 0
l2_regularization_strength 0
input_shape (100, 100, 100)
input_size 1000000
num_train_samples 700000
num_test_samples 1000000
num_iterations 10
max_num_richardson_iterations 1024
num_richardson_iterations [3, 4, 6, 5, 4, 4, 4, 4, 4, 4, 4, 6, 4, 6, 4, 5, 5, 5, 5, 5, 5, 3, 3, 3, 2, 3, 5, 2, 3, 5]
train_mses [21.06396416056012, 21.01942259364377, 18.860585681614268, 0.6322294467961931, 0.03341656698547882, 0.008132311379538595, 0.0006463024362037416, 0.00010239408459517957, 1.2774718632235039e-05, 3.7271773960363274e-06, 4.827982372287082e-07, 2.086063005283384e-07, 8.438343669707451e-10, 2.1997187528266477e-10, 1.6339261445805237e-12, 1.9109722613844945e-13, 4.075326490127875e-15, 2.1766259168936202e-16, 7.563997648949602e-18, 3.3656839599838706e-19, 3.102904244462786e-20, 1.7636937010204447e-20, 1.7832856186108226e-20, 9.39039720785058e-21, 8.086778022061748e-21, 8.257848543068053e-21, 2.0690616574575746e-20, 1.7189425238754487e-20, 1.7333079311969296e-20, 2.3588144795911042e-20, 2.2661818468567418e-20]
train_rres [1.0000014632796708, 0.9978868740336203, 0.8953971406408029, 0.030014785778475144, 0.0015864352801088972, 0.00038607753115205953, 3.068289411235742e-05, 4.861109411593263e-06, 6.064735596702334e-07, 1.7694593579483807e-07, 2.2920611714747417e-08, 9.903482753179451e-09, 4.0060626542291895e-11, 1.0443057891966557e-11, 7.756984976886642e-14, 9.072247954397114e-15, 1.9347414486684694e-16, 1.033342577548421e-17, 3.5909711294307745e-19, 1.5978421057241726e-20, 1.4730887126599523e-21, 8.373050145517739e-22, 8.466061822282344e-22, 4.4580454453157465e-22, 3.839158571310726e-22, 3.9203734699054693e-22, 9.822769680493117e-22, 8.160596106537387e-22, 8.228795179763056e-22, 1.1198357124121007e-21, 1.0758588201349789e-21]
test_mses [21.056763065298654, 21.039012751540824, 18.924862218214912, 0.6342529903574702, 0.03353077611978533, 0.008147240537007912, 0.0006475816106484657, 0.0001026826403922714, 1.283266300992401e-05, 3.746580351051011e-06, 4.83959658482694e-07, 2.0923668793008316e-07, 8.50198026654385e-10, 2.2245840918560336e-10, 1.6603921615113548e-12, 1.9432540286621893e-13, 4.145560559193927e-15, 2.226589243924298e-16, 7.718683264330045e-18, 3.4429570502726944e-19, 3.13609449982427e-20, 1.7683068320215527e-20, 1.7871556300616822e-20, 9.394323407544115e-21, 8.107079311012843e-21, 8.278607566420347e-21, 2.0689230382527996e-20, 1.720517370203836e-20, 1.7371233510308226e-20, 2.355021295541375e-20, 2.26543060466427e-20]
test_rres [1.0000031543154257, 0.9991601771829542, 0.8987574136875686, 0.030121200918896588, 0.001592404387248307, 0.00038691921501463023, 3.075418815878407e-05, 4.8764838150707265e-06, 6.09433816982966e-07, 1.7792821039628616e-07, 2.2983645850186426e-08, 9.93682396860972e-09, 4.037660991913131e-11, 1.0564734484580185e-11, 7.885340181503403e-14, 9.228674665104734e-15, 1.9687611161999604e-16, 1.0574257118172672e-17, 3.665666744482721e-19, 1.6350888784607197e-20, 1.4893573064056545e-21, 8.397835908279903e-22, 8.487350414553883e-22, 4.461442155696361e-22, 3.8501192505977344e-22, 3.9315794427126394e-22, 9.82548722171942e-22, 8.170879787756754e-22, 8.24974296893988e-22, 1.1184191590693446e-21, 1.0758717964017899e-21]
step_times_seconds [0.03007674217224121, 0.1355116367340088, 0.18814992904663086, 0.2583730220794678, 0.21460509300231934, 0.17272210121154785, 0.16548514366149902, 0.1613001823425293, 0.210831880569458, 0.13237667083740234, 0.16274785995483398, 0.13916301727294922, 0.24190711975097656, 0.1557321548461914, 0.25189876556396484, 0.14188909530639648, 0.1974179744720459, 0.1754000186920166, 0.1722869873046875, 0.17670297622680664, 0.2081599235534668, 0.20204424858093262, 0.10844206809997559, 0.10775995254516602, 0.12132811546325684, 0.07308006286621094, 0.11640810966491699, 0.18945837020874023, 0.07045602798461914, 0.11615896224975586, 0.18533611297607422]
