date 2025-01-26T23:42:30.059438
sample_ratio 0.9
rank 16
seed 0
l2_regularization_strength 0
input_shape (100, 100, 100)
input_size 1000000
num_train_samples 900000
num_test_samples 1000000
num_iterations 10
max_num_richardson_iterations 1024
num_richardson_iterations [2, 3, 5, 4, 4, 4, 4, 4, 4, 4, 4, 4, 4, 4, 4, 4, 5, 3, 2, 5, 3, 2, 3, 3, 2, 3, 3, 2, 3, 3]
train_mses [21.044558006892448, 21.010155089962574, 18.247220953656146, 0.17821675604136367, 0.021172768907289162, 0.0018697001963485149, 0.00037701889021706474, 3.400284716702644e-05, 9.987643389042358e-06, 5.235231925107323e-07, 9.656469603128607e-09, 1.1780723278549904e-10, 2.1423755765413076e-12, 3.1585299793528565e-14, 5.153716416666351e-16, 9.691913879671268e-18, 1.7954162158166861e-19, 7.996298572727696e-19, 7.688846124257606e-19, 7.687566678429806e-19, 7.31362479494759e-20, 6.566593608756155e-20, 6.556652488383313e-20, 5.225122235106475e-21, 4.0580239676685974e-21, 4.026092877246662e-21, 1.797377519118369e-20, 1.6840228868451415e-20, 1.707179334684257e-20, 5.430726074075402e-21, 4.83895427362935e-21]
train_rres [1.0000033238149972, 0.9983685529033185, 0.8670783961376864, 0.008468571701174288, 0.0010060956982190612, 8.884512614965388e-05, 1.7915327242065423e-05, 1.615760244290389e-06, 4.7459664312503543e-07, 2.4876974485922096e-08, 4.588598010128997e-10, 5.598008963474651e-12, 1.0180221873511014e-13, 1.5008823072870886e-15, 2.4489625987765266e-17, 4.605440556473411e-19, 8.531527166595752e-21, 3.799711615860919e-20, 3.653615190227056e-20, 3.653007218284845e-20, 3.4753160896456106e-21, 3.1203389649465654e-21, 3.1156151054993716e-21, 2.4828934875870533e-22, 1.9283072870717671e-22, 1.9131341498908792e-22, 8.540846962336056e-22, 8.002204102714444e-22, 8.11223979364832e-22, 2.580593102989149e-22, 2.299392724633747e-22]
test_mses [21.056763065298654, 21.02891121465223, 18.275089605459602, 0.17861252721166876, 0.0211918529608843, 0.0018717720363781562, 0.00037800182815187205, 3.4018664721950245e-05, 9.994569997655291e-06, 5.232364980414767e-07, 9.634821352763812e-09, 1.1823466095759659e-10, 2.1505156732020906e-12, 3.179994067177934e-14, 5.188270970980234e-16, 9.76910984599279e-18, 1.815030270665155e-19, 7.997810388552626e-19, 7.694086307789447e-19, 7.69547719595665e-19, 7.308469691556531e-20, 6.56584414515419e-20, 6.558192777939067e-20, 5.22842545415915e-21, 4.063854301593782e-21, 4.034412932974465e-21, 1.798260732269183e-20, 1.685308890587848e-20, 1.7088768211089203e-20, 5.4370612631926296e-21, 4.8463102429522214e-21]
test_rres [1.0000031543154257, 0.9986804468122081, 0.8678991730202787, 0.008482457159157157, 0.0010064186855764682, 8.88920075100354e-05, 1.7951620546645886e-05, 1.6155746218948418e-06, 4.7465042431676585e-07, 2.484893555917554e-08, 4.575656625926316e-10, 5.61506217932716e-12, 1.0212977416984345e-13, 1.5102055752922873e-15, 2.463952944872918e-17, 4.639431345906212e-19, 8.619729396273154e-21, 3.7982265324292245e-20, 3.653985445675834e-20, 3.654645990010303e-20, 3.4708529141497275e-21, 3.118173878642413e-21, 3.1145401808483972e-21, 2.4830226422021316e-22, 1.9299581363335508e-22, 1.915976186023629e-22, 8.540089466620234e-22, 8.003671795885192e-22, 8.115597853981934e-22, 2.5821055195131564e-22, 2.3015529569832494e-22]
step_times_seconds [0.02148294448852539, 0.08471298217773438, 0.12975001335144043, 0.19640302658081055, 0.1526188850402832, 0.16784095764160156, 0.16184496879577637, 0.15909910202026367, 0.15801000595092773, 0.1640331745147705, 0.15457701683044434, 0.16798686981201172, 0.17798805236816406, 0.14869213104248047, 0.18511724472045898, 0.19183588027954102, 0.18001699447631836, 0.19455218315124512, 0.12065792083740234, 0.08072185516357422, 0.2068617343902588, 0.12607097625732422, 0.08715009689331055, 0.13564705848693848, 0.12291693687438965, 0.0896909236907959, 0.11364984512329102, 0.11061906814575195, 0.09497714042663574, 0.12082195281982422, 0.12091994285583496]
