date 2025-01-26T23:42:30.059438
sample_ratio 0.6
rank 16
seed 0
l2_regularization_strength 0
input_shape (100, 100, 100)
input_size 1000000
num_train_samples 600000
num_test_samples 1000000
num_iterations 10
max_num_richardson_iterations 1024
num_richardson_iterations [2, 2, 5, 5, 4, 4, 4, 4, 5, 4, 5, 4, 5, 5, 5, 5, 5, 5, 5, 5, 5, 5, 5, 5, 5, 5, 5, 5, 5, 4]
train_mses [21.051487559277096, 21.00799583338754, 19.310676869481373, 1.0813449250221807, 0.07034766578298213, 0.015258497046838126, 0.00311216915993528, 0.0007544471620728586, 0.00012888115241602182, 1.8196117755570577e-05, 4.374585307606809e-06, 1.6180360354924623e-07, 7.46894052294515e-08, 4.882487271761007e-09, 8.011005716291708e-10, 1.022604140075634e-10, 8.59807084706794e-12, 1.4140102834871468e-12, 1.794031110435733e-13, 1.8656116580569436e-14, 2.922024129398344e-15, 3.7166515811570344e-16, 4.462088441439518e-17, 6.678280126318785e-18, 8.637708030716354e-19, 1.1372187215690813e-19, 1.6472877598394642e-20, 2.177766572480582e-21, 3.112091141859118e-22, 4.906374423968512e-23, 1.210722369293751e-23]
train_rres [1.000001817083913, 0.9979358440834203, 0.9173086654435354, 0.05136676858923985, 0.003341701787700634, 0.0007248193140671158, 0.00014783633727756703, 3.583825280005854e-05, 6.122198549674193e-06, 8.643641342782277e-07, 2.0780447197744824e-07, 7.686102804106429e-09, 3.547945993652765e-09, 2.3193117017986863e-10, 3.805441420899007e-11, 4.857642460437519e-12, 4.084313018865548e-13, 6.716926055134521e-14, 8.522126359427732e-15, 8.862153055819207e-16, 1.3880394108651409e-16, 1.7655086483363277e-17, 2.119611042623095e-18, 3.172361213196613e-19, 4.103141738480204e-20, 5.4020922976997336e-21, 7.825056298093359e-22, 1.0344972171363129e-22, 1.4783263121082432e-23, 2.330658736323065e-24, 5.751254232598597e-25]
test_mses [21.056763065298654, 21.037902067856383, 19.38929421385428, 1.0860739077607138, 0.07046605543611727, 0.015330864654716963, 0.003144121190950934, 0.0007624138737548316, 0.00013039048428543947, 1.8534609659552435e-05, 4.447311328373656e-06, 1.681519076839818e-07, 7.70166747998197e-08, 5.091207463182768e-09, 8.357186206288332e-10, 1.0710415587573049e-10, 9.103276293007693e-12, 1.4928475706887981e-12, 1.8989290528528019e-13, 1.989622489188432e-14, 3.1088062854199888e-15, 3.962146912456566e-16, 4.781885786331838e-17, 7.145924854938115e-18, 9.255037310587946e-19, 1.2237585374097386e-19, 1.770735185357919e-20, 2.342286020856385e-21, 3.36044579318236e-22, 5.257886144724194e-23, 1.2716812871713841e-23]
test_rres [1.0000031543154257, 0.9991074298929532, 0.9208136746220785, 0.051578551281238456, 0.0033464914569139395, 0.000728075486510319, 0.00014931692486403123, 3.6207667640290316e-05, 6.192352318055874e-06, 8.802239957813151e-07, 2.1120650609046045e-07, 7.985673655855098e-09, 3.657585807271024e-09, 2.4178566794282327e-10, 3.9688970909599616e-11, 5.0864652550765855e-12, 4.3232214654182483e-13, 7.089657014097885e-14, 9.018171676174828e-15, 9.448882332556757e-16, 1.4763979069028468e-16, 1.8816564530980985e-17, 2.2709572478347657e-18, 3.393659022176856e-19, 4.3952940322281364e-20, 5.811730861648528e-21, 8.409368359818765e-22, 1.1123710714233136e-22, 1.5959035976552176e-23, 2.4970137686644446e-24, 6.039319977679809e-25]
step_times_seconds [0.016728639602661133, 0.08502197265625, 0.11029195785522461, 0.19993901252746582, 0.19353508949279785, 0.14995217323303223, 0.14608979225158691, 0.18131709098815918, 0.1536250114440918, 0.19460010528564453, 0.1485450267791748, 0.19389700889587402, 0.15549588203430176, 0.18985891342163086, 0.18481802940368652, 0.19520998001098633, 0.19606399536132812, 0.19927000999450684, 0.19739603996276855, 0.198883056640625, 0.18554019927978516, 0.18178629875183105, 0.18936872482299805, 0.18493127822875977, 0.20075631141662598, 0.19196724891662598, 0.20327401161193848, 0.21546125411987305, 0.18942975997924805, 0.19609904289245605, 0.14497590065002441]
