date 2025-01-26T23:42:30.059438
sample_ratio 0.9
rank 16
seed 0
l2_regularization_strength 0
input_shape (100, 100, 100)
input_size 1000000
num_train_samples 900000
num_test_samples 1000000
num_iterations 10
max_num_richardson_iterations 1024
num_richardson_iterations [3, 4, 6, 5, 5, 5, 5, 5, 5, 5, 6, 5, 6, 5, 6, 6, 5, 6, 5, 2, 5, 2, 2, 4, 3, 2, 4, 3, 2, 3]
train_mses [21.044558006892448, 21.009808771791278, 18.24957879135043, 0.17966332932683907, 0.02101816509192991, 0.0018779953254506334, 0.00040054009439854466, 2.482679885186576e-05, 5.472692437432462e-06, 8.514776729672311e-08, 1.5479611081302982e-08, 2.461089311687984e-11, 4.567696445997244e-12, 1.2317844659404441e-14, 9.90332830880704e-16, 7.671932085483849e-18, 2.915204648033814e-19, 4.703008398392931e-21, 1.1134759035341742e-21, 9.895319456424574e-22, 1.214472777441828e-21, 9.63399852757865e-22, 1.1481552105900074e-21, 1.237052384727895e-21, 1.0193304442394118e-21, 1.0159460715213292e-21, 1.3509138738758145e-21, 1.0178069376598961e-21, 1.076076866068571e-21, 1.1141114957898255e-21, 1.0529386079087736e-21]
train_rres [1.0000033238149972, 0.9983520964245328, 0.8671904367674077, 0.008537310521592546, 0.0009987491752280295, 8.923929725416821e-05, 1.9033016782226236e-05, 1.1797292850446608e-06, 2.6005348393904284e-07, 4.0460840415019225e-09, 7.355660559654708e-10, 1.1694697940852438e-12, 2.1704953968048137e-13, 5.853240347270273e-16, 4.705901270245105e-17, 3.645577912852376e-19, 1.3852580494586587e-20, 2.234793445784159e-22, 5.291057213733823e-23, 4.702095593262112e-23, 5.770978006413334e-23, 4.577920118850742e-23, 5.455847666030686e-23, 5.87827264443381e-23, 4.8436932340008303e-23, 4.827611242799101e-23, 6.419324005860138e-23, 4.836453777401786e-23, 5.1133430428738976e-23, 5.294077445225661e-23, 5.0033937863511006e-23]
test_mses [21.056763065298654, 21.029225005076665, 18.277371111698685, 0.18005912112403394, 0.02103796291130809, 0.0018800967091771885, 0.00040176021140591293, 2.482120078993423e-05, 5.474282559474562e-06, 8.538800933362574e-08, 1.5536430726343738e-08, 2.4750647473623295e-11, 4.591315531091484e-12, 1.2433560081425246e-14, 9.952897556475772e-16, 7.743158879778756e-18, 2.9378064612248794e-19, 4.737967164717805e-21, 1.1158690342601908e-21, 9.899263260709965e-22, 1.2145285016666152e-21, 9.640096903906083e-22, 1.1488840954126076e-21, 1.2378559675186853e-21, 1.0199822583068533e-21, 1.015972021108804e-21, 1.3524172329848293e-21, 1.0193916650262204e-21, 1.0778932706091536e-21, 1.1158206880169183e-21, 1.0551002830617689e-21]
test_rres [1.0000031543154257, 0.9986953489798992, 0.8680075236451396, 0.0085511571046755, 0.0009991103193989724, 8.928735313043588e-05, 1.907992588597078e-05, 1.178779426204211e-06, 2.5997822220406134e-07, 4.055147432183432e-09, 7.378379898642071e-10, 1.1754287906559286e-12, 2.180453851957596e-13, 5.904800876677034e-16, 4.726713654985461e-17, 3.677290417397984e-19, 1.3951886711564945e-20, 2.25009992992174e-22, 5.299354656756555e-23, 4.70124228278121e-23, 5.767896655845175e-23, 4.578162028948928e-23, 5.456145922298895e-23, 5.878680727271135e-23, 4.8439803995019117e-23, 4.8249354502133324e-23, 6.422741685136531e-23, 4.8411756229951004e-23, 5.119004603328078e-23, 5.299125056434694e-23, 5.010758813730816e-23]
step_times_seconds [0.02958369255065918, 0.1565847396850586, 0.18321585655212402, 0.23966526985168457, 0.21843981742858887, 0.22585272789001465, 0.2247638702392578, 0.21647095680236816, 0.21797680854797363, 0.20196199417114258, 0.20035266876220703, 0.24236702919006348, 0.20014119148254395, 0.23486900329589844, 0.21492791175842285, 0.24357390403747559, 0.25711512565612793, 0.1903669834136963, 0.2551600933074951, 0.20739984512329102, 0.08342409133911133, 0.19415903091430664, 0.07311892509460449, 0.10634279251098633, 0.16573190689086914, 0.24669504165649414, 0.07278800010681152, 0.1725170612335205, 0.11573314666748047, 0.07453322410583496, 0.11542677879333496]
