date 2025-01-26T23:42:30.059438
sample_ratio 0.3
rank 16
seed 0
l2_regularization_strength 0
input_shape (100, 100, 100)
input_size 1000000
num_train_samples 300000
num_test_samples 1000000
num_iterations 10
max_num_richardson_iterations 1024
num_richardson_iterations [2, 2, 4, 4, 4, 4, 4, 4, 4, 4, 4, 4, 4, 4, 4, 4, 4, 4, 4, 4, 4, 4, 5, 4, 2, 3, 4, 2, 3, 2]
train_mses [21.035412900838814, 20.983032825527694, 20.31483924792458, 4.128199867671678, 0.39272358031819465, 0.03451474805617879, 0.0186056711903223, 0.005200013882349073, 0.0013792516707540731, 0.000253397662538576, 5.301123925734752e-05, 1.655392612133264e-05, 4.320694695826062e-06, 1.1626355686884245e-06, 8.367540558719977e-08, 1.3608575351446503e-08, 3.882914723587289e-09, 2.7416689542892103e-10, 6.400880200179266e-11, 2.3755030698218458e-11, 1.4620964849180696e-12, 3.1541510093371145e-13, 8.224121382276121e-14, 1.1548322469798023e-14, 4.818896936050795e-15, 4.430470898831693e-15, 5.124928132617762e-15, 2.647414191242104e-15, 2.429061827942722e-15, 1.9400791248453966e-15, 1.8252907185859944e-15]
train_rres [0.9999994070554747, 0.9975093183417632, 0.965744161910023, 0.1962498877173716, 0.01866962865460261, 0.001640791542982813, 0.0008844922724311965, 0.00024720269687798487, 6.556804277796451e-05, 1.2046234294631544e-05, 2.5200935239312337e-06, 7.869546646794209e-07, 2.0540087110538743e-07, 5.527036168915266e-08, 3.977832827279062e-09, 6.469360666447195e-10, 1.8458931324706374e-10, 1.3033579809228684e-11, 3.042905045404243e-12, 1.1292869184353302e-12, 6.950639024146089e-14, 1.4994472197761166e-14, 3.909652995449604e-15, 5.489940072354336e-16, 2.2908483429484186e-16, 2.1061950591098493e-16, 2.436332064399516e-16, 1.2585503474318702e-16, 1.15474813786372e-16, 9.222913681949822e-17, 8.677222761893445e-17]
test_mses [21.056763065298654, 21.048074571842363, 20.470061768003678, 4.210985185599536, 0.4003162904902935, 0.0355229258325604, 0.019166157129587316, 0.005305846744963875, 0.0014091978200092543, 0.00026035047628334145, 5.460948444430135e-05, 1.7148732197524605e-05, 4.484559219697447e-06, 1.198769008652141e-06, 8.868626082272024e-08, 1.4715530215794496e-08, 4.2489297387301824e-09, 3.0905426383714914e-10, 7.402580782712261e-11, 2.715254580601677e-11, 1.6797100871011357e-12, 3.6811468518358865e-13, 9.61693141906142e-14, 1.274008325234894e-14, 5.019174454750869e-15, 4.594256270920472e-15, 5.2055235953083456e-15, 2.730701730584182e-15, 2.494757451088081e-15, 1.981296006094325e-15, 1.8708859698456758e-15]
test_rres [1.0000031543154257, 0.9995905305500543, 0.9721402227662357, 0.1999831814280491, 0.01901135288328638, 0.0016870132305195074, 0.0009102167092946089, 0.00025197906557737366, 6.692397405496898e-05, 1.2364260200083714e-05, 2.5934497401377293e-06, 8.144075248819295e-07, 2.1297543936381684e-07, 5.693053515539067e-08, 4.21178413282882e-09, 6.988527433007775e-10, 2.0178519974881697e-10, 1.4677243493379146e-11, 3.515547052427273e-12, 1.2894969359491979e-12, 7.977082613446553e-14, 1.7482071921114504e-14, 4.567160547931132e-15, 6.050371274579079e-16, 2.3836476058762586e-16, 2.1818504337094487e-16, 2.4721463593568195e-16, 1.2968329156815933e-16, 1.1847810190975374e-16, 9.409339173275151e-17, 8.884992747500505e-17]
step_times_seconds [0.01585674285888672, 0.07437491416931152, 0.08659791946411133, 0.14594674110412598, 0.13193988800048828, 0.13971209526062012, 0.14674925804138184, 0.13213801383972168, 0.16530919075012207, 0.15413212776184082, 0.14116597175598145, 0.16303086280822754, 0.14328479766845703, 0.12529897689819336, 0.1469402313232422, 0.12861371040344238, 0.12883901596069336, 0.13077521324157715, 0.14782094955444336, 0.15215587615966797, 0.13968610763549805, 0.13983893394470215, 0.15558886528015137, 0.18947482109069824, 0.1330718994140625, 0.06662821769714355, 0.11263322830200195, 0.15788698196411133, 0.07114696502685547, 0.11595678329467773, 0.06810784339904785]
