date 2025-01-26T23:42:30.059438
sample_ratio 0.8
rank 16
seed 0
l2_regularization_strength 0
input_shape (100, 100, 100)
input_size 1000000
num_train_samples 800000
num_test_samples 1000000
num_iterations 10
max_num_richardson_iterations 1024
num_richardson_iterations [3, 4, 6, 5, 4, 4, 4, 4, 4, 4, 5, 4, 5, 4, 5, 4, 4, 5, 5, 5, 3, 3, 5, 3, 5, 3, 3, 5, 3, 3]
train_mses [21.061165638700185, 21.021724385225863, 18.693406646378516, 0.42482288848200883, 0.02905232683713388, 0.0047575171863782125, 0.0006065740167581386, 9.286317072885887e-05, 1.1964843229872042e-05, 3.8959700263528866e-07, 2.7236482808650587e-08, 3.778868184290384e-10, 1.4991094865152238e-11, 2.369504387834464e-13, 1.1203246736858328e-14, 2.2082879193797164e-16, 9.336468891428598e-18, 2.399211604163457e-19, 1.07302095663073e-20, 5.1336986817378e-22, 9.82938822162733e-20, 9.529502255433275e-20, 9.517816568419745e-20, 1.7948512374829602e-22, 2.205147178359662e-22, 1.477632004520268e-21, 1.4365464954295357e-21, 1.7294620110535013e-21, 2.5765390906859222e-21, 2.4562568597780635e-21, 2.2912441919584353e-21]
train_rres [1.0000025686291727, 0.9981298634113853, 0.8875793003811091, 0.0201709623760735, 0.001379429892921213, 0.00022589107783918763, 2.880066494075059e-05, 4.409224582008437e-06, 5.681012232832824e-07, 1.8498406500807507e-08, 1.2932120299660596e-09, 1.7942396710739036e-11, 7.117902982620023e-13, 1.1250614115386619e-14, 5.319399555577565e-16, 1.0485144220102982e-17, 4.433037104175766e-19, 1.1391666577275186e-20, 5.094797368916591e-22, 2.43752504318789e-23, 4.667079514164677e-21, 4.524691034042357e-21, 4.5191425676230745e-21, 8.522110687416733e-24, 1.0470231706990782e-23, 7.015926019278652e-23, 6.820848427995318e-23, 8.211636920143476e-23, 1.22336329957206e-22, 1.166252244119704e-22, 1.0879027859241108e-22]
test_mses [21.056763065298654, 21.03398597498954, 18.735410647001526, 0.42556629682245073, 0.02910367065537331, 0.004765637296180532, 0.0006075815404039964, 9.311203633735302e-05, 1.2007040912610507e-05, 3.91888442868307e-07, 2.73075464367792e-08, 3.80569962774828e-10, 1.513944214582332e-11, 2.398542878460637e-13, 1.1382721741870572e-14, 2.247265551561612e-16, 9.510399122135444e-18, 2.448504823538734e-19, 1.0970953534082142e-20, 5.216155589188394e-22, 9.812219633963565e-20, 9.52149248979069e-20, 9.51693211476103e-20, 1.8046145683141963e-22, 2.208175666253809e-22, 1.4724164627144361e-21, 1.4326435492816361e-21, 1.7279563593766058e-21, 2.5758169390994695e-21, 2.4578746035221435e-21, 2.294409062273499e-21]
test_rres [1.0000031543154257, 0.9989214513924928, 0.8897602013327592, 0.020210496640583706, 0.0013821574744075137, 0.00022632407050053761, 2.8854551624276644e-05, 4.421967885250787e-06, 5.70224338345357e-07, 1.8611107404912485e-08, 1.296858044548969e-09, 1.807358339134802e-11, 7.189846726892679e-13, 1.139087920010947e-14, 5.405749027648047e-16, 1.0672450619200304e-17, 4.516567475941826e-19, 1.1628152623944343e-20, 5.210196888243566e-22, 2.4771955814921212e-23, 4.65990454200903e-21, 4.5218358083122025e-21, 4.5196700483611694e-21, 8.570264361343192e-24, 1.0486809509555815e-23, 6.992627986620288e-23, 6.803743119721348e-23, 8.206208164747173e-23, 1.223276842718295e-22, 1.1672650486743079e-22, 1.0896339064310286e-22]
step_times_seconds [0.034438133239746094, 0.11662101745605469, 0.16172289848327637, 0.24773287773132324, 0.20793890953063965, 0.16175007820129395, 0.17858076095581055, 0.15667319297790527, 0.15789318084716797, 0.14419913291931152, 0.13806700706481934, 0.21349501609802246, 0.14159202575683594, 0.1728818416595459, 0.16017889976501465, 0.1936781406402588, 0.16069579124450684, 0.17346715927124023, 0.20797491073608398, 0.18845415115356445, 0.21993803977966309, 0.10150313377380371, 0.1121668815612793, 0.203657865524292, 0.12304806709289551, 0.18298101425170898, 0.11317086219787598, 0.13029789924621582, 0.2076101303100586, 0.1282508373260498, 0.1260509490966797]
