date 2025-01-26T23:42:30.059438
sample_ratio 0.2
rank 16
seed 0
l2_regularization_strength 0
input_shape (100, 100, 100)
input_size 1000000
num_train_samples 200000
num_test_samples 1000000
num_iterations 10
max_num_richardson_iterations 1024
num_richardson_iterations [4, 4, 6, 8, 8, 6, 6, 6, 6, 6, 6, 6, 6, 6, 6, 6, 6, 6, 6, 6, 6, 6, 6, 6, 6, 6, 6, 7, 7, 6]
train_mses [21.075277966255907, 20.915134201999948, 19.827601804236945, 5.182343193862625, 0.2960401561869203, 0.02535876118334503, 0.010430410333499554, 0.0025081702707489026, 0.000531136235078064, 0.0001333780050460249, 2.9664207334499825e-05, 7.136144437338091e-06, 9.942810308542964e-07, 1.8251989531818738e-07, 1.406770201966199e-08, 2.071403491048327e-09, 3.020401284637896e-10, 3.877736622046921e-11, 6.599966753713191e-12, 1.0954927621358186e-12, 1.6877386877073286e-13, 2.899429566015981e-14, 5.351960554215416e-15, 8.479642891475098e-16, 1.5247292569283171e-16, 2.907179233832624e-17, 4.723684170519416e-18, 8.697081225524974e-19, 1.7371289568185049e-19, 3.2163363864140055e-20, 8.668734288336025e-21]
train_rres [1.0000009369824092, 0.9924022749593383, 0.9407999464632206, 0.24589702009741496, 0.014046810392979675, 0.001203247946938621, 0.000494912575924784, 0.00011901017983611963, 2.5201885051945118e-05, 6.328653421910926e-06, 1.407537076229141e-06, 3.38602942044501e-07, 4.7177644065719976e-08, 8.660387143095123e-09, 6.674984416991059e-10, 9.828603139818763e-11, 1.4331503098259504e-11, 1.8399473836723095e-12, 3.1316184528305164e-13, 5.1980039852726266e-14, 8.00815188198736e-15, 1.375750434880539e-15, 2.5394519481439147e-16, 4.0235060483322113e-17, 7.234688377605692e-18, 1.379427575030412e-18, 2.2413410651530156e-19, 4.126678370962506e-20, 8.242503786944769e-21, 1.5261195630322756e-21, 4.1132280317570554e-22]
test_mses [21.056763065298654, 21.15411516881338, 20.420603577562975, 5.285308928337857, 0.3024744485608257, 0.025933881817314448, 0.010767506378831315, 0.0026095146806872395, 0.0005581546952782385, 0.00014096643001069138, 3.121711269013446e-05, 7.540300838176719e-06, 1.0690878645569425e-06, 1.9619543416372734e-07, 1.5335412559842946e-08, 2.2988769174068506e-09, 3.414878048526533e-10, 4.4214233988624686e-11, 7.592441198250731e-12, 1.2847177445957563e-12, 1.9466558037023992e-13, 3.3900456067051226e-14, 6.360762169865725e-15, 9.857752893982499e-16, 1.7948582153682864e-16, 3.476178820027651e-17, 5.510594447357727e-18, 1.0263239418770298e-18, 2.0600792834137506e-19, 3.6453743847742904e-20, 9.590196666273422e-21]
test_rres [1.0000031543154257, 1.004626486510031, 0.9697914122537149, 0.25100370762016627, 0.014364762604900149, 0.0012316215716791173, 0.0005113578145677854, 0.00012392801798772764, 2.6507229726777916e-05, 6.694612758196826e-06, 1.482526590718031e-06, 3.5809514497935116e-07, 5.077186999169579e-08, 9.317484003481096e-09, 7.282914702993472e-10, 1.0917557279154233e-10, 1.621753927486007e-11, 2.09977066831938e-12, 3.605713339538608e-13, 6.101231195966512e-14, 9.244829977105597e-15, 1.6099607947648205e-15, 3.0207787464724177e-16, 4.6815286651014514e-17, 8.5239306314614e-18, 1.6508661726459058e-18, 2.617027038971737e-19, 4.874097581113258e-20, 9.783487495989422e-21, 1.731218550605485e-21, 4.554463991943427e-22]
step_times_seconds [0.025758028030395508, 0.16717004776000977, 0.1638946533203125, 0.21106195449829102, 0.2557399272918701, 0.28472375869750977, 0.20913100242614746, 0.19308090209960938, 0.2413032054901123, 0.2109999656677246, 0.21562695503234863, 0.1817169189453125, 0.21664690971374512, 0.2091360092163086, 0.2141282558441162, 0.19260096549987793, 0.2105100154876709, 0.19418096542358398, 0.22920870780944824, 0.2063448429107666, 0.20499706268310547, 0.19109678268432617, 0.1992640495300293, 0.22941803932189941, 0.1920609474182129, 0.23116779327392578, 0.20573806762695312, 0.19878506660461426, 0.2363283634185791, 0.2707998752593994, 0.20542597770690918]
