date 2025-01-26T23:42:30.059438
sample_ratio 0.9
rank 16
seed 0
l2_regularization_strength 0
input_shape (100, 100, 100)
input_size 1000000
num_train_samples 900000
num_test_samples 1000000
num_iterations 10
max_num_richardson_iterations 1024
num_richardson_iterations [3, 4, 5, 4, 5, 4, 5, 4, 5, 4, 6, 4, 5, 5, 5, 5, 5, 4, 3, 2, 4, 2, 2, 4, 2, 2, 4, 2, 2, 4]
train_mses [21.044558006892448, 21.009808771791278, 18.24957879135043, 0.17966374365174567, 0.021039309561230832, 0.0018843051414336703, 0.00040034504112956354, 2.4053729770079722e-05, 6.610134242173277e-06, 4.750189161643278e-08, 1.3440349563484394e-08, 1.5201638769368096e-11, 3.810652664383639e-12, 9.055947399186314e-15, 9.516281270029967e-16, 7.252846451648999e-18, 3.550958596749203e-19, 8.6622507530639e-20, 5.245676453211583e-20, 5.2329845707806834e-20, 5.98143084783372e-20, 4.668391227627445e-20, 4.664271723718769e-20, 1.4677552150964967e-19, 4.232791009338407e-20, 4.2361598132283536e-20, 5.950938084539453e-20, 4.2148952434032545e-20, 4.218751385290911e-20, 7.697222833038943e-20, 4.539648856525194e-20]
train_rres [1.0000033238149972, 0.9983520964245328, 0.8671904367674077, 0.008537330209641286, 0.000999753926174773, 8.953912949363039e-05, 1.9023748166689704e-05, 1.1429942939333505e-06, 3.1410287689918063e-07, 2.2572129805897946e-09, 6.386636503516912e-10, 7.223572617597486e-13, 1.8107604488723676e-13, 4.303239581707589e-16, 4.5219827839917654e-17, 3.446435204955776e-19, 1.6873580325686285e-20, 4.116161309705731e-21, 2.492660519242835e-21, 2.4866295422024944e-21, 2.842279095167621e-21, 2.2183439267136137e-21, 2.21638640515398e-21, 6.974535141876473e-21, 2.011353755667536e-21, 2.0129545567326496e-21, 2.8277894277502376e-21, 2.0028499774406393e-21, 2.0046823536319076e-21, 3.6575956666149294e-21, 2.157167636398602e-21]
test_mses [21.056763065298654, 21.029225005076665, 18.277371111698685, 0.18005901585182257, 0.02105884314419698, 0.001886562519452891, 0.0004015584008947636, 2.4050509796135877e-05, 6.608674350165502e-06, 4.764232643088915e-08, 1.3483544132998508e-08, 1.5314948326168815e-11, 3.829970695313511e-12, 9.158505475417453e-15, 9.575815913581635e-16, 7.333853031461949e-18, 3.574819674200748e-19, 8.676585025331269e-20, 5.2516781409447935e-20, 5.2414269043052943e-20, 5.985238192234834e-20, 4.673626301255604e-20, 4.671155024999661e-20, 1.468170732390589e-19, 4.237912143514357e-20, 4.242823246691932e-20, 5.959044254021032e-20, 4.2228335039093363e-20, 4.228045349678422e-20, 7.704704037523574e-20, 4.544950132905961e-20]
test_rres [1.0000031543154257, 0.9986953489798992, 0.8680075236451396, 0.00855115210521081, 0.001000101938988697, 8.959441982681538e-05, 1.9070341737300945e-05, 1.1421786712633464e-06, 3.138514298477345e-07, 2.2625736235940596e-09, 6.403447017253371e-10, 7.27319606857596e-13, 1.8188848705625277e-13, 4.3494502625266887e-16, 4.547634453135102e-17, 3.482907672943262e-19, 1.6977115329757773e-20, 4.120582241017012e-21, 2.4940655361454427e-21, 2.489197138783824e-21, 2.842439292783627e-21, 2.2195439198578708e-21, 2.2183702902532326e-21, 6.972464660932225e-21, 2.012619650078157e-21, 2.0149519737375507e-21, 2.829999574125771e-21, 2.0054586789825305e-21, 2.007933827794686e-21, 3.6590278936498504e-21, 2.1584345395434178e-21]
step_times_seconds [0.029922008514404297, 0.12713909149169922, 0.2057650089263916, 0.2327260971069336, 0.19626784324645996, 0.20894312858581543, 0.1616349220275879, 0.20482373237609863, 0.16259098052978516, 0.16878104209899902, 0.1578812599182129, 0.22893118858337402, 0.14444613456726074, 0.21323585510253906, 0.19896912574768066, 0.23696589469909668, 0.17480707168579102, 0.21738791465759277, 0.15724420547485352, 0.1345348358154297, 0.08953094482421875, 0.14793705940246582, 0.07576584815979004, 0.0878450870513916, 0.17493605613708496, 0.08690094947814941, 0.08309102058410645, 0.16593575477600098, 0.07117104530334473, 0.08174490928649902, 0.16049623489379883]
