date 2025-01-26T23:42:30.059438
sample_ratio 0.8
rank 16
seed 0
l2_regularization_strength 0
input_shape (100, 100, 100)
input_size 1000000
num_train_samples 800000
num_test_samples 1000000
num_iterations 10
max_num_richardson_iterations 1024
num_richardson_iterations [2, 3, 4, 4, 4, 4, 4, 4, 4, 5, 4, 4, 4, 4, 4, 4, 4, 4, 4, 5, 3, 2, 2, 3, 2, 2, 3, 2, 2, 3]
train_mses [21.061165638700185, 21.023312808559094, 18.69593728528749, 0.4252946374218527, 0.030505285940369026, 0.006010136570475607, 0.0008251432605007714, 0.00011972798114852328, 6.175178549580425e-06, 1.1890729012897545e-06, 1.0567330864834025e-08, 1.0416969918158542e-09, 1.8953134933467573e-11, 2.2633439297999362e-12, 1.639843809666273e-13, 6.546053997975252e-15, 6.222660583262586e-16, 3.9462739974444645e-17, 2.2740127149630706e-18, 1.989922485561545e-19, 2.5043385962826313e-20, 1.178362404308786e-20, 1.1067655229135987e-20, 1.873415039317422e-20, 1.3939706251357464e-20, 1.392709152803488e-20, 1.9072839634487955e-20, 1.1682835961758277e-20, 1.1739242127384985e-20, 1.4731686269680248e-20, 1.2907285757490426e-20]
train_rres [1.0000025686291727, 0.9982052831407846, 0.8876994573302855, 0.020193361428418686, 0.001448417662177367, 0.0002853665419754354, 3.917852383590801e-05, 5.684789281810027e-06, 2.932028795204567e-07, 5.645822154269342e-08, 5.017461136609977e-10, 4.946068443785461e-11, 8.999114266598871e-13, 1.0746554973824645e-13, 7.78612186024347e-15, 3.1081237024849284e-16, 2.954573680165089e-17, 1.8737254156092983e-18, 1.0797211299074201e-19, 9.448326037937677e-21, 1.1890818732264462e-21, 5.594967777659803e-22, 5.255019521569622e-22, 8.895138491212042e-22, 6.618694471344516e-22, 6.612704890358576e-22, 9.055951105808477e-22, 5.547112714960144e-22, 5.573894855835378e-22, 6.994733512208657e-22, 6.1284921893419725e-22]
test_mses [21.056763065298654, 21.032213507640225, 18.737295757623105, 0.426059400678596, 0.03053074198855248, 0.006012933488011488, 0.0008279991084908732, 0.00012009879003439758, 6.20236124225242e-06, 1.1927869449132492e-06, 1.0728539392727274e-08, 1.0535772439613627e-09, 1.9459430460017938e-11, 2.3218605324951173e-12, 1.678256791727005e-13, 6.745224544037474e-15, 6.412577255893629e-16, 4.0656305888947655e-17, 2.3501671058481494e-18, 2.0553970222835556e-19, 2.538349834993803e-20, 1.1801684059997109e-20, 1.1071021230577129e-20, 1.8705578726242132e-20, 1.392678935221264e-20, 1.3919108948444287e-20, 1.905062945575598e-20, 1.1674722458245386e-20, 1.1737265689433581e-20, 1.4729826258359078e-20, 1.2910954075487027e-20]
test_rres [1.0000031543154257, 0.9988372754469905, 0.889849726800751, 0.020233914551970236, 0.0014499302764372853, 0.0002855592018608801, 3.9322364871254725e-05, 5.703591216343498e-06, 2.945552831279005e-07, 5.664644198353626e-08, 5.095072400565292e-10, 5.0035257746363036e-11, 9.241445031629138e-13, 1.1026708374764532e-13, 7.970180793096596e-15, 3.203363118863889e-16, 3.045386160873362e-17, 1.9308017099153235e-18, 1.11611386409603e-19, 9.76125104927155e-21, 1.2054834040152321e-21, 5.604717709760582e-22, 5.257719867834373e-22, 8.883434586564908e-22, 6.613947850631618e-22, 6.61030036313748e-22, 9.047302041806083e-22, 5.544422591353758e-22, 5.574124890931012e-22, 6.995316742273628e-22, 6.13151924665279e-22]
step_times_seconds [0.023728132247924805, 0.08676791191101074, 0.1292107105255127, 0.17043590545654297, 0.15575885772705078, 0.1519637107849121, 0.14708518981933594, 0.18365788459777832, 0.16814017295837402, 0.14897394180297852, 0.19636201858520508, 0.1680309772491455, 0.15500497817993164, 0.1455552577972412, 0.19754910469055176, 0.14353609085083008, 0.15426087379455566, 0.16657209396362305, 0.16376090049743652, 0.15423798561096191, 0.20612311363220215, 0.1267566680908203, 0.07390117645263672, 0.06773090362548828, 0.10731816291809082, 0.07046890258789062, 0.11332511901855469, 0.11500811576843262, 0.07321810722351074, 0.06561779975891113, 0.11973881721496582]
