date 2025-01-26T23:42:30.059438
sample_ratio 0.5
rank 16
seed 0
l2_regularization_strength 0
input_shape (100, 100, 100)
input_size 1000000
num_train_samples 500000
num_test_samples 1000000
num_iterations 10
max_num_richardson_iterations 1024
num_richardson_iterations [2, 2, 6, 6, 5, 5, 5, 5, 5, 5, 5, 5, 5, 5, 5, 5, 5, 5, 5, 5, 5, 5, 5, 5, 5, 5, 5, 5, 5, 5]
train_mses [21.053038058674616, 21.006556060740692, 19.616431186314493, 1.438803706286586, 0.11810769248224416, 0.018631838333748277, 0.00478012044728234, 0.0012814151889934246, 0.00021735020700509514, 4.444900454838064e-05, 8.28984384141291e-06, 8.777009835984374e-07, 2.0069579454563637e-07, 3.432618381808982e-08, 5.2315030568704155e-09, 1.268815195851397e-09, 2.389940597733226e-10, 4.0399278706634594e-11, 9.81323257210678e-12, 1.9647890943571855e-12, 3.5912734584954857e-13, 8.608867167527943e-14, 1.798567632156259e-14, 3.483279484778983e-15, 8.2166190797476e-16, 1.7691835711695727e-16, 3.583669792557967e-17, 8.334262059581182e-18, 1.8329655919014944e-18, 3.85468199787601e-19, 8.905882792182311e-20]
train_rres [1.0000010092909246, 0.9977931547894394, 0.931763431497611, 0.06834192549541651, 0.005610012738213884, 0.0008849961267711961, 0.000227051566547895, 6.0866107720075836e-05, 1.0323945920248325e-05, 2.111289082671986e-06, 3.937603772516502e-07, 4.169003385677297e-08, 9.53287580380288e-09, 1.6304638963520981e-09, 2.4849184817881434e-10, 6.026761899726204e-11, 1.1352010114729442e-11, 1.9189306250559863e-12, 4.661200178883419e-13, 9.33257742623717e-14, 1.705823678808892e-14, 4.089137079592309e-15, 8.543039928117033e-16, 1.6545274799359022e-16, 3.902822647167124e-17, 8.403468192380558e-18, 1.7022120035767292e-18, 3.958702040080254e-19, 8.706427247167694e-20, 1.8309404455682808e-20, 4.230216919756832e-21]
test_mses [21.056763065298654, 21.041500528192206, 19.698844815141474, 1.4461112194664578, 0.11855879403924813, 0.018807649177644555, 0.0048358579462911295, 0.0012964947716881245, 0.00022085051569318596, 4.5389115227583025e-05, 8.491170438243435e-06, 9.080223151394505e-07, 2.0871125743747465e-07, 3.6110485546238666e-08, 5.543259485576214e-09, 1.348259128479575e-09, 2.563696754748881e-10, 4.358281223277365e-11, 1.058937281178403e-11, 2.136249643677616e-12, 3.9203757032359487e-13, 9.388874487259262e-14, 1.9735787833857217e-14, 3.834023484185665e-15, 9.03126105023244e-16, 1.9541594384285114e-16, 3.9690111401149523e-17, 9.216789349178831e-18, 2.0347459165977004e-18, 4.28965205477442e-19, 9.897267692421693e-20]
test_rres [1.0000031543154257, 0.9992783237608922, 0.9355144895929021, 0.0686770220319651, 0.005630455528393413, 0.0008931908691083391, 0.00022965890745486515, 6.15716127507841e-05, 1.04883742881324e-05, 2.1555667534660356e-06, 4.0325273147356365e-07, 4.312273337133488e-08, 9.91187083842762e-09, 1.7149169289751936e-09, 2.632539936729585e-10, 6.402994501733588e-11, 1.2175208665770964e-11, 2.0697839250770154e-12, 5.028981036243543e-13, 1.0145226858744261e-13, 1.861818959153445e-14, 4.458854418229036e-15, 9.372689442130694e-16, 1.8208095736345815e-16, 4.289020828924064e-17, 9.280465361194184e-18, 1.884916331783649e-18, 4.377129757910835e-19, 9.663177234403067e-20, 2.0371913633579303e-20, 4.700294570838622e-21]
step_times_seconds [0.027080059051513672, 0.08293509483337402, 0.1042029857635498, 0.2412569522857666, 0.24250411987304688, 0.18764185905456543, 0.19803881645202637, 0.1695568561553955, 0.20526885986328125, 0.19342494010925293, 0.16939902305603027, 0.16233491897583008, 0.1906261444091797, 0.19407296180725098, 0.17754483222961426, 0.19051027297973633, 0.18473076820373535, 0.16958403587341309, 0.1878516674041748, 0.2044970989227295, 0.19292998313903809, 0.19388723373413086, 0.17133212089538574, 0.19230079650878906, 0.2113790512084961, 0.19048023223876953, 0.18948888778686523, 0.2083439826965332, 0.18689608573913574, 0.1851520538330078, 0.17867541313171387]
