date 2025-01-26T23:42:30.059438
sample_ratio 0.7
rank 16
seed 0
l2_regularization_strength 0
input_shape (100, 100, 100)
input_size 1000000
num_train_samples 700000
num_test_samples 1000000
num_iterations 10
max_num_richardson_iterations 1024
num_richardson_iterations [4, 5, 8, 8, 7, 7, 7, 7, 8, 7, 8, 7, 8, 8, 8, 8, 8, 8, 7, 5, 5, 3, 3, 2, 3, 2, 2, 3, 3, 3]
train_mses [21.06396416056012, 21.0194529929777, 18.861710159994836, 0.6317672425066598, 0.03348586844749752, 0.008149713559102708, 0.0006204908304531995, 8.963114665151154e-05, 7.900311812075535e-06, 4.4886672329353646e-07, 3.3299737013924506e-08, 4.101192645616974e-10, 3.345658107367053e-11, 6.337245357569515e-13, 3.720565098045642e-14, 1.1562116392060973e-15, 5.559931001645028e-17, 2.1329062830480435e-18, 9.985168117249268e-20, 4.331863870890164e-21, 2.259370677158796e-22, 4.925444396547002e-23, 4.052704416929252e-23, 3.1351869376883966e-23, 3.161197490243891e-23, 2.961868801234926e-23, 3.1852927866462477e-23, 4.6443463345763636e-23, 4.192060849493969e-23, 4.338303975192762e-23, 4.5597102506849016e-23]
train_rres [1.0000014632796708, 0.9978883172272273, 0.8954505247055221, 0.02999284285442038, 0.0015897253333437902, 0.0003869036911709297, 2.945750067153162e-05, 4.255195134388365e-06, 3.750634644182343e-07, 2.1309729578420992e-08, 1.5808888339784965e-09, 1.9470212803000435e-11, 1.5883349295024541e-12, 3.0085764400404774e-14, 1.7663202016072836e-15, 5.4890585753652314e-17, 2.6395502266327388e-18, 1.0125868938193875e-19, 4.740410044486738e-21, 2.0565313236382345e-22, 1.0726252504172022e-23, 2.3383307939120058e-24, 1.924001729340899e-24, 1.488414764403178e-24, 1.5007631478403798e-24, 1.406132821296336e-24, 1.5122022727253477e-24, 2.2048808548819902e-24, 1.99016051855071e-24, 2.059588731862623e-24, 2.164700285311807e-24]
test_mses [21.056763065298654, 21.038345232624156, 18.925623465292244, 0.6337770030585942, 0.033598584166321, 0.008163731127877875, 0.0006216167823661866, 8.994452304063652e-05, 7.935663259099696e-06, 4.5051538267790785e-07, 3.359076838378272e-08, 4.149396809416322e-10, 3.381107395024596e-11, 6.47427504699495e-13, 3.7860054273869616e-14, 1.1814497863654505e-15, 5.680516218697463e-17, 2.1821235089483264e-18, 1.0239683362832116e-19, 4.4357013751250534e-21, 2.3137419157490254e-22, 4.976036406495073e-23, 4.071963978217389e-23, 3.1402406005225203e-23, 3.1713624914644014e-23, 2.9691076246825943e-23, 3.194687760876058e-23, 4.6511504116117803e-23, 4.2026703646116896e-23, 4.3396146354952486e-23, 4.566118470230436e-23]
test_rres [1.0000031543154257, 0.9991284761555853, 0.8987935659430785, 0.03009859588702089, 0.0015956246476564882, 0.00038770236686163305, 2.9521096913799347e-05, 4.271540049869355e-06, 3.768712344853548e-07, 2.1395349434689532e-08, 1.5952534696569312e-09, 1.9705829832700516e-11, 1.6057159638538457e-12, 3.0746869539365144e-14, 1.798005399928541e-15, 5.61080309146737e-17, 2.6977242984696278e-18, 1.0363085652278159e-19, 4.862910614641553e-21, 2.1065513977484704e-22, 1.09881523900218e-23, 2.363160988729534e-24, 1.933809489069456e-24, 1.4913263240383752e-24, 1.5061063683470042e-24, 1.4100538534707893e-24, 1.517183732381818e-24, 2.2088699333243424e-24, 1.9958830367833854e-24, 2.0609190076134265e-24, 2.1684875586282802e-24]
step_times_seconds [0.01646590232849121, 0.1674787998199463, 0.22969675064086914, 0.32941389083862305, 0.302278995513916, 0.28741908073425293, 0.2700772285461426, 0.25099992752075195, 0.31121182441711426, 0.34508609771728516, 0.2795860767364502, 0.3204317092895508, 0.2815728187561035, 0.29966306686401367, 0.34584784507751465, 0.34020566940307617, 0.3079969882965088, 0.34671783447265625, 0.3189401626586914, 0.27842092514038086, 0.200531005859375, 0.23563289642333984, 0.11683416366577148, 0.12123799324035645, 0.05458569526672363, 0.10669589042663574, 0.08019709587097168, 0.06994986534118652, 0.10596489906311035, 0.14279818534851074, 0.11319899559020996]
