date 2025-01-26T23:42:30.059438
sample_ratio 0.3
rank 16
seed 0
l2_regularization_strength 0
input_shape (100, 100, 100)
input_size 1000000
num_train_samples 300000
num_test_samples 1000000
num_iterations 10
max_num_richardson_iterations 1024
num_richardson_iterations [7, 11, 18, 20, 18, 16, 17, 18, 18, 18, 19, 18, 19, 18, 18, 18, 18, 18, 18, 18, 18, 18, 17, 15, 13, 10, 9, 4, 6, 4]
train_mses [21.035412900838814, 20.934452772891728, 19.681481833300328, 3.587392883602463, 0.15049628825087896, 0.021234915677444746, 0.006907113631758665, 0.0011780012644586973, 0.00013404585567666452, 1.516348718532678e-05, 1.7135501272987485e-06, 1.3063283296469033e-07, 1.3255760566886449e-08, 1.005343569511391e-09, 1.0953495255162157e-10, 1.1592426644805822e-11, 1.3024344525463948e-12, 1.4940744597507256e-13, 1.883326534445762e-14, 2.207242441101291e-15, 2.642009192384295e-16, 3.542875223949064e-17, 4.2572785218005834e-18, 5.270424586974246e-19, 7.429183134035006e-20, 1.032233849600848e-20, 2.6359759495580784e-21, 1.2505195103156102e-21, 1.2708496083330025e-21, 1.0502094073249023e-21, 1.0180329582447959e-21]
train_rres [0.9999994070554747, 0.9951998783483722, 0.9356350767181092, 0.170540543862319, 0.007154420962610509, 0.0010094835402765486, 0.0003283562613571527, 5.600082924553967e-05, 6.372386262480401e-06, 7.208547921403247e-07, 8.146020804708102e-08, 6.210135076619201e-09, 6.301636563752548e-10, 4.7792880422058935e-11, 5.207166035666611e-12, 5.51090669139071e-13, 6.191624031411717e-14, 7.102658649442893e-15, 8.953118375263764e-16, 1.0492977450615925e-16, 1.2559808729564111e-17, 1.6842422537279123e-18, 2.023861389143841e-19, 2.5054994103275607e-20, 3.5317484681488194e-21, 4.907121350122281e-22, 1.2531127385027263e-22, 5.944826349365582e-23, 6.041473303996843e-23, 4.9925750902046966e-23, 4.839611941095444e-23]
test_mses [21.056763065298654, 21.08381200577735, 20.018912631728725, 3.634554878424886, 0.1530988353688873, 0.021577962192116686, 0.0070102841818484125, 0.0012024316838557276, 0.00013745553066311973, 1.5640485334477583e-05, 1.7683342260733845e-06, 1.3598222251146638e-07, 1.3946504474430147e-08, 1.0747399995692465e-09, 1.177753493131542e-10, 1.2566861983615675e-11, 1.4196852336294897e-12, 1.6320509470562228e-13, 2.0651590576673695e-14, 2.4246078401875554e-15, 2.908296323626925e-16, 3.906548915116093e-17, 4.699127199323712e-18, 5.830124873291439e-19, 8.234894905174199e-20, 1.1480042942874556e-20, 2.863440839270059e-21, 1.3192592094958565e-21, 1.309615759258858e-21, 1.0788138237726782e-21, 1.0447874570740123e-21]
test_rres [1.0000031543154257, 1.0012877309483919, 0.9507147758472302, 0.17260802772422013, 0.007270790758110946, 0.0010247553334242563, 0.00033292421407585027, 5.710447864069567e-05, 6.5278772342624015e-06, 7.427796295660083e-07, 8.397966004905659e-08, 6.45790860734842e-09, 6.623310725801025e-10, 5.1040294574495774e-11, 5.5932490881206986e-12, 5.968107056384377e-13, 6.742203003196427e-14, 7.75074540183868e-15, 9.80761176552257e-16, 1.1514663866647245e-16, 1.3811740618878603e-17, 1.8552525027180335e-18, 2.2316545079985567e-19, 2.768774690233506e-20, 3.9108199370877186e-21, 5.451967673735267e-22, 1.3598718200826448e-22, 6.265271479592536e-23, 6.219473934045877e-23, 5.123376386704206e-23, 4.961782347188064e-23]
step_times_seconds [0.021528959274291992, 0.29964590072631836, 0.4676790237426758, 0.6547768115997314, 0.7935192584991455, 0.6842210292816162, 0.6252338886260986, 0.5980939865112305, 0.6981246471405029, 0.6602542400360107, 0.6342818737030029, 0.7314341068267822, 0.6354818344116211, 0.6741738319396973, 0.7299368381500244, 0.6648249626159668, 0.7305037975311279, 0.667478084564209, 0.65171217918396, 0.7148427963256836, 0.6770541667938232, 0.6299529075622559, 0.6651630401611328, 0.6525421142578125, 0.5716562271118164, 0.46976590156555176, 0.3716421127319336, 0.3599109649658203, 0.14820075035095215, 0.22066783905029297, 0.1664590835571289]
