date 2025-01-26T23:42:30.059438
sample_ratio 0.4
rank 16
seed 0
l2_regularization_strength 0
input_shape (100, 100, 100)
input_size 1000000
num_train_samples 400000
num_test_samples 1000000
num_iterations 10
max_num_richardson_iterations 1024
num_richardson_iterations [6, 9, 14, 15, 13, 13, 13, 14, 13, 15, 13, 15, 13, 14, 14, 14, 14, 14, 14, 14, 8, 12, 8, 2, 10, 3, 2, 10, 4, 2]
train_mses [21.045985838180503, 20.969278844503208, 19.487815644136752, 2.2346778099864015, 0.09592012660890803, 0.016806179197830336, 0.0030029338449223844, 0.0004991375597456378, 3.049452927998067e-05, 5.920437643386105e-06, 2.3380055536264402e-07, 2.533263222689788e-08, 1.1597201277380862e-09, 1.4029210150312142e-10, 7.942848134850827e-12, 7.664879176954648e-13, 6.517409481145231e-14, 5.697643114829548e-15, 5.151504432505414e-16, 5.0626333835380933e-17, 4.9077949993379904e-18, 7.840727024355792e-19, 2.714239780135107e-19, 2.333183329687655e-19, 3.699966948617972e-19, 2.5656150543139e-19, 2.564577896572475e-19, 3.1903086585921056e-19, 2.6344809606544764e-19, 2.6291339552383277e-19, 3.0965317903926983e-19]
train_rres [1.000000046366253, 0.9963553134550129, 0.9259635874295794, 0.10618071924889379, 0.004557644949202223, 0.0007985456279544302, 0.00014268440581716123, 2.3716521845380487e-05, 1.4489476011418854e-06, 2.8130960285804587e-07, 1.110903371316307e-08, 1.203680055486876e-09, 5.510410348210254e-11, 6.665979398001402e-12, 3.7740444017221765e-13, 3.641967447512561e-14, 3.0967472055927893e-15, 2.7072352052387823e-16, 2.4477374027382397e-17, 2.4055103225856376e-18, 2.331938862179882e-19, 3.7255215546504344e-20, 1.2896710692735554e-20, 1.1086120915447388e-20, 1.7580393470850356e-20, 1.2190520287329354e-20, 1.2185592232176751e-20, 1.515875203492286e-20, 1.2517736650882624e-20, 1.2492330353904276e-20, 1.4713171232633407e-20]
test_mses [21.056763065298654, 21.066648317747877, 19.679600809799616, 2.2440453822066777, 0.0968882196863341, 0.016931651134606512, 0.0030346768196723673, 0.0005051250053308275, 3.112936714756879e-05, 6.041665025419972e-06, 2.393573730085711e-07, 2.6208172508143817e-08, 1.2115992236720914e-09, 1.4584934975208595e-10, 8.411729881654057e-12, 8.105135603823841e-13, 6.89429302695333e-14, 6.117005727388936e-15, 5.511223645844615e-16, 5.3855877525772706e-17, 5.290231250448119e-18, 8.272164308820804e-19, 2.79322822562463e-19, 2.380114060039554e-19, 3.7122342108185664e-19, 2.5922742659548805e-19, 2.5940555770827505e-19, 3.196934493955759e-19, 2.653471267124339e-19, 2.653073728967159e-19, 3.1038676800519315e-19]
test_rres [1.0000031543154257, 1.000472613158638, 0.9346005758073956, 0.10657157767671425, 0.004601301966588179, 0.0008040981650345944, 0.00014411932083718064, 2.3988805738469253e-05, 1.4783594820759912e-06, 2.869236864185359e-07, 1.136728030205578e-08, 1.2446478642378607e-09, 5.753985271529805e-11, 6.926506669360725e-12, 3.9948003350837316e-13, 3.849196167921618e-14, 3.2741569786146e-15, 2.9050167888507333e-16, 2.6173258505552778e-17, 2.557660322110582e-18, 2.5123747278253024e-19, 3.9285194862019314e-20, 1.3265272671233775e-20, 1.1303359211903117e-20, 1.7629708369060522e-20, 1.2310925638317326e-20, 1.2319385232705901e-20, 1.5182507245684323e-20, 1.2601555275998704e-20, 1.259966733429604e-20, 1.4740525222249352e-20]
step_times_seconds [0.03403115272521973, 0.23892998695373535, 0.44032907485961914, 0.5496869087219238, 0.5516831874847412, 0.49579811096191406, 0.4711909294128418, 0.47895288467407227, 0.5293481349945068, 0.48012304306030273, 0.522244930267334, 0.503464937210083, 0.6143219470977783, 0.5091080665588379, 0.5183899402618408, 0.5281240940093994, 0.5574169158935547, 0.5154812335968018, 0.5305118560791016, 0.5110878944396973, 0.5306873321533203, 0.29566407203674316, 0.48428988456726074, 0.313687801361084, 0.07403707504272461, 0.39516520500183105, 0.09583616256713867, 0.0712270736694336, 0.3602011203765869, 0.13234615325927734, 0.07205319404602051]
