date 2025-01-26T23:42:30.059438
sample_ratio 0.5
rank 16
seed 0
l2_regularization_strength 0
input_shape (100, 100, 100)
input_size 1000000
num_train_samples 500000
num_test_samples 1000000
num_iterations 10
max_num_richardson_iterations 1024
num_richardson_iterations [2, 4, 8, 8, 7, 7, 6, 7, 7, 8, 7, 8, 7, 8, 7, 7, 7, 7, 7, 7, 7, 7, 7, 7, 7, 7, 7, 3, 6, 2]
train_mses [21.053038058674616, 21.006556060740692, 19.183269199966276, 1.3128258983982999, 0.06451363297342168, 0.014292381978241593, 0.0015353573827507634, 0.00041112050668996305, 3.957929670574978e-05, 9.097143762405529e-06, 5.136240926517369e-07, 1.0604134728743801e-07, 2.570794475565356e-09, 4.747761290898204e-10, 3.1807282463799393e-11, 3.35598007064854e-12, 3.3358645570432325e-13, 4.471049955331715e-14, 4.8209937171364905e-15, 6.113583002007459e-16, 7.603156428381153e-17, 8.637868155225884e-18, 1.1308420886005494e-18, 1.4335258931220161e-19, 1.6764272455881955e-20, 2.2422790653276243e-21, 3.1155201897039275e-22, 8.668152743090064e-23, 4.835147473637982e-23, 3.209658966713557e-23, 3.891858110870734e-23]
train_rres [1.0000010092909246, 0.9977931547894394, 0.9111886136339155, 0.06235808911581919, 0.003064341493453196, 0.0006788757215742565, 7.292814120669925e-05, 1.9527866737540173e-05, 1.8799821927109768e-06, 4.321064218245599e-07, 2.439669797852478e-08, 5.036871829066709e-09, 1.2211050315304149e-10, 2.2551453474499063e-11, 1.5108182713560978e-12, 1.5940613646618008e-13, 1.5845066705356364e-14, 2.123709868125005e-15, 2.2899301134048304e-16, 2.9038987890264506e-17, 3.611433219750987e-18, 4.102912296683329e-19, 5.3714016323798844e-20, 6.809123395737296e-21, 7.96288370789436e-22, 1.0650630669978928e-22, 1.479845011198501e-23, 4.11729721269675e-24, 2.2966530247239957e-24, 1.5245601120598013e-24, 1.848598776120208e-24]
test_mses [21.056763065298654, 21.041500528192206, 19.29591375003537, 1.3187837031048761, 0.06475068469798746, 0.014413797713022996, 0.0015469948253463391, 0.00041431937378391963, 4.016821728644425e-05, 9.229325037672144e-06, 5.259857440965567e-07, 1.0828348341165662e-07, 2.6825164747103744e-09, 4.973250887240934e-10, 3.3705457972961056e-11, 3.558325359937004e-12, 3.567731462012585e-13, 4.80616070658816e-14, 5.182058502039386e-15, 6.557647508373374e-16, 8.236180249095358e-17, 9.333021375273451e-18, 1.2172300038299564e-18, 1.5599437539672638e-19, 1.816081704770327e-20, 2.4153959412672635e-21, 3.3812445420131743e-22, 9.001985089840622e-23, 4.927626683406736e-23, 3.2516013339249107e-23, 3.926136021222898e-23]
test_rres [1.0000031543154257, 0.9992783237608922, 0.9163789588929435, 0.06263013260276476, 0.0030750637570111567, 0.0006845232163172004, 7.346806820490949e-05, 1.9676370930948455e-05, 1.9076219770867207e-06, 4.383083060417946e-07, 2.497949953610511e-08, 5.142472498556505e-09, 1.2739493377470948e-10, 2.36183812251695e-11, 1.6007001734351812e-12, 1.6898782462351403e-13, 1.6943452821780464e-14, 2.282485608937467e-15, 2.4610025918116854e-16, 3.1142812278061107e-17, 3.9114303575837626e-18, 4.432329311786541e-19, 5.780726313833697e-20, 7.408302357225508e-21, 8.624722744103806e-22, 1.147091579412081e-22, 1.6057810960969912e-23, 4.27511743235421e-24, 2.3401708094518592e-24, 1.5442124605845908e-24, 1.864554581973983e-24]
step_times_seconds [0.01746201515197754, 0.07681798934936523, 0.17347502708435059, 0.32762813568115234, 0.2717721462249756, 0.2732517719268799, 0.2949090003967285, 0.23309612274169922, 0.2607860565185547, 0.26275205612182617, 0.3237037658691406, 0.26816368103027344, 0.2748270034790039, 0.25324106216430664, 0.34221601486206055, 0.26403307914733887, 0.2945389747619629, 0.26548194885253906, 0.2631230354309082, 0.2358541488647461, 0.2533121109008789, 0.24219298362731934, 0.26908206939697266, 0.2705390453338623, 0.3128209114074707, 0.27355003356933594, 0.25687098503112793, 0.27431201934814453, 0.10598301887512207, 0.2612168788909912, 0.06763386726379395]
