date 2025-01-26T23:42:30.059438
sample_ratio 0.8
rank 16
seed 0
l2_regularization_strength 0
input_shape (100, 100, 100)
input_size 1000000
num_train_samples 800000
num_test_samples 1000000
num_iterations 10
max_num_richardson_iterations 1024
num_richardson_iterations [3, 5, 7, 6, 6, 6, 6, 6, 6, 6, 7, 6, 7, 7, 7, 7, 6, 2, 5, 4, 2, 5, 2, 2, 5, 2, 2, 3, 2, 2]
train_mses [21.061165638700185, 21.02178991463359, 18.693069895525227, 0.4241260542304229, 0.028976772802511205, 0.004743756530613499, 0.0006033976395081981, 8.873701750825745e-05, 8.619400711347603e-06, 2.954550656557731e-07, 1.486034490985369e-08, 2.1005907331917392e-10, 8.048621190837779e-12, 1.6391512267556052e-13, 5.3558630241564194e-15, 1.301776241860539e-16, 4.924425533842192e-18, 2.2881331336769383e-19, 4.2971820175331727e-19, 1.3617554507735716e-19, 1.3321173805397539e-19, 5.677388256483138e-19, 9.876144333388893e-20, 1.1579963348686248e-19, 2.8589849972800093e-19, 1.1103081775476767e-19, 1.1888106620195677e-19, 1.531547729936777e-19, 9.351098420337443e-20, 9.447529750374025e-20, 2.3104303163271415e-19]
train_rres [1.0000025686291727, 0.9981329748049887, 0.8875633111560085, 0.020137876076224345, 0.001375842521263391, 0.00022523770986579067, 2.8649847770259365e-05, 4.213311217575413e-06, 4.0925668594303306e-07, 1.4028464978565563e-08, 7.055821760056329e-10, 9.973788558836942e-12, 3.82155574996831e-13, 7.782833415997136e-15, 2.543010616440398e-16, 6.180947474478488e-18, 2.338160321865829e-19, 1.0864256282368194e-20, 2.0403396132567854e-20, 6.465734005320662e-21, 6.325009855140821e-21, 2.6956736094207112e-20, 4.689279725047004e-21, 5.498267898353891e-21, 1.3574710868323638e-20, 5.27184035568022e-21, 5.6445770192740576e-21, 7.27192260005167e-21, 4.439983332479388e-21, 4.4857697715526915e-21, 1.0970125256127299e-20]
test_mses [21.056763065298654, 21.033376864156008, 18.735043610249672, 0.4248818750165136, 0.029028567306815835, 0.00475152791217541, 0.0006043669134531228, 8.898732472762681e-05, 8.649858531046122e-06, 2.9634846724690246e-07, 1.4889294720935665e-08, 2.120212339651089e-10, 8.125920060121911e-12, 1.6553009997329087e-13, 5.425799624868262e-15, 1.3192909397610452e-16, 4.993619006307505e-18, 2.3134024457699354e-19, 4.3065842676589293e-19, 1.3650628289353714e-19, 1.3361372108483862e-19, 5.677572553726522e-19, 9.88629799170632e-20, 1.158216151585254e-19, 2.8638269377215116e-19, 1.1121690653796532e-19, 1.1903002410316171e-19, 1.5323915551883178e-19, 9.365073510748647e-20, 9.46139563508057e-20, 2.313119500495204e-19]
test_rres [1.0000031543154257, 0.9988925242134685, 0.8897427704527866, 0.020177992880974643, 0.0013785907540514826, 0.0002256540041438609, 2.8701886322356676e-05, 4.226081907544879e-06, 4.107889607060853e-07, 1.407383466796115e-08, 7.071049638681254e-10, 1.0069064370884616e-11, 3.859066878720969e-13, 7.861161831669728e-15, 2.576757274005429e-16, 6.2654221692554134e-18, 2.371511111309615e-19, 1.0986540218916333e-20, 2.0452326117879674e-20, 6.48279666984394e-21, 6.3454265088281766e-21, 2.6963263275435837e-20, 4.695084968924382e-21, 5.500464631589375e-21, 1.3600551814417158e-20, 5.281783197458977e-21, 5.6528346352324135e-21, 7.277454678492409e-21, 4.447551136944731e-21, 4.493295313228419e-21, 1.0985196488323208e-20]
step_times_seconds [0.02920389175415039, 0.15843510627746582, 0.23283815383911133, 0.280059814453125, 0.2622852325439453, 0.25308966636657715, 0.2406766414642334, 0.2568087577819824, 0.24993205070495605, 0.24190425872802734, 0.2771420478820801, 0.3093838691711426, 0.2642359733581543, 0.2954061031341553, 0.26752781867980957, 0.2912108898162842, 0.25734710693359375, 0.2451322078704834, 0.0756540298461914, 0.21361017227172852, 0.1553499698638916, 0.08304786682128906, 0.20682907104492188, 0.10530686378479004, 0.058979034423828125, 0.19024205207824707, 0.06792902946472168, 0.07982397079467773, 0.11109185218811035, 0.08556985855102539, 0.07385110855102539]
