date 2025-01-26T23:42:30.059438
sample_ratio 0.7
rank 16
seed 0
l2_regularization_strength 0
input_shape (100, 100, 100)
input_size 1000000
num_train_samples 700000
num_test_samples 1000000
num_iterations 10
max_num_richardson_iterations 1024
num_richardson_iterations [4, 4, 6, 6, 5, 5, 5, 6, 6, 6, 6, 6, 6, 6, 6, 6, 5, 5, 5, 3, 3, 3, 3, 5, 2, 5, 4, 3, 5, 5]
train_mses [21.06396416056012, 21.019418821497467, 18.862323034508908, 0.6309963693573595, 0.03337725023701207, 0.008076054351566666, 0.0006330437380704404, 8.91122077250276e-05, 5.038773559411592e-06, 4.0615637121858437e-07, 6.6277638586904065e-09, 3.460307979629726e-10, 7.92484687883968e-12, 3.8435834119214787e-13, 1.1893752455869395e-14, 4.821088859558489e-16, 2.0401520649826744e-17, 8.122143034436459e-19, 3.395684575670847e-20, 3.494391068582747e-21, 1.782732108099268e-21, 1.658990681805963e-21, 1.2264570820534263e-21, 1.2543500768123671e-20, 1.105055927054216e-20, 1.1091886965819222e-20, 6.259828943678734e-18, 6.11040868585196e-18, 6.1065705866901174e-18, 9.967958302509051e-21, 5.812865249899009e-21]
train_rres [1.0000014632796708, 0.9978866949528076, 0.8954796206252743, 0.029956246026234225, 0.0015845687365799365, 0.0003834067560850838, 3.005344386104575e-05, 4.230558761012437e-06, 2.392133263301432e-07, 1.9282076367155445e-08, 3.146498686781987e-10, 1.6427643992611282e-11, 3.7622825479096715e-13, 1.8247225483585056e-14, 5.64650118519728e-16, 2.28878850980328e-17, 9.685522794971686e-19, 3.855947939092613e-20, 1.612084752244831e-21, 1.6589451801275943e-22, 8.463434058024506e-23, 7.875977649447288e-23, 5.82254540196924e-23, 5.954966039231905e-22, 5.246199317644037e-22, 5.265819440160395e-22, 2.971823373721841e-19, 2.90088683237025e-19, 2.8990647134429674e-19, 4.732239768563457e-22, 2.759629531952255e-22]
test_mses [21.056763065298654, 21.039042318199684, 18.92659736560153, 0.6329834377245119, 0.033489629267081926, 0.008090168638329417, 0.000634134135719354, 8.939872442517683e-05, 5.059291347915145e-06, 4.062791906023936e-07, 6.697582572676613e-09, 3.4987451037340906e-10, 8.014406747062384e-12, 3.911887486210345e-13, 1.2116764187484514e-14, 4.912137409331762e-16, 2.0845810504564555e-17, 8.315781021396178e-19, 3.473046274144416e-20, 3.532653836210281e-21, 1.781578050132903e-21, 1.6585699290326348e-21, 1.2288810592341805e-21, 1.2523015604134636e-20, 1.105503935586036e-20, 1.110762999983712e-20, 6.2599289484828714e-18, 6.118893440618381e-18, 6.1236504271209685e-18, 1.0032908479890524e-20, 5.8408930683245656e-21]
test_rres [1.0000031543154257, 0.9991615813281227, 0.8988398172770682, 0.030060908810675076, 0.001590450289063037, 0.00038420882317879675, 3.011555641348744e-05, 4.245619620628255e-06, 2.4026994513955363e-07, 1.9294535958599355e-08, 3.1807375512536516e-10, 1.661583088070008e-11, 3.8061082808292234e-13, 1.8577878344388842e-14, 5.754351877354348e-16, 2.332814824638335e-17, 9.899848421232415e-19, 3.949233425006763e-20, 1.6493785006069703e-21, 1.6776866265530473e-22, 8.460862024553345e-23, 7.876686248223321e-23, 5.836058142943408e-23, 5.9472840468598945e-22, 5.250129942887656e-22, 5.275105676195359e-22, 2.972892212758785e-19, 2.905913279530727e-19, 2.9081724119020564e-19, 4.764711506576573e-22, 2.7738885954268244e-22]
step_times_seconds [0.01752305030822754, 0.17563605308532715, 0.1692800521850586, 0.23410701751708984, 0.26868486404418945, 0.2157270908355713, 0.20091772079467773, 0.20366907119750977, 0.23076510429382324, 0.23675870895385742, 0.2416393756866455, 0.2687199115753174, 0.25900721549987793, 0.2432849407196045, 0.25812292098999023, 0.2279829978942871, 0.2297039031982422, 0.2205522060394287, 0.1986238956451416, 0.1734020709991455, 0.12134504318237305, 0.10978412628173828, 0.12020683288574219, 0.12216615676879883, 0.2049398422241211, 0.07018804550170898, 0.20474481582641602, 0.16091489791870117, 0.1109459400177002, 0.19446492195129395, 0.19568419456481934]
