date 2025-01-26T23:42:30.059438
sample_ratio 0.1
rank 16
seed 0
l2_regularization_strength 0
input_shape (100, 100, 100)
input_size 1000000
num_train_samples 100000
num_test_samples 1000000
num_iterations 10
max_num_richardson_iterations 1024
num_richardson_iterations [19, 25, 45, 60, 67, 45, 48, 43, 49, 43, 47, 49, 52, 50, 50, 49, 49, 49, 49, 48, 48, 48, 48, 48, 47, 48, 47, 47, 48, 47]
train_mses [21.125926365770585, 20.821107028126523, 19.831457789869866, 8.809886548441716, 0.9973500136029683, 0.048144160514327725, 0.0200636856351775, 0.005394329893067369, 0.0024122178221088657, 0.0005503716587058704, 0.0002416868698943146, 6.597642537279757e-05, 1.3962402873125912e-05, 1.9491211295972336e-06, 3.534489371492887e-07, 6.230481381732385e-08, 1.2270028419317912e-08, 2.826644634421093e-09, 6.054977885130836e-10, 1.4443872482500545e-10, 3.515630319076527e-11, 8.058710813378014e-12, 2.1700282469102486e-12, 5.381944369568194e-13, 1.3433547711759196e-13, 3.724938842441449e-14, 9.529603598787925e-15, 2.5112689454893435e-15, 7.139249012729503e-16, 1.8858567593957442e-16, 5.159527636649916e-17]
train_rres [1.0000039778363847, 0.9855752354045545, 0.938729802083207, 0.4170194215484583, 0.047209952530844264, 0.002278922646531956, 0.0009497223978658124, 0.00025534271290319935, 0.00011418327299602412, 2.605205747976222e-05, 1.1440342406794316e-05, 3.1230198701781944e-06, 6.609157947223957e-07, 9.226241013697129e-08, 1.673064352264387e-08, 2.9492227028031942e-09, 5.808065887877026e-10, 1.3380032806186779e-10, 2.866147437043438e-11, 6.8370634677894686e-12, 1.6641373461260235e-12, 3.8146222466572305e-13, 1.0271913483725763e-13, 2.5475643930968594e-14, 6.358822290500802e-15, 1.7632143533710726e-15, 4.510875093000567e-16, 1.1887189661776168e-16, 3.379391411238394e-17, 8.92677664578516e-18, 2.4422825636495955e-18]
test_mses [21.056763065298654, 21.231759132648865, 21.085335580887797, 9.553436648640467, 1.0661578607035582, 0.05086631373690181, 0.021532688881453935, 0.005836544726680909, 0.0026172060926464287, 0.0005993458666650415, 0.00026553044833665576, 7.35279049171795e-05, 1.5626313717662724e-05, 2.246378566720163e-06, 4.210722522435759e-07, 7.581883645122299e-08, 1.5437196864531557e-08, 3.577523299509236e-09, 7.784687608787718e-10, 1.8778206658270323e-10, 4.5692135931247453e-11, 1.0644050773121448e-11, 2.874251328475056e-12, 7.142506298885706e-13, 1.8058788908535612e-13, 5.015617446950344e-14, 1.2879731355131823e-14, 3.4423450820789417e-15, 9.74898200630126e-16, 2.582721572437002e-16, 7.170373701704437e-17]
test_rres [1.0000031543154257, 1.0083138627942325, 1.0013600867948989, 0.45370063544748146, 0.05063272167690238, 0.002415683456548331, 0.0010226052663256876, 0.0002771823531890604, 0.00012429328952526057, 2.8463432643105222e-05, 1.2610261372083253e-05, 3.4919012299928413e-06, 7.421066077215463e-07, 1.0668238254571758e-07, 1.999707073364005e-08, 3.6006994699340796e-09, 7.331252914062652e-10, 1.698995507073881e-10, 3.697012755477626e-11, 8.917926194270409e-12, 2.169957458179178e-12, 5.054948053889795e-13, 1.3650058111292105e-13, 3.3920355215348003e-14, 8.57626873401679e-15, 2.3819583533499235e-15, 6.116691317618926e-16, 1.634798249686394e-16, 4.6298724677829844e-17, 1.2265559103962243e-17, 3.405269982422682e-18]
step_times_seconds [0.021090030670166016, 0.6804611682891846, 0.985496997833252, 1.439497947692871, 1.8535830974578857, 2.2879130840301514, 1.424393892288208, 1.5494987964630127, 1.4715549945831299, 1.6464941501617432, 1.3729918003082275, 1.5942308902740479, 1.574002981185913, 1.7047688961029053, 1.7151250839233398, 1.6654510498046875, 1.6410229206085205, 1.7149970531463623, 1.6012663841247559, 1.6637482643127441, 1.6123650074005127, 1.6488988399505615, 1.5636210441589355, 1.7093720436096191, 1.6210081577301025, 1.543809175491333, 1.7397210597991943, 1.6617140769958496, 1.6105668544769287, 1.820829153060913, 1.592383861541748]
