date 2025-01-26T23:42:30.059438
sample_ratio 0.8
rank 16
seed 0
l2_regularization_strength 0
input_shape (100, 100, 100)
input_size 1000000
num_train_samples 800000
num_test_samples 1000000
num_iterations 10
max_num_richardson_iterations 1024
num_richardson_iterations [3, 4, 6, 6, 5, 5, 5, 5, 5, 5, 6, 5, 5, 5, 5, 5, 5, 5, 5, 5, 3, 3, 5, 3, 3, 5, 3, 3, 3, 3]
train_mses [21.061165638700185, 21.021724385225863, 18.693406646378516, 0.42482288848200883, 0.029052310649963248, 0.00475733540391478, 0.0006053428689566999, 9.198911129008442e-05, 1.2014703659627577e-05, 3.4160680313358927e-07, 2.3477746378505634e-08, 2.5304171597047246e-10, 1.2302258295765445e-11, 1.6973635982692007e-13, 8.267573492561321e-15, 1.6992146273131085e-16, 6.3318284697330145e-18, 1.8514710236119645e-19, 6.768862842838576e-21, 3.711798242008606e-22, 1.5236726605214532e-21, 1.428125167797766e-21, 1.3832831741860467e-21, 1.3881594498195026e-21, 1.4893808997030743e-21, 1.4781759863067342e-21, 3.241022722623672e-22, 3.156302204865057e-22, 2.976986137693655e-22, 2.1224528964413315e-22, 2.966833213129273e-22]
train_rres [1.0000025686291727, 0.9981298634113853, 0.8875793003811091, 0.0201709623760735, 0.001379429124340191, 0.0002258824466488023, 2.874220896614211e-05, 4.367723475236695e-06, 5.704686401054962e-07, 1.6219789847105165e-08, 1.114743936156558e-09, 1.2014642032720029e-11, 5.841219857793324e-13, 8.059230848305559e-15, 3.9255162182001747e-16, 8.068019696132262e-18, 3.0064075476513443e-19, 8.790946385001291e-21, 3.213915291136227e-22, 1.762394275757157e-23, 7.234531081564269e-23, 6.780863227710093e-23, 6.567949519307484e-23, 6.591102502587003e-23, 7.071710801388587e-23, 7.018508892387793e-23, 1.5388659408545495e-23, 1.4986398978958762e-23, 1.4134990605633086e-23, 1.0077592022426869e-23, 1.4086783631633395e-23]
test_mses [21.056763065298654, 21.03398597498954, 18.735410647001526, 0.42556629682245073, 0.029103668545258265, 0.0047654236550915465, 0.0006063498017555239, 9.224829639103734e-05, 1.2056350882212353e-05, 3.4367911149421945e-07, 2.3542941836333024e-08, 2.5453970208836825e-10, 1.2420239297325833e-11, 1.7163198536915945e-13, 8.372218193150235e-15, 1.7282983258563035e-16, 6.416591126640504e-18, 1.8851904476265693e-19, 6.891468094333959e-21, 3.740807080241169e-22, 1.5217500531750655e-21, 1.4266893659094487e-21, 1.3831055729151595e-21, 1.3892757805896692e-21, 1.4910052898807955e-21, 1.4807406950506097e-21, 3.241116078806426e-22, 3.1484770203953375e-22, 2.9729150069666302e-22, 2.120561573912533e-22, 2.9602032091754687e-22]
test_rres [1.0000031543154257, 0.9989214513924928, 0.8897602013327592, 0.020210496640583706, 0.0013821573741963989, 0.0002263139245079074, 2.8796055333562588e-05, 4.380948158327642e-06, 5.725661097272227e-07, 1.6321606245972537e-08, 1.1180738475894377e-09, 1.2088301710834054e-11, 5.898474725750579e-13, 8.150945433461576e-15, 3.9760359062806806e-16, 8.207832191941226e-18, 3.047292381404714e-19, 8.952925899701386e-21, 3.272815394667752e-22, 1.776540329739228e-23, 7.226917302225668e-23, 6.775466208711354e-23, 6.568483158485815e-23, 6.597785986836766e-23, 7.0809078696381e-23, 7.032160456865661e-23, 1.539232925905034e-23, 1.4952378681952533e-23, 1.4118620109173605e-23, 1.007072291337738e-23, 1.4058250726430582e-23]
step_times_seconds [0.01811981201171875, 0.1391773223876953, 0.18518710136413574, 0.2655510902404785, 0.28041982650756836, 0.22074604034423828, 0.17779135704040527, 0.19910621643066406, 0.21353721618652344, 0.21036195755004883, 0.23599910736083984, 0.24074912071228027, 0.1928119659423828, 0.21556401252746582, 0.20003390312194824, 0.20866799354553223, 0.17369914054870605, 0.23950672149658203, 0.1905369758605957, 0.1845531463623047, 0.20023512840270996, 0.11626982688903809, 0.12456798553466797, 0.21588492393493652, 0.12373924255371094, 0.11572694778442383, 0.19345378875732422, 0.1233668327331543, 0.09114289283752441, 0.10980391502380371, 0.11481809616088867]
