date 2025-01-26T23:42:30.059438
sample_ratio 0.2
rank 16
seed 0
l2_regularization_strength 0
input_shape (100, 100, 100)
input_size 1000000
num_train_samples 200000
num_test_samples 1000000
num_iterations 10
max_num_richardson_iterations 1024
num_richardson_iterations [10, 14, 25, 30, 29, 22, 25, 25, 25, 26, 25, 28, 25, 28, 26, 26, 27, 26, 26, 26, 26, 26, 26, 26, 26, 26, 21, 14, 16, 5]
train_mses [21.075277966255907, 20.91758064921897, 19.830434056363316, 5.199608799815288, 0.26991109442373645, 0.02388574449726256, 0.010178425196332443, 0.002272564638132874, 0.0004940293201458677, 0.00011010138980595755, 1.9649445200623523e-05, 3.641173905797674e-06, 2.375883320265563e-07, 4.9145239169519795e-08, 4.150857047960261e-09, 7.158247502888672e-10, 1.001259391015086e-10, 1.3581514670322077e-11, 2.377968454057161e-12, 3.593075691720595e-13, 5.544371544887909e-14, 9.710803849017959e-15, 1.58399910254441e-15, 2.5237522914786865e-16, 4.4782442741529643e-17, 7.608063795725604e-18, 1.2447134419736628e-18, 2.290701203693153e-19, 4.855039841636491e-20, 1.2660314397285405e-20, 9.720156369052287e-21]
train_rres [1.0000009369824092, 0.9925183564418798, 0.940934334004143, 0.24671625589387167, 0.01280701245116885, 0.0011333547731151642, 0.00048295613228137345, 0.00010783092736070292, 2.3441198917217236e-05, 5.224201225023411e-06, 9.32346593163289e-07, 1.7277007322719735e-07, 1.1273329586592038e-08, 2.3318926230264665e-09, 1.9695403039933012e-10, 3.396517104781204e-11, 4.7508760301081785e-12, 6.444293364817343e-13, 1.1283223338639675e-13, 1.704878609013969e-14, 2.6307490457510167e-15, 4.60767965358205e-16, 7.515917888532162e-17, 1.1974953119152344e-17, 2.124882280252386e-18, 3.609950453099123e-19, 5.906041240553043e-20, 1.0869148932258835e-20, 2.303668022076357e-21, 6.007193015460112e-22, 4.61211733113603e-22]
test_mses [21.056763065298654, 21.12455283793052, 20.406439908315956, 5.306003336811542, 0.27498862402866625, 0.024438131152334473, 0.010516170366173467, 0.002374052584264448, 0.0005195495500326205, 0.00011617019798639634, 2.0941282776537437e-05, 3.805455347038816e-06, 2.5923147088116495e-07, 5.377375965497235e-08, 4.636025848931893e-09, 8.025869215626115e-10, 1.1372695388040756e-10, 1.555022070277076e-11, 2.7200569019201833e-12, 4.149435663860567e-13, 6.421724108473637e-14, 1.1238088944734005e-14, 1.8482517897721664e-15, 2.939438840767742e-16, 5.215390789311523e-17, 8.943195828460447e-18, 1.4522867437083377e-18, 2.682086185106095e-19, 5.783892297141274e-20, 1.5045768079053934e-20, 1.1191100186929364e-20]
test_rres [1.0000031543154257, 1.0032225468807487, 0.9691187678458457, 0.2519865022541849, 0.013059437985637261, 0.0011605871311807883, 0.000499421658726952, 0.00011274572760366787, 2.4673839338202747e-05, 5.517019119395985e-06, 9.94518899557733e-07, 1.8072423281984366e-07, 1.2311117704800731e-08, 2.553760476271439e-09, 2.2016871529793168e-10, 3.8115519022844426e-11, 5.400987428999191e-12, 7.384928872899032e-13, 1.29177759820087e-13, 1.9706014355681012e-14, 3.0497300770791434e-15, 5.337061711888491e-16, 8.777501147777119e-17, 1.3959639017495538e-17, 2.4768323716830355e-18, 4.247197924195363e-19, 6.897030280367158e-20, 1.2737449896427759e-20, 2.7468184561062936e-21, 7.145360135123351e-22, 5.314746360817537e-22]
step_times_seconds [0.020663976669311523, 0.4220290184020996, 0.6165549755096436, 0.9060797691345215, 1.1529052257537842, 1.137510061264038, 0.8383898735046387, 0.8551874160766602, 0.9226071834564209, 0.8484728336334229, 1.023284912109375, 0.9788730144500732, 0.9981589317321777, 0.9330549240112305, 1.2818050384521484, 1.002087116241455, 0.9584288597106934, 1.023940086364746, 0.9585368633270264, 0.9395346641540527, 1.0209980010986328, 0.9547820091247559, 0.9348678588867188, 0.9673380851745605, 0.9478840827941895, 0.9800140857696533, 0.9746029376983643, 0.7859220504760742, 0.48959898948669434, 0.5980308055877686, 0.16085004806518555]
