date 2025-01-26T23:42:30.059438
sample_ratio 1.0
rank 16
seed 0
l2_regularization_strength 0
input_shape (100, 100, 100)
input_size 1000000
num_train_samples 1000000
num_test_samples 1000000
num_iterations 10
max_num_richardson_iterations 1024
num_richardson_iterations [2, 3, 3, 2, 3, 2, 2, 3, 2, 2, 3, 2, 2, 2, 2, 2, 3, 2, 3, 2, 2, 2, 2, 2, 2, 2, 2, 2, 3, 2]
train_mses [21.056763065298668, 21.025555710913768, 16.103255509805535, 1.9209569094747343e-15, 3.9009194033865605e-14, 3.2659314949000225e-14, 3.275717646892671e-14, 4.28164799592373e-14, 3.641023821904689e-14, 3.6048262481848653e-14, 4.895442614891806e-14, 4.1097823956881895e-14, 4.1233842637134126e-14, 3.729329619105109e-14, 3.543336614179125e-14, 3.5679837688301186e-14, 7.028421366987145e-14, 4.264904892600854e-14, 4.226052937573378e-14, 3.262864556954473e-14, 3.112809022988129e-14, 3.104776015005001e-14, 3.688041657060855e-14, 3.4057006401171564e-14, 3.424480201608012e-14, 3.6431015912857056e-14, 3.293832875329256e-14, 3.3563019516120846e-14, 4.58022256235985e-14, 2.8337221336980964e-14, 2.905459821610196e-14]
train_rres [1.0000031543154273, 0.9985210911547237, 0.7647569692746793, 9.12278379550405e-17, 1.852579000874788e-15, 1.5510179729667756e-15, 1.555665497769572e-15, 2.0333901693789733e-15, 1.7291524321906297e-15, 1.7119619040044421e-15, 2.324886328198105e-15, 1.951769769405395e-15, 1.958229409421111e-15, 1.7710895881869784e-15, 1.6827599664736083e-15, 1.6944651047797485e-15, 3.337855640512902e-15, 2.0254387306492963e-15, 2.0069876147497094e-15, 1.5495614586819692e-15, 1.478298840195218e-15, 1.4744838980329976e-15, 1.7514815923371546e-15, 1.617395500063257e-15, 1.6263140696787668e-15, 1.7301391821144015e-15, 1.5642685701038874e-15, 1.5939356529011234e-15, 2.175185709039355e-15, 1.345758160152117e-15, 1.3798269835381858e-15]
test_mses [21.056763065298654, 21.02555571091377, 16.10325550980554, 1.9209569094747343e-15, 3.900919403386559e-14, 3.26593149490002e-14, 3.275717646892672e-14, 4.2816479959237295e-14, 3.641023821904685e-14, 3.6048262481848634e-14, 4.895442614891806e-14, 4.1097823956881895e-14, 4.123384263713411e-14, 3.729329619105111e-14, 3.5433366141791254e-14, 3.567983768830116e-14, 7.028421366987138e-14, 4.2649048926008533e-14, 4.226052937573378e-14, 3.2628645569544725e-14, 3.1128090229881305e-14, 3.104776015005001e-14, 3.688041657060854e-14, 3.405700640117156e-14, 3.4244802016080117e-14, 3.6431015912857025e-14, 3.293832875329257e-14, 3.3563019516120846e-14, 4.5802225623598466e-14, 2.8337221336980964e-14, 2.905459821610196e-14]
test_rres [1.0000031543154257, 0.9985210911547231, 0.7647569692746791, 9.122783795504042e-17, 1.852579000874786e-15, 1.5510179729667732e-15, 1.5556654977695716e-15, 2.0333901693789717e-15, 1.7291524321906266e-15, 1.71196190400444e-15, 2.324886328198103e-15, 1.9517697694053935e-15, 1.958229409421109e-15, 1.7710895881869782e-15, 1.6827599664736075e-15, 1.694465104779746e-15, 3.337855640512897e-15, 2.0254387306492947e-15, 2.0069876147497078e-15, 1.5495614586819679e-15, 1.4782988401952172e-15, 1.4744838980329966e-15, 1.751481592337153e-15, 1.6173955000632556e-15, 1.6263140696787654e-15, 1.730139182114399e-15, 1.5642685701038866e-15, 1.5939356529011222e-15, 2.1751857090393517e-15, 1.3457581601521162e-15, 1.3798269835381849e-15]
step_times_seconds [0.02409815788269043, 0.07932376861572266, 0.14369988441467285, 0.12752580642700195, 0.07329988479614258, 0.11999821662902832, 0.07689189910888672, 0.07993197441101074, 0.13428807258605957, 0.07399177551269531, 0.07264900207519531, 0.1211690902709961, 0.09113121032714844, 0.09377408027648926, 0.08052420616149902, 0.06797313690185547, 0.09578275680541992, 0.12391996383666992, 0.08145689964294434, 0.12015104293823242, 0.07965421676635742, 0.08637475967407227, 0.08689594268798828, 0.08282995223999023, 0.0818331241607666, 0.08864998817443848, 0.08668208122253418, 0.08552765846252441, 0.07666897773742676, 0.10886073112487793, 0.08421802520751953]
