date 2025-01-26T23:42:30.059438
sample_ratio 0.7
rank 16
seed 0
l2_regularization_strength 0
input_shape (100, 100, 100)
input_size 1000000
num_train_samples 700000
num_test_samples 1000000
num_iterations 10
max_num_richardson_iterations 1024
num_richardson_iterations [2, 2, 4, 4, 4, 4, 4, 4, 4, 4, 4, 4, 4, 4, 4, 4, 4, 4, 4, 4, 4, 4, 3, 2, 2, 3, 2, 2, 3, 3]
train_mses [21.06396416056012, 21.023423372460332, 19.051214412080107, 0.670512058009085, 0.050472940079270855, 0.009559296461989759, 0.0008288428937434399, 0.0001444645855404407, 1.7744957796417805e-05, 6.029784786735837e-06, 1.6988743619583098e-06, 1.926685438346969e-07, 6.69268196371304e-09, 2.9770060301636224e-10, 8.653104997758019e-12, 3.7178854719845043e-13, 1.1734785053821798e-14, 5.724958351414269e-16, 2.134184293478813e-17, 1.2297870072073044e-18, 4.279622815293825e-20, 2.557682805037456e-21, 1.7512559155569488e-22, 9.985940000914117e-23, 9.377276313392171e-23, 8.841235992941319e-23, 1.1784366621922965e-22, 1.0988738608841785e-22, 1.0448699182317963e-22, 1.478191079357931e-22, 5.3974013601933384e-21]
train_rres [1.0000014632796708, 0.9980768090639082, 0.9044471469907905, 0.03183223414380889, 0.0023961783048322403, 0.00045382295455157796, 3.9348913635369416e-05, 6.858386001388373e-06, 8.424332488886056e-07, 2.8626110280264524e-07, 8.065323482972788e-08, 9.146845498503592e-09, 3.1773182416963124e-10, 1.4133191471765512e-11, 4.1080195511691164e-13, 1.7650480621553956e-14, 5.571032183517618e-16, 2.7178961590472093e-17, 1.0131936230613833e-18, 5.838354059832059e-20, 2.031730136339678e-21, 1.2142474835917578e-22, 8.314002363397301e-24, 4.740776492505946e-24, 4.4518163644276804e-24, 4.197333826980417e-24, 5.594570792050624e-24, 5.216850258896089e-24, 4.960469165272839e-24, 7.017640322103455e-24, 2.5623900691053494e-22]
test_mses [21.056763065298654, 21.034971419749667, 19.103160089470542, 0.6721031713975775, 0.05056604788427597, 0.009573989137086404, 0.0008334508001281299, 0.00014487935864524351, 1.7841370226172755e-05, 6.066631694371984e-06, 1.7115072219091593e-06, 1.941574165901375e-07, 6.735266998126021e-09, 2.9994605769652224e-10, 8.715333719479547e-12, 3.784434848563668e-13, 1.2028859565984337e-14, 5.903027902316623e-16, 2.215369665859795e-17, 1.2764165051443037e-18, 4.4814639840383763e-20, 2.658744666111468e-21, 1.8008297884872857e-22, 1.0006210840498634e-22, 9.377039081878952e-23, 8.853969922233435e-23, 1.1801552564712484e-22, 1.0987121828884432e-22, 1.0461403059236126e-22, 1.4794156010428177e-22, 5.387094955026067e-21]
test_rres [1.0000031543154257, 0.9989682509820343, 0.9072249275742206, 0.031918737430759334, 0.0024014235819974374, 0.0004546766901815939, 3.9581270231813014e-05, 6.8804409866395815e-06, 8.473014797267003e-07, 2.881093742484904e-07, 8.128089845695929e-08, 9.220696857431153e-09, 3.198634197666545e-10, 1.4244687224282291e-11, 4.138984317468041e-13, 1.797259519010128e-14, 5.712605243027657e-16, 2.8033969437860834e-17, 1.052097441076034e-18, 6.061807920839004e-20, 2.12828444053435e-21, 1.2626599085461438e-22, 8.552290127822288e-24, 4.752032576048706e-24, 4.453233685984384e-24, 4.204823800785717e-24, 5.604655261558552e-24, 5.217875345636116e-24, 4.96820713865633e-24, 7.025867475444694e-24, 2.5583761050627455e-22]
step_times_seconds [0.02238321304321289, 0.06480216979980469, 0.08557486534118652, 0.15404701232910156, 0.1723477840423584, 0.15752601623535156, 0.1500101089477539, 0.15934514999389648, 0.19258594512939453, 0.1872727870941162, 0.15945100784301758, 0.14221692085266113, 0.1633470058441162, 0.18196392059326172, 0.18916702270507812, 0.17098331451416016, 0.1571342945098877, 0.18812799453735352, 0.17442107200622559, 0.14875292778015137, 0.16564202308654785, 0.1645820140838623, 0.1352100372314453, 0.11606574058532715, 0.0653529167175293, 0.06820869445800781, 0.12478518486022949, 0.08373594284057617, 0.07145285606384277, 0.11818313598632812, 0.10495781898498535]
