date 2025-01-26T23:42:30.059438
sample_ratio 0.4
rank 16
seed 0
l2_regularization_strength 0
input_shape (100, 100, 100)
input_size 1000000
num_train_samples 400000
num_test_samples 1000000
num_iterations 10
max_num_richardson_iterations 1024
num_richardson_iterations [4, 4, 6, 6, 6, 6, 6, 6, 6, 6, 6, 6, 6, 6, 6, 6, 6, 6, 6, 6, 6, 6, 7, 5, 5, 5, 3, 5, 3, 3]
train_mses [21.045985838180503, 20.968825423900896, 19.486806720461907, 2.243738641142998, 0.09825635631461634, 0.01683502814792135, 0.0030116365564919283, 0.0005381037719724335, 2.953856995986126e-05, 7.920783580783667e-06, 6.09904855556958e-07, 1.5866834990996199e-07, 2.948421640662475e-09, 5.654323380534991e-10, 2.186919074390721e-11, 2.3004492432969984e-12, 1.7448356638380128e-13, 1.3429599596994142e-14, 1.246584375224472e-15, 9.957178261076701e-17, 9.399408017020252e-18, 7.915437882192125e-19, 7.333390247344291e-20, 7.519560618737347e-21, 1.9011636280552735e-21, 1.2512173053331657e-21, 9.018282813854413e-22, 1.1566970939824233e-21, 7.712129661291927e-22, 7.353888332450521e-22, 1.0455902025962084e-21]
train_rres [1.000000046366253, 0.9963337691744635, 0.9259156484197663, 0.10661124465389882, 0.004668650906917555, 0.0007999163858581201, 0.0001430979151694895, 2.5568001473520426e-05, 1.40352519271712e-06, 3.763560428550351e-07, 2.897963005988078e-08, 7.539126866605183e-09, 1.400942583559507e-10, 2.6866518328863495e-11, 1.03911462860655e-12, 1.0930584899410404e-13, 8.290586899351214e-15, 6.381074435254581e-16, 5.923145832220565e-17, 4.731153389208296e-18, 4.466128849988903e-19, 3.761020419790246e-20, 3.484460477998742e-21, 3.5729193325549106e-22, 9.033379243067425e-23, 5.945159200276245e-23, 4.285037204404988e-23, 5.49604640289986e-23, 3.6644185158024517e-23, 3.494200143422e-23, 4.968121993028497e-23]
test_mses [21.056763065298654, 21.073236860837444, 19.681879724068295, 2.252945511625556, 0.09925190051514274, 0.016951298359492842, 0.0030431485414842948, 0.000544597094766763, 3.0099440999117497e-05, 8.133274708377902e-06, 6.242142254111436e-07, 1.6121407871785745e-07, 3.040756453250205e-09, 5.85875116187901e-10, 2.2779706803885962e-11, 2.41086852795118e-12, 1.838082823825866e-13, 1.421863134878029e-14, 1.3134348595564598e-15, 1.0555475675507663e-16, 9.976883632876527e-18, 8.395044248587465e-19, 7.783866048390668e-20, 7.947158861827107e-21, 1.9352753136542837e-21, 1.2612126384008871e-21, 9.074351410438277e-22, 1.154414659940036e-21, 7.756029423563891e-22, 7.440688374315216e-22, 1.0473065993299857e-21]
test_rres [1.0000031543154257, 1.0007855085382116, 0.9347088033374309, 0.10699425220959918, 0.004713555130917073, 0.0008050312280509254, 0.0001445216499372488, 2.586336802617462e-05, 1.4294474344849468e-06, 3.8625596622186334e-07, 2.9644451639787224e-08, 7.656190400109165e-09, 1.44408047681666e-10, 2.782369552271485e-11, 1.0818271824413215e-12, 1.1449414732523957e-13, 8.7292078845111e-15, 6.75254603698359e-16, 6.237611158330565e-17, 5.012883004892044e-18, 4.738104841743854e-19, 3.9868761894557455e-20, 3.696622589626416e-21, 3.7741717019981e-22, 9.190783085327982e-23, 5.9896034958091e-23, 4.3094847986200704e-23, 5.482411032256312e-23, 3.6834027454623586e-23, 3.5336446639586105e-23, 4.973745962841289e-23]
step_times_seconds [0.0225522518157959, 0.16565823554992676, 0.16234397888183594, 0.21544122695922852, 0.2227640151977539, 0.22253894805908203, 0.2375791072845459, 0.22061681747436523, 0.2188432216644287, 0.22235679626464844, 0.22524785995483398, 0.22239017486572266, 0.23374009132385254, 0.22972917556762695, 0.20281386375427246, 0.23297715187072754, 0.21948599815368652, 0.21357417106628418, 0.2792789936065674, 0.238386869430542, 0.2414989471435547, 0.20630717277526855, 0.22032380104064941, 0.23858976364135742, 0.17624497413635254, 0.18833303451538086, 0.19464993476867676, 0.10519289970397949, 0.1919260025024414, 0.10120201110839844, 0.11700582504272461]
