date 2025-01-26T23:42:30.059438
sample_ratio 0.6
rank 16
seed 0
l2_regularization_strength 0
input_shape (100, 100, 100)
input_size 1000000
num_train_samples 600000
num_test_samples 1000000
num_iterations 10
max_num_richardson_iterations 1024
num_richardson_iterations [4, 6, 9, 9, 8, 9, 8, 8, 9, 8, 10, 9, 10, 9, 9, 7, 9, 8, 2, 7, 4, 2, 6, 4, 2, 7, 4, 2, 8, 4]
train_mses [21.051487559277096, 20.999916936461325, 18.993263834576666, 0.9856479730417007, 0.03862738728131493, 0.011890277045781926, 0.0011692934595301174, 0.00023923699990290213, 5.083002311556052e-05, 7.280402026219708e-06, 1.4102734357392903e-06, 1.4488708731232548e-08, 2.157667223065721e-09, 3.6040993813653105e-11, 3.3739082775963066e-12, 1.0985955723023829e-13, 8.235318050650501e-15, 4.669119473469376e-16, 1.2577928995951258e-16, 1.7221396338337543e-16, 1.0516147543250607e-16, 1.0501102980579842e-16, 1.178575646320651e-16, 1.0865214384131648e-16, 1.0846303595830336e-16, 1.2222375468318343e-16, 9.081524927215063e-17, 9.069574021487362e-17, 2.8021493661402753e-16, 1.034580388287844e-16, 1.0332759068767121e-16]
train_rres [1.000001817083913, 0.9975520749277491, 0.9022306995384158, 0.04682090808411372, 0.0018349039402441837, 0.0005648198787820664, 5.554455859434788e-05, 1.1364395696169102e-05, 2.414561694742455e-06, 3.4583851781594085e-07, 6.699175031471704e-08, 6.882523155494121e-10, 1.0249494899837926e-10, 1.7120433509355675e-12, 1.6026964359504013e-13, 5.218622035375298e-15, 3.911995763589283e-16, 2.2179563057023202e-17, 5.974851808304049e-18, 8.180622667432613e-18, 4.995450617141213e-18, 4.988304048536199e-18, 5.598548722853151e-18, 5.161266678444184e-18, 5.15228354952726e-18, 5.805954397751784e-18, 4.313966603802212e-18, 4.308289604773118e-18, 1.331095700477442e-17, 4.914532834290365e-18, 4.9083361995973964e-18]
test_mses [21.056763065298654, 21.043692928614014, 19.09636173849489, 0.9899728586545476, 0.03877518465290377, 0.011953099157973171, 0.0011751923460121896, 0.0002408068332311255, 5.1098880869368716e-05, 7.360414979894042e-06, 1.4198023140151529e-06, 1.4735472724532777e-08, 2.1920992511658363e-09, 3.695013398888915e-11, 3.4455617840549066e-12, 1.1315281631180083e-13, 8.503044628792043e-15, 4.807472047177225e-16, 1.2729846330772895e-16, 1.736328077776051e-16, 1.058792649451657e-16, 1.0577011519176185e-16, 1.1829263928304038e-16, 1.0921834936164577e-16, 1.0921053091750366e-16, 1.2243793182460796e-16, 9.109290422784415e-17, 9.10706797102104e-17, 2.797634931322008e-16, 1.0387123691201847e-16, 1.0387576575839368e-16]
test_rres [1.0000031543154257, 0.999382442676536, 0.9069020682440037, 0.04701463269882529, 0.0018414657011536688, 0.0005676625996479434, 5.5810859878850363e-05, 1.143611637102394e-05, 2.426728262691411e-06, 3.4955221627081353e-07, 6.742759027665185e-08, 6.997998295923125e-10, 1.0410461280019288e-10, 1.7547925303942103e-12, 1.6363258881522317e-13, 5.373721159352843e-15, 4.0381664663786164e-16, 2.283108375466862e-17, 6.045509675559904e-18, 8.245966150248192e-18, 5.028294168169322e-18, 5.0231105557898634e-18, 5.617815618122379e-18, 5.186870058426089e-18, 5.186498754024757e-18, 5.814679001362855e-18, 4.326077625564294e-18, 4.32502216477633e-18, 1.3286200482331106e-17, 4.932931250285221e-18, 4.933146328958357e-18]
step_times_seconds [0.021396875381469727, 0.16434311866760254, 0.2725059986114502, 0.3504512310028076, 0.3801000118255615, 0.28073596954345703, 0.33969902992248535, 0.31755900382995605, 0.3044931888580322, 0.3529050350189209, 0.322721004486084, 0.41167187690734863, 0.3931388854980469, 0.390002965927124, 0.3633909225463867, 0.35906291007995605, 0.26825881004333496, 0.3469729423522949, 0.30690526962280273, 0.06892800331115723, 0.2653679847717285, 0.17842721939086914, 0.07878613471984863, 0.2500910758972168, 0.1425631046295166, 0.0758202075958252, 0.2622189521789551, 0.20675992965698242, 0.06064796447753906, 0.2949059009552002, 0.16946816444396973]
