date 2025-01-26T23:42:30.059438
sample_ratio 0.5
rank 16
seed 0
l2_regularization_strength 0
input_shape (100, 100, 100)
input_size 1000000
num_train_samples 500000
num_test_samples 1000000
num_iterations 10
max_num_richardson_iterations 1024
num_richardson_iterations [3, 4, 6, 6, 5, 6, 5, 5, 5, 6, 6, 6, 6, 6, 6, 6, 6, 6, 6, 6, 6, 5, 5, 5, 5, 3, 5, 5, 2, 5]
train_mses [21.053038058674616, 20.991178318832077, 19.15588652219155, 1.2870699190398602, 0.05812690216641866, 0.013329168270009389, 0.0013822416118022725, 0.0003962033618830304, 5.005520946560163e-05, 1.3994359889019102e-05, 9.570525104060807e-07, 6.54143020121946e-08, 3.1777009360609018e-09, 1.6955930542719646e-10, 9.209972505150943e-12, 5.9863311468075e-13, 3.760802609125976e-14, 2.4730016296402714e-15, 1.7183581499560246e-16, 1.1521497584956967e-17, 8.515296664512275e-19, 5.979171090905115e-20, 4.387296272455523e-21, 3.7318704333761253e-22, 4.4830167039090634e-21, 4.497181387244335e-21, 4.537204671792809e-21, 3.6056441739792645e-22, 2.876708784602542e-22, 3.1185168438162515e-22, 8.816491130418795e-22]
train_rres [1.0000010092909246, 0.9970627254145258, 0.9098879602395931, 0.06113470248240627, 0.0027609773312228954, 0.0006331239076217719, 6.565527516902259e-05, 1.8819315324623065e-05, 2.377578943540915e-06, 6.64719931365599e-07, 4.545916241082141e-08, 3.1071224899678012e-09, 1.5093803252667794e-10, 8.053919633323417e-12, 4.3746568903853573e-13, 2.8434552638309653e-14, 1.786348551875785e-15, 1.174654279694044e-16, 8.162051859167585e-18, 5.472611212400595e-19, 4.04469190393892e-20, 2.8400542995098018e-21, 2.0839275967138182e-22, 1.7726060198620208e-23, 2.1293939696888403e-22, 2.13612207115908e-22, 2.155132783452511e-22, 1.71264964375892e-23, 1.366411669432812e-23, 1.4812683958560825e-23, 4.187756657377324e-23]
test_mses [21.056763065298654, 21.057059011239165, 19.278641466198998, 1.2927292202733052, 0.058376366170210955, 0.013437309348093106, 0.001391188185699737, 0.00039957269958684554, 5.068251872839773e-05, 1.4162658667495873e-05, 9.738315904456885e-07, 6.661319969329746e-08, 3.262407924164841e-09, 1.7398653777252822e-10, 9.571344235567058e-12, 6.219026059519523e-13, 3.898928318341031e-14, 2.5844368058043214e-15, 1.7958681477398818e-16, 1.2032331619470822e-17, 8.922416004875376e-19, 6.269526818172102e-20, 4.594439952444978e-21, 3.901743150974606e-22, 4.4715730885911384e-21, 4.500741851012099e-21, 4.5572870038568064e-21, 3.6030151496265596e-22, 2.881252127238183e-22, 3.129985678269022e-22, 8.832516335888207e-22]
test_rres [1.0000031543154257, 1.000017209033765, 0.9155586837981894, 0.06139278358882417, 0.0027723420796754495, 0.0006381489734169965, 6.606868157427119e-05, 1.8976039134128344e-05, 2.4069548790513267e-06, 6.725964146088807e-07, 4.62480704749234e-08, 3.163516139957859e-09, 1.5493445999802866e-10, 8.26276508129007e-12, 4.545510816132685e-13, 2.95346709131105e-14, 1.851633418061386e-15, 1.227370488958175e-16, 8.528726884114804e-18, 5.714254150045165e-19, 4.237329413509865e-20, 2.9774503207330143e-21, 2.181937665589926e-22, 1.8529702054411537e-23, 2.1235871721956366e-22, 2.137439659559427e-22, 2.164293421949498e-22, 1.7111017982676447e-23, 1.3683305485658927e-23, 1.4864561763480792e-23, 4.1946353145734363e-23]
step_times_seconds [0.0222470760345459, 0.13363409042358398, 0.1880970001220703, 0.23984789848327637, 0.24387001991271973, 0.1829519271850586, 0.26091599464416504, 0.19333672523498535, 0.19298887252807617, 0.19641804695129395, 0.22484898567199707, 0.2347550392150879, 0.22458505630493164, 0.21811389923095703, 0.2610800266265869, 0.22100496292114258, 0.2232649326324463, 0.22823786735534668, 0.22791409492492676, 0.22619915008544922, 0.23025798797607422, 0.2081737518310547, 0.19600725173950195, 0.21134018898010254, 0.17304706573486328, 0.19434380531311035, 0.1274411678314209, 0.18268895149230957, 0.18410015106201172, 0.08065581321716309, 0.1917252540588379]
