date 2025-01-26T23:42:30.059438
sample_ratio 0.5
rank 16
seed 0
l2_regularization_strength 0
input_shape (100, 100, 100)
input_size 1000000
num_train_samples 500000
num_test_samples 1000000
num_iterations 10
max_num_richardson_iterations 1024
num_richardson_iterations [2, 4, 5, 6, 4, 4, 4, 4, 4, 4, 6, 4, 5, 4, 5, 4, 4, 4, 4, 4, 4, 5, 4, 4, 3, 4, 2, 3, 3, 3]
train_mses [21.053038058674616, 21.006556060740692, 19.153784416862973, 1.299813953859262, 0.058346563620500294, 0.01356979011771508, 0.0015827180348265727, 0.0004993171172036664, 5.8246685361039925e-05, 7.365319399384751e-06, 1.7446218046862855e-06, 3.243399114192335e-08, 5.549079150650274e-09, 1.1779662382725505e-10, 1.7991826139562163e-11, 6.303774117617966e-13, 6.324113521243746e-14, 3.3647421602433446e-15, 3.7070407563334964e-16, 2.7811374998280895e-17, 2.2611907287275982e-18, 2.2879097889208977e-19, 4.3357369381387993e-20, 2.3691800374246254e-20, 2.2528241467469756e-20, 1.331453534859051e-20, 1.2179064299671971e-20, 1.210280483719536e-20, 2.409829791025836e-20, 2.3755040843625172e-20, 2.332128419186431e-20]
train_rres [1.0000010092909246, 0.9977931547894394, 0.9097881120635553, 0.061740033059699814, 0.002771411059370432, 0.0006445532362484779, 7.517773101623133e-05, 2.3717129079817734e-05, 2.7666669288564304e-06, 3.498462698166261e-07, 8.286801936399822e-08, 1.540586388855753e-09, 2.6357643660835336e-10, 5.595237247470889e-12, 8.545961038214962e-13, 2.994237915872948e-14, 3.00389895581287e-15, 1.5982232810625987e-16, 1.760812139076836e-17, 1.3210161398340309e-18, 1.0740459427399296e-19, 1.0867372640998864e-20, 2.0594373610474044e-21, 1.1253399257692153e-21, 1.070071889018267e-21, 6.324288565727513e-22, 5.784949686571633e-22, 5.748727104713347e-22, 1.1446482054176669e-21, 1.1283437930985147e-21, 1.1077407291445791e-21]
test_mses [21.056763065298654, 21.041500528192206, 19.276381307973963, 1.3054942518342674, 0.05858950603830642, 0.013677125100774281, 0.0015925441516741405, 0.0005035959544567894, 5.900578513984936e-05, 7.4828111222926694e-06, 1.7587518211586093e-06, 3.34537560847336e-08, 5.681540229457484e-09, 1.2188641788827312e-10, 1.8926715735080326e-11, 6.547268505203097e-13, 6.675086345292756e-14, 3.5400032163417074e-15, 3.9855470350868097e-16, 3.026367467175856e-17, 2.4599523020955412e-18, 2.470959494141403e-19, 4.446282723502992e-20, 2.3936489338799207e-20, 2.2765884658399464e-20, 1.3315947522363136e-20, 1.2225857990954124e-20, 1.2173552535882195e-20, 2.4043764692646085e-20, 2.3789630798388517e-20, 2.344576527201884e-20]
test_rres [1.0000031543154257, 0.9992783237608922, 0.9154513470082336, 0.061999005532164295, 0.0027824642689096104, 0.0006495380225501426, 7.563124351649425e-05, 2.3916189843404797e-05, 2.802233708938337e-06, 3.5536491065765284e-07, 8.352458368660776e-08, 1.5887466418598838e-09, 2.698210609678477e-10, 5.788487146789887e-12, 8.988454387418584e-13, 3.1093521530586103e-14, 3.1700539061585862e-15, 1.681176908174633e-16, 1.892769365547674e-17, 1.4372470279066218e-18, 1.1682517649709538e-19, 1.1734791718292077e-20, 2.111576567914481e-21, 1.136763745111612e-21, 1.0811707572802918e-21, 6.323853995871967e-22, 5.806161430060796e-22, 5.781321135330961e-22, 1.1418583407004267e-21, 1.129789311140283e-21, 1.1134588518971572e-21]
step_times_seconds [0.016777992248535156, 0.07991290092468262, 0.17360520362854004, 0.22833776473999023, 0.25024986267089844, 0.14721083641052246, 0.15707874298095703, 0.14453601837158203, 0.13468003273010254, 0.1324939727783203, 0.17213106155395508, 0.2460191249847412, 0.2014322280883789, 0.20284295082092285, 0.14654111862182617, 0.17816710472106934, 0.13861489295959473, 0.14134001731872559, 0.14288711547851562, 0.14961504936218262, 0.15492486953735352, 0.13559317588806152, 0.18912220001220703, 0.16066288948059082, 0.16655802726745605, 0.1163032054901123, 0.16663408279418945, 0.061203956604003906, 0.11614227294921875, 0.10675191879272461, 0.12048101425170898]
