date 2025-01-26T23:42:30.059438
sample_ratio 0.3
rank 16
seed 0
l2_regularization_strength 0
input_shape (100, 100, 100)
input_size 1000000
num_train_samples 300000
num_test_samples 1000000
num_iterations 10
max_num_richardson_iterations 1024
num_richardson_iterations [4, 4, 8, 8, 8, 6, 6, 6, 6, 6, 7, 8, 6, 8, 6, 6, 5, 6, 6, 3, 6, 4, 3, 6, 4, 3, 6, 4, 3, 6]
train_mses [21.035412900838814, 20.933107851503753, 19.681086819334727, 3.594212085731063, 0.16132614702256587, 0.021352379600432334, 0.006780840320506996, 0.0012292509557727408, 0.00013628910540558004, 1.922694433152871e-05, 1.3670765915152204e-06, 1.2552995201721417e-07, 9.973627073886114e-09, 8.709154488649624e-10, 8.165374742153735e-11, 9.065380341887334e-12, 7.740826130170553e-13, 1.1408962499264404e-13, 1.60607327626953e-14, 6.6236352654810495e-15, 1.1188204114572393e-14, 5.620907036233735e-15, 5.560203603501767e-15, 3.1780150074767188e-15, 2.6865244767497886e-15, 2.661310754899072e-15, 6.5629223548431746e-15, 5.355572560673853e-15, 5.324061149055504e-15, 3.3131596267807186e-15, 2.6339058049545796e-15]
train_rres [0.9999994070554747, 0.9951359423278694, 0.9356162982071645, 0.17086472091162805, 0.007669260029532253, 0.0010150676404742354, 0.0003223533729435116, 5.843718080029218e-05, 6.479027782158078e-06, 9.14026885122404e-07, 6.498925347265829e-08, 5.967549968078388e-09, 4.741347938875415e-10, 4.1402321721276326e-11, 3.881725516409464e-12, 4.3095778577553845e-13, 3.6798999747618e-14, 5.423689940465872e-15, 7.635088179767223e-16, 3.148800249016579e-16, 5.318743935918591e-16, 2.672114747566253e-16, 2.643257031758935e-16, 1.5107918908325262e-16, 1.2771429286670571e-16, 1.2651566144362714e-16, 3.1199380275214797e-16, 2.5459777805943914e-16, 2.530997616866503e-16, 1.5750380930857508e-16, 1.2521286154974986e-16]
test_mses [21.056763065298654, 21.098762954548985, 20.025451540946445, 3.6411776038290755, 0.16425732806055743, 0.02168407569656482, 0.006881515989812736, 0.0012544815777307968, 0.00013955414920053684, 1.9818491899958956e-05, 1.4051879164271082e-06, 1.3190335359708207e-07, 1.0494368727960815e-08, 9.234195937437107e-10, 8.795983808801453e-11, 9.72940042340057e-12, 8.342345223952585e-13, 1.2314162586961002e-13, 1.7035216917400226e-14, 6.810615117251051e-15, 1.1191712321911681e-14, 5.634591208763545e-15, 5.616077791023096e-15, 3.1996885994486675e-15, 2.7235448544614052e-15, 2.71234631085183e-15, 6.564181712058811e-15, 5.404577481327059e-15, 5.413704765660481e-15, 3.3386906187081875e-15, 2.675935722252439e-15]
test_rres [1.0000031543154257, 1.0019977639142983, 0.9510253140730357, 0.17292254645028535, 0.007800716837179808, 0.0010297947518208318, 0.00032680890576317897, 5.9576371300333856e-05, 6.627542370381088e-06, 9.411966289535955e-07, 6.67335404057793e-08, 6.264199737292063e-09, 4.983862808336697e-10, 4.385396291143017e-11, 4.177285714253303e-12, 4.62057301154346e-13, 3.961848985273981e-14, 5.848098015600362e-15, 8.090165900152856e-16, 3.234417644800895e-16, 5.315037068801137e-16, 2.675914130091198e-16, 2.6671219543516526e-16, 1.5195586721250843e-16, 1.2934340558114283e-16, 1.2881157745074188e-16, 3.1173843753678296e-16, 2.5666787019016703e-16, 2.5710133249847393e-16, 1.5855718847374295e-16, 1.2708240837869789e-16]
step_times_seconds [0.021014928817749023, 0.1486189365386963, 0.15933680534362793, 0.28798794746398926, 0.297853946685791, 0.31419968605041504, 0.19737863540649414, 0.23026394844055176, 0.24108004570007324, 0.23886823654174805, 0.21448779106140137, 0.2533712387084961, 0.299562931060791, 0.20090794563293457, 0.30274200439453125, 0.22314810752868652, 0.21713519096374512, 0.180649995803833, 0.2127361297607422, 0.21164679527282715, 0.10889792442321777, 0.2454819679260254, 0.1504039764404297, 0.10306811332702637, 0.23003888130187988, 0.162034273147583, 0.12370991706848145, 0.20845699310302734, 0.14652371406555176, 0.10534095764160156, 0.2144179344177246]
