date 2025-01-26T23:42:30.059438
sample_ratio 0.2
rank 16
seed 0
l2_regularization_strength 0
input_shape (100, 100, 100)
input_size 1000000
num_train_samples 200000
num_test_samples 1000000
num_iterations 10
max_num_richardson_iterations 1024
num_richardson_iterations [2, 2, 7, 9, 10, 2, 6, 3, 4, 4, 4, 4, 3, 4, 3, 4, 3, 3, 3, 3, 3, 3, 3, 3, 3, 3, 3, 3, 3, 3]
train_mses [21.075277966255907, 21.01713723813474, 20.58034437690287, 6.968915751929522, 0.9906362714511984, 0.11767694187142144, 0.10695603425371725, 0.04592525264438779, 0.036034157257182335, 0.02466937064727039, 0.017556916573108393, 0.011788363542470124, 0.007942936608499956, 0.006295743446521539, 0.004546221437029808, 0.0036398745666035, 0.002593228509792404, 0.0020511859539175704, 0.0016124456598172578, 0.0013123996152162936, 0.0010341142037324936, 0.0008233214928092425, 0.0006536924477040696, 0.0005150840186823059, 0.0004113413408685127, 0.0003246294550986611, 0.0002580793322562376, 0.00020935358392753739, 0.00016704461837615086, 0.0001338281791560369, 0.00010981611784170533]
train_rres [1.0000009369824092, 0.9972422173730594, 0.9765168313924589, 0.3306681075731996, 0.047004703864219, 0.00558365362113189, 0.00507495723856595, 0.002179107471278607, 0.0017097848521024943, 0.0011705370530123228, 0.0008330581950919542, 0.0005593461024255064, 0.00037688442655937725, 0.0002987267525297964, 0.0002157136766612703, 0.00017270842087728708, 0.0001230461085141548, 9.732672940907015e-05, 7.650893967957155e-05, 6.227205387340375e-05, 4.906768842313995e-05, 3.9065784354789424e-05, 3.101705520795675e-05, 2.4440223380763177e-05, 1.951773670300916e-05, 1.5403344135746245e-05, 1.2245607127234524e-05, 9.93361892656238e-06, 7.926100674044672e-06, 6.350013734811093e-06, 5.210665354606717e-06]
test_mses [21.056763065298654, 21.051032360716558, 20.734707236250063, 7.208187568358448, 1.0293887795128867, 0.1262349480343114, 0.11487667816657805, 0.049494079468859975, 0.03884457903835338, 0.02693162491352555, 0.019111979090584055, 0.012934620234890436, 0.008832016271925997, 0.007001165829945887, 0.005082311299927366, 0.0040947808871459775, 0.002920637239372379, 0.0023266858121237665, 0.0018453860285618602, 0.0015007547719362538, 0.001192626049925213, 0.0009582978674392736, 0.0007620093070157872, 0.0006061004847735857, 0.0004893291962590007, 0.0003874737306845565, 0.000311405706348684, 0.00025554501437757853, 0.00020498817777664483, 0.00016668080553778594, 0.00013857133821849066]
test_rres [1.0000031543154257, 0.9997309983985465, 0.9847084556993309, 0.3423228101537956, 0.04888652749416273, 0.005995002452546465, 0.0054555887895786, 0.0023505149122546934, 0.0018447612981134765, 0.001279005219408517, 0.0009076437492565502, 0.0006142758502173949, 0.0004194397830047435, 0.00033249117597610025, 0.00024136318176633357, 0.00019446454284916548, 0.00013870348652004704, 0.00011049624028201575, 8.763891409941659e-05, 7.127208969090878e-05, 5.663880094701745e-05, 4.551036107692593e-05, 3.618845443007748e-05, 2.878421506316635e-05, 2.32386496557035e-05, 1.8401449059256277e-05, 1.4788915449863348e-05, 1.2136044825821137e-05, 9.735058695314653e-06, 7.915809793971196e-06, 6.580867861146491e-06]
step_times_seconds [0.019030094146728516, 0.07990384101867676, 0.07929182052612305, 0.24925899505615234, 0.31275296211242676, 0.36211299896240234, 0.07157301902770996, 0.20392489433288574, 0.10995006561279297, 0.13084816932678223, 0.1285991668701172, 0.13501405715942383, 0.15191102027893066, 0.11689496040344238, 0.14623808860778809, 0.09975504875183105, 0.15114498138427734, 0.10251593589782715, 0.10181498527526855, 0.10049581527709961, 0.1040198802947998, 0.09845614433288574, 0.10194182395935059, 0.10238218307495117, 0.11016106605529785, 0.09852409362792969, 0.10599803924560547, 0.11935710906982422, 0.09254097938537598, 0.10718679428100586, 0.1011648178100586]
