date 2025-01-26T23:42:30.059438
sample_ratio 0.3
rank 16
seed 0
l2_regularization_strength 0
input_shape (100, 100, 100)
input_size 1000000
num_train_samples 300000
num_test_samples 1000000
num_iterations 10
max_num_richardson_iterations 1024
num_richardson_iterations [4, 7, 14, 16, 15, 12, 14, 14, 15, 14, 16, 14, 15, 14, 14, 14, 14, 15, 14, 14, 5, 11, 7, 3, 10, 5, 2, 8, 3, 3]
train_mses [21.035412900838814, 20.945071826742378, 19.697682458192258, 3.6278752435354096, 0.16983654365567, 0.021367290662299004, 0.007236653394842915, 0.0011532494590570561, 0.00013295854893211645, 1.1687727980452187e-05, 1.76917227209986e-06, 9.109389259735655e-08, 1.4548076086181132e-08, 1.1975413336283104e-09, 1.6564941156357244e-10, 2.0421126986304225e-11, 2.719337259979444e-12, 3.723093661110823e-13, 5.4522189020935316e-14, 7.527044442076808e-15, 1.0799709067079295e-15, 4.479174438016376e-16, 2.744341947997028e-16, 2.602255069333979e-16, 2.2815629329687393e-16, 1.7490436585488395e-16, 1.7344580438244508e-16, 1.8179114241313824e-16, 1.6991744584662357e-16, 1.6952025513345808e-16, 1.75831696923668e-16]
train_rres [0.9999994070554747, 0.9957046959910874, 0.9364052358474891, 0.17246502883059545, 0.008073834526216921, 0.0010157764952561943, 0.0003440222037961676, 5.4824156800749836e-05, 6.320696946707943e-06, 5.556211853493879e-07, 8.410442102652043e-08, 4.330499192630498e-09, 6.915988542064197e-10, 5.692974172639033e-11, 7.874783068130566e-12, 9.707969591076797e-13, 1.2927417495355492e-13, 1.7699160321090518e-14, 2.59192234301841e-15, 3.578270611772429e-16, 5.1340578453871366e-17, 2.1293481631329438e-17, 1.3046286914791487e-17, 1.2370822187366306e-17, 1.0846288546289998e-17, 8.314752982068788e-18, 8.245414642266831e-18, 8.642142442272975e-18, 8.077680523600687e-18, 8.058798532573184e-18, 8.358837237666699e-18]
test_mses [21.056763065298654, 21.061769357776853, 20.015709408460566, 3.6776881518260147, 0.1728970042090277, 0.0217117652791293, 0.0073532392756264515, 0.001177823802417842, 0.0001361869706824359, 1.2210370275927917e-05, 1.8407929737526384e-06, 9.710542801444689e-08, 1.5601855060152756e-08, 1.3035374231085478e-09, 1.8095926512310838e-10, 2.2575438764411987e-11, 3.015129284173028e-12, 4.1450036364391946e-13, 6.080742242722657e-14, 8.384088586985775e-15, 1.1998494281095921e-15, 4.919726052012142e-16, 2.9210411431462784e-16, 2.731052666292309e-16, 2.3410115482013945e-16, 1.8047119077932408e-16, 1.7891084885002076e-16, 1.8588303928389304e-16, 1.7418648590457407e-16, 1.7393655766568505e-16, 1.77601845980355e-16]
test_rres [1.0000031543154257, 1.0002409073002554, 0.9505626521156669, 0.17465646267708154, 0.008211022228086362, 0.0010311097530781614, 0.00034921143611957317, 5.593582992756752e-05, 6.467632267921268e-06, 5.79880618565247e-07, 8.742078611445888e-08, 4.611617370365235e-09, 7.409450457766053e-10, 6.19060741118835e-11, 8.593905690278194e-12, 1.0721263237116891e-12, 1.431909921525764e-13, 1.9684966289614823e-14, 2.8877949590090375e-15, 3.981673254833112e-16, 5.698184517213372e-17, 2.3364187340302108e-17, 1.3872266824549491e-17, 1.2969995779620212e-17, 1.1117658137818012e-17, 8.570726634607994e-18, 8.496624701358559e-18, 8.827739811726605e-18, 8.272260784030576e-18, 8.260391484534425e-18, 8.434459068653553e-18]
step_times_seconds [0.019356966018676758, 0.1734600067138672, 0.3036019802093506, 0.4935927391052246, 0.5936529636383057, 0.5720629692077637, 0.4466359615325928, 0.4803431034088135, 0.5162477493286133, 0.5333189964294434, 0.5266170501708984, 0.6076219081878662, 0.5001187324523926, 0.5530259609222412, 0.5554807186126709, 0.5008912086486816, 0.5058259963989258, 0.5213398933410645, 0.5787150859832764, 0.5246238708496094, 0.5386288166046143, 0.16144299507141113, 0.39452695846557617, 0.25922608375549316, 0.10619497299194336, 0.37068605422973633, 0.22399497032165527, 0.07587504386901855, 0.3016200065612793, 0.10094308853149414, 0.10621905326843262]
