date 2025-01-26T23:42:30.059438
sample_ratio 0.2
rank 16
seed 0
l2_regularization_strength 0
input_shape (100, 100, 100)
input_size 1000000
num_train_samples 200000
num_test_samples 1000000
num_iterations 10
max_num_richardson_iterations 1024
num_richardson_iterations [2, 4, 6, 8, 8, 4, 4, 4, 4, 4, 4, 6, 6, 6, 6, 6, 6, 6, 6, 6, 6, 4, 6, 4, 6, 7, 6, 4, 3, 8]
train_mses [21.075277966255907, 21.01713723813474, 19.831396134466257, 5.192279087870259, 0.297357494874995, 0.025999241416641665, 0.010753188033529025, 0.00290305189430932, 0.0008681916468082213, 0.00023336176938825522, 7.962447920044448e-05, 2.837878675702925e-05, 5.576764056855574e-06, 9.209340620601134e-07, 7.404683622543257e-08, 1.2218478068724969e-08, 1.67891109722939e-09, 2.2503528502164728e-10, 3.668470810660917e-11, 5.529370216297354e-12, 8.740252324609433e-13, 1.0973011629589338e-13, 2.3971348319824432e-14, 3.906161650860308e-15, 1.1283027478039317e-15, 1.4772706554260986e-16, 4.574748214173022e-17, 6.3907164008270854e-18, 3.082689325654822e-18, 1.2843444841270573e-17, 2.0996151061596463e-18]
train_rres [1.0000009369824092, 0.9972422173730594, 0.9409799836513709, 0.2463684683664864, 0.014109316800938191, 0.0012336380957395448, 0.0005102280561278592, 0.00013774691935575047, 4.119482844679933e-05, 1.1072783401375256e-05, 3.778102188482138e-06, 1.3465451508108778e-06, 2.6461189698728925e-07, 4.369740349017739e-08, 3.513448587704214e-09, 5.797546080667253e-10, 7.9662658448809e-11, 1.067770001591723e-11, 1.7406528416029482e-12, 2.6236310648301697e-13, 4.1471626272575553e-14, 5.2065846669625694e-15, 1.1374165891874461e-15, 1.8534347765753359e-16, 5.3536840975967704e-17, 7.009502042952928e-18, 2.1706724380842622e-18, 3.0323312456653057e-19, 1.4627053645585406e-19, 6.094086586149138e-19, 9.962464442100407e-20]
test_mses [21.056763065298654, 21.051032360716558, 20.416906814761706, 5.292931581518597, 0.30447856153300046, 0.026576971091501974, 0.01112916394026011, 0.0030318868125961324, 0.0009186987131699539, 0.0002476603568961428, 8.48408250487284e-05, 3.0245687312139578e-05, 5.936327634920731e-06, 9.945224804618949e-07, 8.061942068232312e-08, 1.354141798404106e-08, 1.880457036088212e-09, 2.557036537432488e-10, 4.150609528255497e-11, 6.3643721604950284e-12, 9.975810228114603e-13, 1.277059910670611e-13, 2.83465445628686e-14, 4.6713861021255844e-15, 1.3654075446620227e-15, 1.7578721344560345e-16, 5.446822678240654e-17, 7.18425692939778e-18, 3.2925676360032167e-18, 1.2916140016442457e-17, 2.1455649202169277e-18]
test_rres [1.0000031543154257, 0.9997309983985465, 0.9696158499201044, 0.2513657137462434, 0.014459939593289306, 0.001262162415050896, 0.000528533232322608, 0.00014398682108552626, 4.362976437482397e-05, 1.176159589804998e-05, 4.029161196350682e-06, 1.4363927932694646e-06, 2.8192112631753956e-07, 4.723069801447617e-08, 3.828683199378629e-09, 6.430931789445308e-10, 8.930446535449856e-11, 1.2143578740961699e-11, 1.9711589135118992e-12, 3.022493160983878e-13, 4.737595072913549e-14, 6.064863507083746e-15, 1.346200927887457e-15, 2.2184800306981894e-16, 6.484433753439954e-17, 8.348280663499465e-18, 2.5867412965356437e-18, 3.4118632424799707e-19, 1.5636676974469258e-19, 6.133982093053939e-19, 1.0189465880163389e-19]
step_times_seconds [0.02051520347595215, 0.08928418159484863, 0.14912724494934082, 0.19885706901550293, 0.24687671661376953, 0.2887711524963379, 0.13684296607971191, 0.14988398551940918, 0.13113975524902344, 0.13186407089233398, 0.14132189750671387, 0.13612914085388184, 0.2167651653289795, 0.23337769508361816, 0.2285478115081787, 0.2064528465270996, 0.21427488327026367, 0.20041418075561523, 0.19784069061279297, 0.21660900115966797, 0.2372269630432129, 0.19752717018127441, 0.1313459873199463, 0.22565722465515137, 0.14850902557373047, 0.19946503639221191, 0.24492812156677246, 0.22625517845153809, 0.12444376945495605, 0.10280704498291016, 0.23864293098449707]
