date 2025-01-26T23:42:30.059438
sample_ratio 0.7
rank 16
seed 0
l2_regularization_strength 0
input_shape (100, 100, 100)
input_size 1000000
num_train_samples 700000
num_test_samples 1000000
num_iterations 10
max_num_richardson_iterations 1024
num_richardson_iterations [2, 2, 5, 4, 4, 4, 4, 4, 4, 5, 4, 5, 4, 5, 4, 5, 4, 5, 4, 5, 4, 5, 4, 5, 3, 4, 2, 2, 2, 2]
train_mses [21.06396416056012, 21.023423372460332, 19.051214412080107, 0.6700236418909723, 0.051300367352813646, 0.010884789800763522, 0.0014180606594976762, 0.00021734006494081968, 4.633941612106842e-05, 1.2787081217747632e-05, 2.692468639577373e-07, 2.823944584447806e-08, 1.410788384677753e-09, 2.654823713106731e-10, 7.990908378169223e-12, 2.0670474176827113e-12, 7.208211842181352e-14, 1.4048924274895562e-14, 7.097952949592609e-16, 1.3194091749635062e-16, 6.318346853656773e-18, 1.4255119316759122e-18, 6.196420910577737e-20, 1.4117455205478306e-20, 8.045072904234747e-22, 2.8551726080949776e-22, 1.444039509452888e-22, 1.3433274651860108e-22, 1.5204341818515272e-22, 1.4071786417330417e-22, 1.4983712366254168e-22]
train_rres [1.0000014632796708, 0.9980768090639082, 0.9044471469907905, 0.03180904682592898, 0.0024354600125864514, 0.0005167501067361159, 6.732174075628997e-05, 1.0318113974816933e-05, 2.1999412634474292e-06, 6.070604674103093e-07, 1.2782364035984011e-08, 1.3406539695676238e-09, 6.697649304290317e-11, 1.260364657677857e-11, 3.7936449237153065e-13, 9.813207175036378e-14, 3.4220635464751612e-15, 6.669658534031265e-16, 3.369718672980367e-17, 6.2638309464017094e-18, 2.999604467138091e-19, 6.767548628228563e-20, 2.9417207181146837e-21, 6.702193260325084e-22, 3.819359269272726e-23, 1.3554793220532567e-23, 6.855507403446642e-24, 6.377381867013494e-24, 7.21818739854676e-24, 6.680512225062212e-24, 7.11344463815183e-24]
test_mses [21.056763065298654, 21.034971419749667, 19.103160089470542, 0.6718799801839214, 0.05139247307632157, 0.01091567872961435, 0.0014273589631437979, 0.00021830022053482125, 4.655224836088929e-05, 1.288781634163609e-05, 2.724563949800624e-07, 2.8765982183335982e-08, 1.4558316947684965e-09, 2.7164321440872846e-10, 8.335282333294211e-12, 2.1354724599341905e-12, 7.53540213644353e-14, 1.458457106334613e-14, 7.476102369420236e-16, 1.3735073967516384e-16, 6.686718247435345e-18, 1.4921802102845518e-18, 6.56688536131529e-20, 1.4767741950405973e-20, 8.47410078751601e-22, 2.946851237048877e-22, 1.4614080960268918e-22, 1.356768215021265e-22, 1.5252189746827708e-22, 1.4135918110050114e-22, 1.503828686978154e-22]
test_rres [1.0000031543154257, 0.9989682509820343, 0.9072249275742206, 0.031908137894782244, 0.002440671200270413, 0.000518394642484112, 6.778646181551403e-05, 1.0367258654409811e-05, 2.2108049113247755e-06, 6.120530944812238e-07, 1.2939180326461427e-08, 1.3661203686013609e-09, 6.913865547169845e-11, 1.29005617062186e-11, 3.958494759880906e-13, 1.014153594864332e-13, 3.578625015682984e-15, 6.926333844596905e-16, 3.550463064157211e-17, 6.522900623271682e-18, 3.175577993026642e-19, 7.086487664149642e-20, 3.1186683608390333e-21, 7.013323219113097e-22, 4.0244207959333147e-23, 1.3994841102636472e-23, 6.940348339566905e-24, 6.443404859943184e-24, 7.243391498373578e-24, 6.713264833420954e-24, 7.141807246748586e-24]
step_times_seconds [0.02279186248779297, 0.0940701961517334, 0.0916891098022461, 0.193511962890625, 0.13828277587890625, 0.15982604026794434, 0.16539907455444336, 0.16294479370117188, 0.15868306159973145, 0.1630539894104004, 0.17291903495788574, 0.15491676330566406, 0.20174789428710938, 0.1417560577392578, 0.2035541534423828, 0.15721607208251953, 0.20407700538635254, 0.15129709243774414, 0.18671607971191406, 0.16063499450683594, 0.2081742286682129, 0.16223406791687012, 0.19503116607666016, 0.15018105506896973, 0.2025909423828125, 0.12511491775512695, 0.1639399528503418, 0.07780003547668457, 0.07585597038269043, 0.0841360092163086, 0.06894898414611816]
