date 2025-01-26T23:42:30.059438
sample_ratio 0.9
rank 16
seed 0
l2_regularization_strength 0
input_shape (100, 100, 100)
input_size 1000000
num_train_samples 900000
num_test_samples 1000000
num_iterations 10
max_num_richardson_iterations 1024
num_richardson_iterations [2, 3, 5, 4, 4, 4, 4, 4, 4, 4, 5, 4, 5, 4, 5, 4, 4, 4, 4, 2, 3, 2, 2, 3, 2, 3, 3, 2, 2, 3]
train_mses [21.044558006892448, 21.010155089962574, 18.247528063217313, 0.1785308427321805, 0.021265849318900368, 0.0018854239004617588, 0.0003822964758918122, 2.992597868951244e-05, 7.81392214765334e-06, 3.1677438967879816e-07, 1.114434897119821e-08, 8.947712250539725e-11, 3.318549233049123e-12, 2.83332133151961e-14, 1.518019064609821e-15, 1.2277939410307794e-17, 7.661646654889941e-19, 9.12577709525086e-21, 1.0441972361397499e-21, 1.0565906666352804e-21, 1.0935055006389643e-21, 5.657834773402626e-22, 7.555973668605553e-22, 7.606014561601414e-22, 5.391568081350459e-22, 5.589795714558048e-22, 6.39893358837604e-22, 5.514885841705544e-22, 1.0397750617619145e-21, 1.1371179563414545e-21, 6.127024329073437e-22]
train_rres [1.0000033238149972, 0.9983685529033185, 0.8670929894868005, 0.008483496592192672, 0.0010105187286748583, 8.959229111129276e-05, 1.816610956853374e-05, 1.4220340549859931e-06, 3.71304929147277e-07, 1.5052606116722245e-08, 5.295614195984768e-10, 4.251807991476636e-12, 1.5769208658152614e-13, 1.3463484232016562e-15, 7.213380816680377e-17, 5.8342780189946e-19, 3.6406904427627655e-20, 4.33642152268381e-22, 4.961856202996472e-23, 5.020747778124548e-23, 5.1961610925295e-23, 2.688511479854153e-23, 3.5904763506030566e-23, 3.614254972756176e-23, 2.5619858588426856e-23, 2.6561804206931395e-23, 3.0406696377998065e-23, 2.620584461959044e-23, 4.940842746335246e-23, 5.403400420853433e-23, 2.9114627601882066e-23]
test_mses [21.056763065298654, 21.02891121465223, 18.275342559863862, 0.17892703203076024, 0.02128466858010838, 0.0018877557602422791, 0.0003832592579954476, 2.9958238216076775e-05, 7.823305536739765e-06, 3.1672934256694864e-07, 1.1132849566058799e-08, 9.01887570501995e-11, 3.335832525924201e-12, 2.8642642235966676e-14, 1.5329709846072703e-15, 1.2433084636741734e-17, 7.7418284146051085e-19, 9.243789722617394e-21, 1.0494754875056704e-21, 1.0577412198812506e-21, 1.0943978074800404e-21, 5.664698880237322e-22, 7.554179038519168e-22, 7.600845478841824e-22, 5.389380909903714e-22, 5.592124878408576e-22, 6.401148536427983e-22, 5.5191933871949475e-22, 1.0409587618263573e-21, 1.1375389384730827e-21, 6.135227021713155e-22]
test_rres [1.0000031543154257, 0.9986804468122081, 0.8679111860348799, 0.008497393254043327, 0.0010108265763669943, 8.965108782224972e-05, 1.820130025339207e-05, 1.4227415971251895e-06, 3.7153527299767517e-07, 1.5041739352292388e-08, 5.287082657507225e-10, 4.28313892568881e-12, 1.5842145527531878e-13, 1.3602628521331406e-15, 7.28020643689354e-17, 5.904575084050816e-19, 3.676658568444644e-20, 4.389952459350049e-22, 4.984046192797414e-23, 5.023300841874647e-23, 5.1973860187442076e-23, 2.6902125131567735e-23, 3.5875423223201354e-23, 3.609704602143778e-23, 2.5594617240067302e-23, 2.6557465173505896e-23, 3.039958567144928e-23, 2.6211107468684936e-23, 4.9435995556892255e-23, 5.402266830386495e-23, 2.913670232755393e-23]
step_times_seconds [0.03087782859802246, 0.08417415618896484, 0.13774681091308594, 0.20051789283752441, 0.1588912010192871, 0.3582439422607422, 0.17391324043273926, 0.2210981845855713, 0.15980315208435059, 0.17506003379821777, 0.15792512893676758, 0.21126508712768555, 0.16359710693359375, 0.193986177444458, 0.1864759922027588, 0.21305084228515625, 0.16163420677185059, 0.14685893058776855, 0.1863112449645996, 0.15328407287597656, 0.0783541202545166, 0.12110209465026855, 0.07959222793579102, 0.07217192649841309, 0.12518692016601562, 0.07781696319580078, 0.11556291580200195, 0.10951018333435059, 0.06279826164245605, 0.07706880569458008, 0.12560796737670898]
