date 2025-01-26T23:42:30.059438
sample_ratio 0.2
rank 16
seed 0
l2_regularization_strength 0
input_shape (100, 100, 100)
input_size 1000000
num_train_samples 200000
num_test_samples 1000000
num_iterations 10
max_num_richardson_iterations 1024
num_richardson_iterations [5, 9, 19, 24, 23, 16, 19, 19, 20, 20, 20, 21, 21, 21, 21, 20, 21, 20, 20, 20, 20, 20, 20, 20, 19, 20, 20, 20, 21, 20]
train_mses [21.075277966255907, 20.941594150626948, 19.855011227366553, 5.241216984680421, 0.31146154322643155, 0.024186706304118892, 0.011100771395247323, 0.002276316994877183, 0.0005045914926424233, 9.604752030484608e-05, 1.62559805534383e-05, 3.182676444783465e-06, 4.071653155349034e-07, 5.223316192478334e-08, 7.980003317656725e-09, 1.0786353763232912e-09, 1.9113716322120867e-10, 3.212336548328597e-11, 5.686331410122323e-12, 1.0705785227989413e-12, 2.0968468328470156e-13, 3.783176663191026e-14, 8.068786926648747e-15, 1.5660448072925706e-15, 2.9387608594938914e-16, 6.531325721713e-17, 1.2798253305168261e-17, 2.6371172065859723e-18, 5.679419425708194e-19, 1.133542457852429e-19, 2.2473182310933912e-20]
train_rres [1.0000009369824092, 0.9936577731530927, 0.9421004962759273, 0.24869052280118792, 0.014778539839859151, 0.0011476351109277485, 0.000526720540258048, 0.00010800897294881849, 2.3942363476471766e-05, 4.557359122544765e-06, 7.713300774031998e-07, 1.5101482561659047e-07, 1.931958846253718e-08, 2.4784114805018934e-09, 3.78643204970128e-10, 5.1180173695108226e-11, 9.069267917576344e-12, 1.5242216797210373e-12, 2.6981075871072e-13, 5.079788402441539e-14, 9.94932926110357e-15, 1.795079625530132e-15, 3.828558987397122e-16, 7.430726546793064e-17, 1.3944127416807694e-17, 3.099048967186942e-18, 6.072643652623733e-19, 1.2512858343983674e-19, 2.6948279193839064e-20, 5.378545999614873e-21, 1.0663301050592431e-21]
test_mses [21.056763065298654, 21.076926488699897, 20.37666301209051, 5.3520746057330735, 0.31779955700726303, 0.024802783120694984, 0.011480967977633488, 0.0023862797025151336, 0.0005309919925420302, 0.0001017217149556367, 1.73048019234006e-05, 3.38846003189023e-06, 4.4030785233397916e-07, 5.839438608854373e-08, 8.940428761426424e-09, 1.2254080385704236e-09, 2.2327828770585007e-10, 3.760916883869015e-11, 6.647642447268146e-12, 1.282587479604908e-12, 2.4999567639063255e-13, 4.504908301194578e-14, 9.77300510283436e-15, 1.8849487762098044e-15, 3.531448588425979e-16, 7.983469959960004e-17, 1.553520012241873e-17, 3.183817730008688e-18, 6.970185867761868e-19, 1.372349588073535e-19, 2.7177667202950664e-20]
test_rres [1.0000031543154257, 1.000960732027656, 0.9677046383303628, 0.25417446505273916, 0.015092564724301823, 0.0011779047558060462, 0.0005452406980419735, 0.00011332640359745455, 2.5217250429784043e-05, 4.830848668551924e-06, 8.218194056959536e-07, 1.609207792125536e-07, 2.0910585346778933e-08, 2.7731978605529474e-09, 4.24588382109526e-10, 5.8195644795631947e-11, 1.0603671195975933e-11, 1.7860906423861186e-12, 3.157020571212367e-13, 6.091114390720758e-14, 1.1872502159073196e-14, 2.1394183413311013e-15, 4.6412812357094825e-16, 8.951778182085324e-17, 1.677114244377166e-17, 3.7914161438702675e-18, 7.377795474624522e-19, 1.5120214645056176e-19, 3.3101991185974395e-20, 6.517402093765477e-21, 1.2906899719394307e-21]
step_times_seconds [0.02162313461303711, 0.20956087112426758, 0.3656020164489746, 0.6641209125518799, 0.8996317386627197, 0.8656771183013916, 0.5883650779724121, 0.6971478462219238, 0.714216947555542, 0.7376687526702881, 0.7376518249511719, 0.7261767387390137, 0.7194428443908691, 0.7458539009094238, 0.8485190868377686, 0.7444109916687012, 0.7029039859771729, 0.74350905418396, 0.7518420219421387, 0.6902601718902588, 0.7333171367645264, 0.7821898460388184, 0.7229318618774414, 0.7425031661987305, 0.7603552341461182, 0.6533370018005371, 0.7229149341583252, 0.7164192199707031, 0.7259867191314697, 0.746366024017334, 0.7021009922027588]
