date 2025-01-26T23:42:30.059438
sample_ratio 0.4
rank 16
seed 0
l2_regularization_strength 0
input_shape (100, 100, 100)
input_size 1000000
num_train_samples 400000
num_test_samples 1000000
num_iterations 10
max_num_richardson_iterations 1024
num_richardson_iterations [4, 4, 6, 6, 6, 6, 6, 6, 6, 6, 6, 7, 6, 6, 6, 6, 6, 6, 6, 6, 7, 6, 7, 5, 5, 5, 3, 5, 3, 3]
train_mses [21.045985838180503, 20.968825423900896, 19.486806720461907, 2.243738641142998, 0.09825635631461634, 0.01683502814792135, 0.0030116365564919283, 0.0005381037719724335, 2.953856995986126e-05, 7.920783580783667e-06, 6.09904855556958e-07, 1.5866834990996199e-07, 2.948224521218685e-09, 5.646076168758779e-10, 2.0418713739100168e-11, 2.2800666381825137e-12, 1.644707044740005e-13, 1.3014303137606731e-14, 1.1916294153829006e-15, 9.529010456819124e-17, 9.034258836371645e-18, 7.585301370693976e-19, 7.03717309956692e-20, 7.18127030718963e-21, 2.11237198045706e-21, 1.5326064152315432e-21, 1.0898440758117811e-21, 1.1945049739940486e-21, 9.314124957221762e-22, 8.760889841606188e-22, 8.263223436480887e-22]
train_rres [1.000000046366253, 0.9963337691744635, 0.9259156484197663, 0.10661124465389882, 0.004668650906917555, 0.0007999163858581201, 0.0001430979151694895, 2.5568001473520426e-05, 1.40352519271712e-06, 3.763560428550351e-07, 2.897963005988078e-08, 7.539126866605183e-09, 1.4008489222530492e-10, 2.6827331700962024e-11, 9.701952117062092e-13, 1.0833736948374664e-13, 7.814825751783831e-15, 6.183746316801824e-16, 5.662027332891677e-17, 4.5277094510615e-18, 4.2926282117262028e-19, 3.6041560517612486e-20, 3.3437128961133313e-21, 3.41218068631898e-22, 1.0036935758873701e-22, 7.282179595086429e-23, 5.1783942777659314e-23, 5.675690550032403e-23, 4.425606602939762e-23, 4.1627369300621145e-23, 3.926270730746619e-23]
test_mses [21.056763065298654, 21.073236860837444, 19.681879724068295, 2.252945511625556, 0.09925190051514274, 0.016951298359492842, 0.0030431485414842948, 0.000544597094766763, 3.0099440999117497e-05, 8.133274708377902e-06, 6.242142254111436e-07, 1.6121407871785745e-07, 3.039218257567476e-09, 5.843838761089657e-10, 2.1276198971524604e-11, 2.3874965813809966e-12, 1.7334532811232675e-13, 1.3772606033136361e-14, 1.2556745215558054e-15, 1.0103502062448148e-16, 9.58839345431175e-18, 8.044420607281407e-19, 7.460097823742353e-20, 7.585230067836318e-21, 2.1507492559427672e-21, 1.5408421762013027e-21, 1.0979805929751452e-21, 1.1933480064915188e-21, 9.357898221697815e-22, 8.85679693422867e-22, 8.240462018293924e-22]
test_rres [1.0000031543154257, 1.0007855085382116, 0.9347088033374309, 0.10699425220959918, 0.004713555130917073, 0.0008050312280509254, 0.0001445216499372488, 2.586336802617462e-05, 1.4294474344849468e-06, 3.8625596622186334e-07, 2.9644451639787224e-08, 7.656190400109165e-09, 1.4433499749204696e-10, 2.7752875293691404e-11, 1.010424347625885e-12, 1.133841941847594e-13, 8.232313502346501e-15, 6.540724912737048e-16, 5.963302519268334e-17, 4.798236984834144e-18, 4.553607631616828e-19, 3.8203621121513165e-20, 3.5428623725829e-21, 3.602288713855054e-22, 1.0214086720806331e-22, 7.317587379053759e-23, 5.214400964418572e-23, 5.667308726354889e-23, 4.444143532622212e-23, 4.206166372245422e-23, 3.9134638053132817e-23]
step_times_seconds [0.01622295379638672, 0.1810760498046875, 0.17181682586669922, 0.2606079578399658, 0.21546173095703125, 0.21539902687072754, 0.23189783096313477, 0.22628188133239746, 0.20924592018127441, 0.21167707443237305, 0.22658514976501465, 0.19721198081970215, 0.27512288093566895, 0.22273707389831543, 0.2024390697479248, 0.23345589637756348, 0.22054219245910645, 0.22123289108276367, 0.22333073616027832, 0.2168562412261963, 0.2301957607269287, 0.26830315589904785, 0.20665407180786133, 0.27312517166137695, 0.1896519660949707, 0.18661785125732422, 0.1912529468536377, 0.1098930835723877, 0.17829680442810059, 0.1168372631072998, 0.12930774688720703]
