date 2025-01-26T23:42:30.059438
sample_ratio 0.1
rank 16
seed 0
l2_regularization_strength 0
input_shape (100, 100, 100)
input_size 1000000
num_train_samples 100000
num_test_samples 1000000
num_iterations 10
max_num_richardson_iterations 1024
num_richardson_iterations [4, 6, 8, 10, 12, 8, 8, 8, 8, 8, 8, 8, 8, 8, 8, 8, 8, 8, 8, 8, 8, 8, 8, 8, 8, 8, 8, 8, 8, 8]
train_mses [21.125926365770585, 20.817261070359585, 19.82085560225308, 8.770870838735098, 0.9302130781295258, 0.04825616923281996, 0.019337123708717464, 0.00479946576670398, 0.0019894083277475646, 0.0004644369330606302, 0.00016906917660227465, 3.894868768635414e-05, 6.2773102562606e-06, 1.2065808794817947e-06, 2.283908935960766e-07, 3.99978868692572e-08, 7.519217291124962e-09, 1.4697638201953366e-09, 3.0765555072503345e-10, 7.101529279399984e-11, 1.509409342164226e-11, 3.703703071975681e-12, 8.787350899754147e-13, 2.0717783992203206e-13, 5.3291455655661454e-14, 1.3047344013351973e-14, 3.265523912028486e-15, 8.586965560365538e-16, 2.154154740590707e-16, 5.582468838393774e-17, 1.4840004876741254e-17]
train_rres [1.0000039778363847, 0.9853931854911476, 0.9382279433903861, 0.41517259768714143, 0.04403199946167299, 0.002284224622980481, 0.0009153303052292632, 0.00022718458708489723, 9.41694204005065e-05, 2.19843036690344e-05, 8.002955525099876e-06, 1.8436513478040073e-06, 2.9713893335085303e-07, 5.7113977307906184e-08, 1.0810972174348593e-08, 1.8933156010197016e-09, 3.559250880247407e-10, 6.957184462484641e-11, 1.4562995686047638e-11, 3.361536628106345e-12, 7.144848089564803e-13, 1.7531623184588442e-13, 4.159526878137802e-14, 9.80684399133684e-15, 2.522571872952228e-15, 6.176011261069166e-16, 1.545748501253571e-16, 4.0646736948883425e-17, 1.0196775621428413e-17, 2.6424834338088496e-18, 7.024574284182542e-19]
test_mses [21.056763065298654, 21.29852335584347, 21.13079868754816, 9.50447361618372, 0.9909787463441334, 0.05075819248604714, 0.02071156138234681, 0.005162089456958902, 0.002156222671787612, 0.0005052666994704276, 0.00018632209705472404, 4.3859596303457216e-05, 7.070274574563747e-06, 1.386792669121601e-06, 2.685706290476526e-07, 4.841317520826058e-08, 9.249686901213884e-09, 1.837656175867459e-09, 3.9385099527693095e-10, 9.095185474359774e-11, 1.9697682899981192e-11, 4.869243937872351e-12, 1.1608940857170748e-12, 2.763833757345243e-13, 7.135600087019817e-14, 1.753454765824315e-14, 4.408557872750322e-15, 1.1635212639037513e-15, 2.9222687961448657e-16, 7.583314716598763e-17, 2.0268252358251184e-17]
test_rres [1.0000031543154257, 1.0114845511656119, 1.0035191674629176, 0.4513753403985817, 0.04706240314005377, 0.0024105486886085528, 0.000983609239887252, 0.0002451519126567182, 0.00010240080426927026, 2.3995534910759824e-05, 8.848591029665283e-06, 2.082928630314449e-06, 3.3577320761573677e-07, 6.585993484385727e-08, 1.2754642077287462e-08, 2.299181871807764e-09, 4.3927530784099496e-10, 8.727181697946402e-11, 1.8704310647644868e-11, 4.3193790684915115e-12, 9.35459309277593e-13, 2.312444359042112e-13, 5.513182363040146e-14, 1.3125675901741441e-14, 3.3887557042006526e-15, 8.327302213241964e-16, 2.0936607231895532e-16, 5.525659050294868e-17, 1.3878097050530498e-17, 3.601379097655623e-18, 9.625561264026494e-19]
step_times_seconds [0.02250194549560547, 0.16283011436462402, 0.2481842041015625, 0.2893812656402588, 0.3522920608520508, 0.4229769706726074, 0.2556731700897217, 0.2593050003051758, 0.2878739833831787, 0.2527458667755127, 0.27610301971435547, 0.3056509494781494, 0.2651219367980957, 0.2839477062225342, 0.27410292625427246, 0.27568912506103516, 0.27324795722961426, 0.26213908195495605, 0.3031120300292969, 0.2661411762237549, 0.2649359703063965, 0.27935123443603516, 0.27786707878112793, 0.28636908531188965, 0.30087780952453613, 0.24292922019958496, 0.2660973072052002, 0.2609078884124756, 0.2556030750274658, 0.3193352222442627, 0.2754213809967041]
