date 2025-01-26T23:42:30.059438
sample_ratio 0.8
rank 16
seed 0
l2_regularization_strength 0
input_shape (100, 100, 100)
input_size 1000000
num_train_samples 800000
num_test_samples 1000000
num_iterations 10
max_num_richardson_iterations 1024
num_richardson_iterations [2, 3, 5, 4, 4, 4, 4, 4, 4, 4, 5, 4, 4, 4, 4, 4, 4, 4, 5, 3, 2, 5, 3, 2, 3, 3, 2, 3, 4, 2]
train_mses [21.061165638700185, 21.023312808559094, 18.69214560277559, 0.42267465002824123, 0.02915133054697593, 0.0046615865359824, 0.0006648264716476445, 8.656121132229583e-05, 1.0839045809363697e-05, 8.725266535155394e-07, 3.666190902385686e-07, 1.2873758829655078e-09, 1.7899729790957839e-10, 1.4895393099738598e-12, 1.0215387854527407e-13, 1.8986057233846498e-15, 7.520993541035265e-17, 2.40052979936504e-18, 7.431337275212488e-20, 1.889485726918366e-19, 1.7915464867631077e-19, 1.789520888902409e-19, 2.1003237613996095e-20, 1.8277509952963963e-20, 1.8154754202987596e-20, 3.532341572382156e-21, 3.23312237521058e-21, 3.2046909834494858e-21, 1.897336025928873e-20, 1.5643029892749213e-20, 1.5500638178380186e-20]
train_rres [1.0000025686291727, 0.9982052831407846, 0.8875194249276934, 0.020068962135030424, 0.0013841306756719998, 0.0002213362066391907, 3.15665424575876e-05, 4.1100020364917795e-06, 5.146473769208679e-07, 4.142832878678242e-08, 1.7407395119356056e-08, 6.112573310715433e-11, 8.498948289849103e-12, 7.072462947211854e-14, 4.850355516553032e-15, 9.01474606281988e-17, 3.5710335262065065e-18, 1.139792548340674e-19, 3.528463946889523e-21, 8.971443521789509e-21, 8.506419441902483e-21, 8.496801726062546e-21, 9.972520953413476e-22, 8.678321615553875e-22, 8.620036111609684e-22, 1.6771866791489563e-22, 1.5351147867913395e-22, 1.5216153132681108e-22, 9.008717428227948e-22, 7.427447436787537e-22, 7.359838605176198e-22]
test_mses [21.056763065298654, 21.032213507640225, 18.734529690934522, 0.4234515251648103, 0.029197177561484183, 0.004668236550564211, 0.000666086516648756, 8.680738199924735e-05, 1.0889205502843035e-05, 8.77262629806588e-07, 3.678557867824931e-07, 1.2989178061910765e-09, 1.8019222763868218e-10, 1.5066007910396045e-12, 1.0335354147170996e-13, 1.9422018626640187e-15, 7.660883860862666e-17, 2.4571530760843753e-18, 7.59416650107705e-20, 1.8885167103787427e-19, 1.792013796464652e-19, 1.7913605466001646e-19, 2.10238868520485e-20, 1.8305488537953677e-20, 1.8186336774501054e-20, 3.528924064120614e-21, 3.2323969508119913e-21, 3.2070001820106623e-21, 1.897157457790782e-20, 1.56450803822935e-20, 1.5512014335303708e-20]
test_rres [1.0000031543154257, 0.9988372754469905, 0.8897183639979759, 0.020110064379379112, 0.0013865981949860364, 0.00022169842825215655, 3.163300150313407e-05, 4.122554618101282e-06, 5.171374069729308e-07, 4.16619303854617e-08, 1.7469776621170257e-08, 6.168668467035944e-11, 8.557478443529692e-12, 7.154972199010928e-14, 4.90834546415666e-15, 9.223677841453489e-17, 3.6382173280621215e-18, 1.1669223893056974e-19, 3.60653270017021e-21, 8.96872259757912e-21, 8.510422250011658e-21, 8.507319912187854e-21, 9.984418356621195e-22, 8.693428435544263e-22, 8.636842274164488e-22, 1.6759153268319184e-22, 1.5350921396548988e-22, 1.523031003367241e-22, 9.009758224189374e-22, 7.429978522005081e-22, 7.366784351890032e-22]
step_times_seconds [0.02358698844909668, 0.09054923057556152, 0.1491999626159668, 0.20610404014587402, 0.1800980567932129, 0.1651167869567871, 0.16338682174682617, 0.17719507217407227, 0.17813897132873535, 0.15053915977478027, 0.1442270278930664, 0.21471190452575684, 0.1548609733581543, 0.15592598915100098, 0.17333221435546875, 0.1611030101776123, 0.15224385261535645, 0.15968799591064453, 0.1468491554260254, 0.18479108810424805, 0.11793398857116699, 0.07880997657775879, 0.20942902565002441, 0.15194082260131836, 0.07943487167358398, 0.09785985946655273, 0.11242389678955078, 0.07747101783752441, 0.11750006675720215, 0.1564490795135498, 0.07930111885070801]
