date 2025-01-26T23:42:30.059438
sample_ratio 0.7
rank 16
seed 0
l2_regularization_strength 0
input_shape (100, 100, 100)
input_size 1000000
num_train_samples 700000
num_test_samples 1000000
num_iterations 10
max_num_richardson_iterations 1024
num_richardson_iterations [2, 4, 5, 4, 4, 4, 4, 4, 4, 4, 4, 4, 4, 4, 4, 4, 4, 4, 5, 4, 2, 3, 4, 2, 3, 4, 2, 3, 4, 2]
train_mses [21.06396416056012, 21.023423372460332, 18.858149450248746, 0.6400792643309937, 0.03359178058541748, 0.008463888786045105, 0.0007139622220039837, 0.00012455504931452126, 1.2324894976245778e-05, 7.02427916120882e-07, 1.7676768566132816e-08, 1.5670604434663854e-09, 2.434726204261169e-11, 1.733756067682278e-12, 6.739103019587697e-14, 2.55942330552679e-15, 1.404675966437373e-16, 4.3185803317711015e-18, 2.701692604858827e-19, 8.6618008105225e-20, 7.289205807566102e-20, 7.258220219224962e-20, 1.281426147167747e-20, 1.0316040525051361e-20, 1.0260772553418024e-20, 1.1426286635017249e-20, 9.124274866871787e-21, 9.305744812873197e-21, 1.1484109623852722e-20, 1.0343844725813868e-20, 1.0362684201720475e-20]
train_rres [1.0000014632796708, 0.9980768090639082, 0.8952814817405198, 0.030387452051615554, 0.0015947534606275116, 0.0004018190074083584, 3.389500956649006e-05, 5.9131904433548345e-06, 5.851184001770685e-07, 3.3347423999352903e-08, 8.391959983148232e-10, 7.439543309935091e-11, 1.1558744348346752e-12, 8.230922685951738e-14, 3.1993564124071056e-15, 1.21507377774176e-16, 6.6686308957041385e-18, 2.0502250279878331e-19, 1.2826154362953735e-20, 4.1121478460250146e-21, 3.460515037981791e-21, 3.4458047804796724e-21, 6.08350836758404e-22, 4.897490112340482e-22, 4.871251911361523e-22, 5.424574058222456e-22, 4.3317051570577135e-22, 4.41785713213678e-22, 5.452025241202981e-22, 4.910690021548403e-22, 4.919633971191701e-22]
test_mses [21.056763065298654, 21.034971419749667, 18.922395539771895, 0.642213754843229, 0.033711917014710345, 0.008478993763556417, 0.0007155088474343714, 0.00012496724183637083, 1.235424992154758e-05, 7.064471851947856e-07, 1.7810318058499004e-08, 1.5780828940008768e-09, 2.4898030500818375e-11, 1.7717382248736462e-12, 6.998477764281904e-14, 2.653907958774872e-15, 1.456885894940959e-16, 4.504711740891107e-18, 2.8252897083807924e-19, 8.696343441982922e-20, 7.29178654473282e-20, 7.26576239078344e-20, 1.283348317843176e-20, 1.035137735850424e-20, 1.030294743055881e-20, 1.1443000355476038e-20, 9.15959192736881e-21, 9.352239890012007e-21, 1.1470864788360495e-20, 1.0343590397649019e-20, 1.0371694417416937e-20]
test_rres [1.0000031543154257, 0.9989682509820343, 0.8986402690810568, 0.03049926423146908, 0.0016010069186886235, 0.0004026744510864818, 3.39801090108727e-05, 5.934798033056418e-06, 5.867135823505765e-07, 3.354976315026602e-08, 8.458267865117085e-10, 7.494446638727518e-11, 1.1824281329399532e-12, 8.414131877727572e-14, 3.323635175067213e-15, 1.2603629160890896e-16, 6.9188720312836335e-18, 2.139324993211604e-19, 1.3417535313828777e-20, 4.129965677072525e-21, 3.4629299492591204e-21, 3.450570862557586e-21, 6.094727674661089e-22, 4.91595502020562e-22, 4.892955245473619e-22, 5.434375841539762e-22, 4.349966227575542e-22, 4.441456343942535e-22, 5.447608891981209e-22, 4.912256927866544e-22, 4.925603760107429e-22]
step_times_seconds [0.028995752334594727, 0.07759499549865723, 0.17620587348937988, 0.1990659236907959, 0.16521382331848145, 0.14438104629516602, 0.16064000129699707, 0.18688297271728516, 0.17333006858825684, 0.16191792488098145, 0.1704111099243164, 0.14268183708190918, 0.16085505485534668, 0.16222906112670898, 0.13147687911987305, 0.17194414138793945, 0.1340329647064209, 0.1591808795928955, 0.1413249969482422, 0.20412206649780273, 0.2746238708496094, 0.09264492988586426, 0.24191522598266602, 0.16915106773376465, 0.06906008720397949, 0.11742997169494629, 0.1662919521331787, 0.08124804496765137, 0.1172330379486084, 0.16643500328063965, 0.09243083000183105]
