date 2025-01-26T23:42:30.059438
sample_ratio 0.9
rank 16
seed 0
l2_regularization_strength 0
input_shape (100, 100, 100)
input_size 1000000
num_train_samples 900000
num_test_samples 1000000
num_iterations 10
max_num_richardson_iterations 1024
num_richardson_iterations [2, 3, 4, 3, 3, 3, 3, 3, 4, 5, 4, 4, 4, 4, 4, 2, 3, 2, 2, 3, 2, 2, 3, 2, 2, 3, 2, 2, 2, 2]
train_mses [21.044558006892448, 21.010155089962574, 18.247220953656146, 0.1783547932066048, 0.021207951424958574, 0.0019435123020951528, 0.000397727393034174, 3.636884335884426e-05, 5.873053472600426e-06, 4.6315069844481565e-07, 1.2024680912179506e-08, 1.0699997565025711e-10, 4.378821675936435e-12, 3.0352481113393005e-14, 1.2526224371442497e-15, 5.1948920963886586e-17, 8.51171999624811e-17, 4.3265712756927116e-17, 4.3247074222966237e-17, 4.5843080250065686e-17, 4.101621812088312e-17, 4.100411683414925e-17, 5.319023362539553e-17, 4.388581802288388e-17, 4.387214861178748e-17, 6.126772455107465e-17, 4.701641587705549e-17, 4.699257553171318e-17, 4.541319670936452e-17, 4.451922477830544e-17, 4.4493922126021474e-17]
train_rres [1.0000033238149972, 0.9983685529033185, 0.8670783961376864, 0.00847513100377432, 0.0010077675144956524, 9.235255790755761e-05, 1.889936176735976e-05, 1.728188552605372e-06, 2.7907799211654184e-07, 2.2008171315375833e-08, 5.713933681123624e-10, 5.084465602144577e-12, 2.0807451640920417e-13, 1.4423007596303022e-15, 5.952259012611411e-17, 2.4685286151163152e-18, 4.0446315312694826e-18, 2.0559166198682693e-18, 2.0550309469115925e-18, 2.178388950196479e-18, 1.9490242768591526e-18, 1.948449243306424e-18, 2.5275137830155904e-18, 2.085383018110934e-18, 2.0847334698274054e-18, 2.9113430737576e-18, 2.2341439594751753e-18, 2.2330111048637647e-18, 2.1579615803551293e-18, 2.115481481596885e-18, 2.1142791405271885e-18]
test_mses [21.056763065298654, 21.02891121465223, 18.275089605459602, 0.1787637222741328, 0.0212327955777199, 0.0019458379503370419, 0.00039889943784090354, 3.637125054360481e-05, 5.873010978364951e-06, 4.637335039408381e-07, 1.2044838749511927e-08, 1.0771512782479729e-10, 4.4037281757623075e-12, 3.064814033245643e-14, 1.2606484671508706e-15, 5.206710609785611e-17, 8.517451438853833e-17, 4.3386724617266073e-17, 4.33812376712211e-17, 4.585171794936076e-17, 4.104555049424742e-17, 4.10463717771476e-17, 5.326811630852795e-17, 4.395158636034755e-17, 4.395159754092255e-17, 6.133876838940207e-17, 4.703471895104457e-17, 4.702605967817065e-17, 4.54200391013428e-17, 4.4547198098503515e-17, 4.4538977283979e-17]
test_rres [1.0000031543154257, 0.9986804468122081, 0.8678991730202787, 0.008489637538159955, 0.0010083630844308676, 9.240945923594673e-05, 1.8944065375030896e-05, 1.7273008751255371e-06, 2.7891416574719277e-07, 2.202308898402404e-08, 5.720193889906297e-10, 5.115480820022174e-12, 2.091367060005224e-13, 1.455505621225622e-15, 5.986924199718619e-17, 2.4727100823838598e-18, 4.045008380048223e-18, 2.0604715614710003e-18, 2.06021098184936e-18, 2.1775361406666263e-18, 1.9492872592798174e-18, 1.949326262686382e-18, 2.5297470540832817e-18, 2.0872973144645586e-18, 2.0872978454393448e-18, 2.9130290197504962e-18, 2.2337178400842208e-18, 2.233306604028558e-18, 2.1570353538965734e-18, 2.1155834102455776e-18, 2.115192996940833e-18]
step_times_seconds [0.022627830505371094, 0.08484911918640137, 0.13521599769592285, 0.16236019134521484, 0.11773204803466797, 0.13115501403808594, 0.10843992233276367, 0.11341476440429688, 0.12065601348876953, 0.15967082977294922, 0.18764209747314453, 0.16572785377502441, 0.19762706756591797, 0.15464091300964355, 0.15928196907043457, 0.1809678077697754, 0.08502578735351562, 0.1212770938873291, 0.08213591575622559, 0.07297730445861816, 0.12374687194824219, 0.07877922058105469, 0.07744503021240234, 0.10174775123596191, 0.08188486099243164, 0.07532215118408203, 0.1219630241394043, 0.0923299789428711, 0.06456232070922852, 0.09745192527770996, 0.07857203483581543]
