date 2025-01-26T23:42:30.059438
sample_ratio 0.1
rank 16
seed 0
l2_regularization_strength 0
input_shape (100, 100, 100)
input_size 1000000
num_train_samples 100000
num_test_samples 1000000
num_iterations 10
max_num_richardson_iterations 1024
num_richardson_iterations [4, 4, 6, 8, 10, 6, 6, 6, 6, 6, 8, 6, 6, 6, 6, 6, 6, 8, 6, 8, 6, 6, 6, 6, 6, 6, 6, 6, 6, 7]
train_mses [21.125926365770585, 20.817261070359585, 19.837874950633104, 8.877038429543516, 1.0961021520188843, 0.06067067978859437, 0.02166347439812772, 0.006223303857263644, 0.002839756837436676, 0.0006598156886332358, 0.000234728602712244, 3.415895156048162e-05, 8.032705340286668e-06, 1.990370945833338e-06, 4.973087013852265e-07, 9.8890628600826e-08, 2.2904096443908738e-08, 4.375223758347362e-09, 1.0155798541234907e-09, 2.1749419332360205e-10, 3.466459557485156e-11, 1.3165232781839346e-11, 2.2658110780303142e-12, 7.656766884713738e-13, 2.1753019737942227e-13, 5.537100684569502e-14, 1.759925683714774e-14, 5.121527881916257e-15, 1.4480630642861264e-15, 4.640734761306373e-16, 1.406983432064353e-16]
train_rres [1.0000039778363847, 0.9853931854911476, 0.9390335608949413, 0.42019808207478676, 0.051884423582479175, 0.0028718703301425096, 0.0010254490239530948, 0.00029458251935553215, 0.00013442099931418392, 3.1232633393116624e-05, 1.1110970111329291e-05, 1.6169273170689678e-06, 3.8023124543732817e-07, 9.421498630366474e-08, 2.3540301664766e-08, 4.681026538641891e-09, 1.0841743531667128e-09, 2.0710292587976789e-10, 4.807286915377553e-11, 1.0295172609912882e-11, 1.6408621740302406e-12, 6.231814370191337e-13, 1.072530525680176e-13, 3.624360517740711e-14, 1.0296876875960915e-14, 2.6210082409553542e-15, 8.330676979271948e-16, 2.4242952312919315e-16, 6.854463086600139e-17, 2.1967099293260665e-17, 6.660011042611246e-18]
test_mses [21.056763065298654, 21.29852335584347, 21.128728521102, 9.610628171197996, 1.1755380564032887, 0.06366035198869349, 0.023131034716870894, 0.006725656163635801, 0.003102541490123449, 0.0007234154539956805, 0.00025795069291771573, 3.890034976705234e-05, 9.296083132978212e-06, 2.3041600843043944e-06, 5.852597781453247e-07, 1.1720049446452581e-07, 2.7487569352838284e-08, 5.4192987302968445e-09, 1.258814625758055e-09, 2.70162605978902e-10, 4.461720559171895e-11, 1.7012136921932523e-11, 3.0814901492149888e-12, 1.0108115881735541e-12, 2.9551371122778995e-13, 7.631262370343272e-14, 2.3743200517617845e-14, 7.072668386766035e-15, 2.013994859368313e-15, 6.299110511074289e-16, 1.9176201879509601e-16]
test_rres [1.0000031543154257, 1.0114845511656119, 1.003420853540227, 0.4564167083206137, 0.055827277952250655, 0.003023282951710454, 0.001098512036618314, 0.0003194069932600723, 0.0001473422703621007, 3.435560031866398e-05, 1.2250292496317592e-05, 1.8474098963070581e-06, 4.4147870339466104e-07, 1.0942647477234229e-07, 2.7794472608364797e-08, 5.565948754250805e-09, 1.3054074822450611e-09, 2.573669945218412e-10, 5.978215134741999e-11, 1.2830246383035212e-11, 2.1189081242020418e-12, 8.079205018749711e-13, 1.463425247105137e-13, 4.800428125906742e-14, 1.4034191411796486e-14, 3.624149836366907e-15, 1.1275842985710462e-15, 3.358868917440001e-16, 9.564628741358733e-17, 2.99149986202611e-17, 9.106937428051938e-18]
step_times_seconds [0.01688981056213379, 0.1371457576751709, 0.1557319164276123, 0.21448898315429688, 0.267596960067749, 0.36691904067993164, 0.181074857711792, 0.19629788398742676, 0.21853995323181152, 0.20556902885437012, 0.23227477073669434, 0.30023789405822754, 0.2075178623199463, 0.19837379455566406, 0.22128772735595703, 0.19482707977294922, 0.18478894233703613, 0.2121131420135498, 0.2727527618408203, 0.1833782196044922, 0.27466583251953125, 0.19058465957641602, 0.21230411529541016, 0.20735597610473633, 0.2006819248199463, 0.19121026992797852, 0.20873594284057617, 0.19054388999938965, 0.18907380104064941, 0.21533703804016113, 0.2066822052001953]
