date 2025-01-26T23:42:30.059438
sample_ratio 0.4
rank 16
seed 0
l2_regularization_strength 0
input_shape (100, 100, 100)
input_size 1000000
num_train_samples 400000
num_test_samples 1000000
num_iterations 10
max_num_richardson_iterations 1024
num_richardson_iterations [2, 4, 5, 6, 4, 4, 4, 6, 4, 5, 4, 6, 4, 6, 4, 6, 4, 6, 4, 6, 4, 6, 5, 5, 4, 3, 3, 4, 3, 3]
train_mses [21.045985838180503, 20.99649782044698, 19.48487239470341, 2.2911297534360835, 0.09736750929727005, 0.016909927633507713, 0.0036172042159018703, 0.0009684231576440475, 4.752077966627466e-05, 1.1349732480226944e-05, 6.218329997867144e-07, 7.545651776897561e-08, 3.3441777318083545e-09, 5.220180614202696e-10, 2.0737713266100645e-11, 4.117490025546344e-12, 1.6894896908950202e-13, 3.505799966663738e-14, 1.5894308796346834e-15, 3.456767300200381e-16, 1.665006245080144e-17, 3.419811204898688e-18, 1.8456519915771064e-19, 5.430626510801936e-20, 2.4281884536078122e-20, 1.9041455979925854e-20, 1.8954471588817606e-20, 5.0865001181218707e-20, 4.627737520138857e-20, 4.874360596167318e-20, 2.601604969986458e-20]
train_rres [1.000000046366253, 0.99764862313483, 0.9258237389286614, 0.10886303342040363, 0.0046264173396523755, 0.0008034752350199062, 0.0001718714633484138, 4.601462768207983e-05, 2.257949911922182e-06, 5.392825545801439e-07, 2.9546395849544114e-08, 3.585316546717542e-09, 1.5889860957705847e-10, 2.4803688914266676e-11, 9.853524746752157e-13, 1.956425442893342e-13, 8.027610501216554e-15, 1.6657809029095285e-15, 7.552181045599571e-17, 1.6424830307576497e-17, 7.911277405022669e-19, 1.624923341561164e-19, 8.769615694622346e-21, 2.5803622621221126e-21, 1.1537537774964776e-21, 9.047548073639215e-22, 9.006217438994585e-22, 2.4168506018549937e-21, 2.1988695470441265e-21, 2.316052505048421e-21, 1.2361526376652024e-21]
test_mses [21.056763065298654, 21.044901081747796, 19.67939990193521, 2.300515023966655, 0.09834293009957966, 0.01703895932489905, 0.003655429067993018, 0.0009831148590803468, 4.857403787498544e-05, 1.164041251013738e-05, 6.336254270340039e-07, 7.817175265547412e-08, 3.413811417629076e-09, 5.3740308667245e-10, 2.2045789620248558e-11, 4.444967638913517e-12, 1.8154754307930245e-13, 3.8366103487644996e-14, 1.7397691805838945e-15, 3.7828871850846574e-16, 1.8391765970195213e-17, 3.7864827136914606e-18, 2.0215135014677458e-19, 5.793254512394323e-20, 2.454455575780402e-20, 1.928109510180816e-20, 1.9141208998980532e-20, 5.126550706962878e-20, 4.682608686736619e-20, 4.9275644649925325e-20, 2.6174015138942436e-20]
test_rres [1.0000031543154257, 0.9994398188715824, 0.9345910345261688, 0.10925336783163607, 0.004670387371469731, 0.0008091943200534664, 0.00017359936031162578, 4.6688940607157285e-05, 2.3068213733606666e-06, 5.528128512237227e-07, 3.009139741581053e-08, 3.712441413308492e-09, 1.621247375620158e-10, 2.5521718611011686e-11, 1.04697284626592e-12, 2.1109520233282175e-13, 8.62184349866707e-15, 1.822038097093101e-15, 8.26230823308161e-17, 1.7965245207789043e-17, 8.73440230418695e-19, 1.7982320671558494e-19, 9.600335396708778e-21, 2.7512646498329342e-21, 1.1656413240230732e-21, 9.156752089896965e-22, 9.090319018660553e-22, 2.4346414792354232e-21, 2.2238097292733238e-21, 2.3401412614105637e-21, 1.2430257024251181e-21]
step_times_seconds [0.025850772857666016, 0.08409881591796875, 0.17039704322814941, 0.19843602180480957, 0.20350909233093262, 0.16394495964050293, 0.15364503860473633, 0.14767003059387207, 0.22544312477111816, 0.1451430320739746, 0.17690777778625488, 0.16372990608215332, 0.23126912117004395, 0.1385340690612793, 0.24225997924804688, 0.14836788177490234, 0.2239689826965332, 0.14101886749267578, 0.22216510772705078, 0.1291048526763916, 0.22772502899169922, 0.15683889389038086, 0.21154189109802246, 0.16774296760559082, 0.19469690322875977, 0.1928701400756836, 0.10911178588867188, 0.10801005363464355, 0.13703203201293945, 0.11698079109191895, 0.09921622276306152]
