date 2025-01-26T23:42:30.059438
sample_ratio 0.9
rank 16
seed 0
l2_regularization_strength 0
input_shape (100, 100, 100)
input_size 1000000
num_train_samples 900000
num_test_samples 1000000
num_iterations 10
max_num_richardson_iterations 1024
num_richardson_iterations [3, 4, 5, 4, 4, 4, 4, 4, 4, 4, 5, 4, 5, 4, 4, 4, 3, 4, 3, 2, 4, 2, 2, 4, 2, 2, 4, 2, 2, 4]
train_mses [21.044558006892448, 21.00980502394018, 18.249898318412455, 0.17986753253930926, 0.021033796025682717, 0.0018894118458591975, 0.00039978182014168106, 2.1590084479623124e-05, 6.522032313819519e-06, 3.1127128405547145e-08, 9.950376454454635e-09, 1.0275635194524867e-11, 2.2797001428926006e-12, 5.261231321980208e-15, 5.040594004232619e-16, 3.0489349675609956e-18, 1.4931204983233704e-19, 1.628543627879602e-20, 8.306306377449305e-21, 8.261793778773226e-21, 1.0112963696374004e-20, 6.56759198996956e-21, 6.5744800322380994e-21, 1.0850188186997582e-20, 5.4100770876804514e-21, 5.4112248742793404e-21, 8.548427214691123e-21, 7.651782510045727e-21, 7.660981867228806e-21, 1.3755916102957106e-20, 7.739920659084225e-21]
train_rres [1.0000033238149972, 0.9983519183327167, 0.8672056201760576, 0.008547013927629252, 0.0009994919318923425, 8.978179181980494e-05, 1.899698481724134e-05, 1.0259258585520575e-06, 3.099164159072504e-07, 1.4791107447430671e-09, 4.72825778731309e-10, 4.882815474418507e-13, 1.0832765978964644e-13, 2.5000519410370287e-16, 2.395208659922285e-17, 1.4488045321066782e-19, 7.095066860946433e-21, 7.738575646606399e-22, 3.947022305412425e-22, 3.925870639212953e-22, 4.80551661226728e-22, 3.120813379534656e-22, 3.1240864656982435e-22, 5.155833754010024e-22, 2.570781038976402e-22, 2.5713264485846924e-22, 4.0620742071569946e-22, 3.636003160840486e-22, 3.6403745464295906e-22, 6.536588613822177e-22, 3.677884982242738e-22]
test_mses [21.056763065298654, 21.02929491456601, 18.277687945028802, 0.1802612139710649, 0.02105271174767104, 0.0018915542871474481, 0.00040101866210959437, 2.1583103708906497e-05, 6.515426342884358e-06, 3.1156150899387365e-08, 9.963836123759464e-09, 1.0331570072521433e-11, 2.2884864828109252e-12, 5.302629546955756e-15, 5.066269458753239e-16, 3.0769880828332504e-18, 1.503654444563472e-19, 1.6336355792539918e-20, 8.320611801348314e-21, 8.277421857097363e-21, 1.0115700321333354e-20, 6.573550443911223e-21, 6.5831648996324535e-21, 1.0851465918538044e-20, 5.411681897609825e-21, 5.414458154896965e-21, 8.559934999822478e-21, 7.6633054564186e-21, 7.674283299878048e-21, 1.3760047235118093e-20, 7.751147724826427e-21]
test_rres [1.0000031543154257, 0.9986986690395705, 0.8680225703229469, 0.008560754661710683, 0.0009998107538788448, 8.983148301761481e-05, 1.9044709094429776e-05, 1.0249995083238754e-06, 3.0942300458951224e-07, 1.4796314646793912e-09, 4.731908471374601e-10, 4.906548375699145e-13, 1.0868212242890055e-13, 2.5182627817381123e-16, 2.406013414148319e-17, 1.4612871784149426e-19, 7.140979755059776e-21, 7.75827095166457e-22, 3.9515276024997424e-22, 3.9310163395142003e-22, 4.804030039219823e-22, 3.121833663881593e-22, 3.126399648700077e-22, 5.153451227918099e-22, 2.5700526481584165e-22, 2.571371115786001e-22, 4.0651841757502735e-22, 3.639367363889993e-22, 3.644580832860977e-22, 6.534760635324735e-22, 3.6810843862156194e-22]
step_times_seconds [0.024824142456054688, 0.14041423797607422, 0.19255995750427246, 0.21449804306030273, 0.1650679111480713, 0.1550462245941162, 0.17497682571411133, 0.17604708671569824, 0.1572411060333252, 0.17792201042175293, 0.1750032901763916, 0.2159268856048584, 0.20090818405151367, 0.23570728302001953, 0.1867518424987793, 0.18427491188049316, 0.16363286972045898, 0.13956689834594727, 0.18262314796447754, 0.12316489219665527, 0.08312082290649414, 0.18479299545288086, 0.09646987915039062, 0.07490897178649902, 0.18175101280212402, 0.07342410087585449, 0.08829092979431152, 0.17892694473266602, 0.08659577369689941, 0.08641695976257324, 0.17780303955078125]
