date 2025-01-26T23:42:30.059438
sample_ratio 0.4
rank 16
seed 0
l2_regularization_strength 0
input_shape (100, 100, 100)
input_size 1000000
num_train_samples 400000
num_test_samples 1000000
num_iterations 10
max_num_richardson_iterations 1024
num_richardson_iterations [2, 2, 6, 7, 6, 4, 5, 5, 5, 5, 6, 5, 6, 5, 6, 5, 6, 5, 6, 5, 5, 5, 5, 5, 5, 5, 5, 5, 5, 5]
train_mses [21.045985838180503, 20.99649782044698, 20.027660939386983, 2.6446990701859328, 0.23139491801377682, 0.026361047873238536, 0.012963056558720487, 0.004062655842825606, 0.0011304070137977014, 0.0003516346751726019, 8.468193163943708e-05, 1.7833545784120718e-05, 5.285955160569828e-06, 8.465692536761048e-07, 2.8461732678112225e-07, 5.862691382681221e-08, 1.8481294826403354e-08, 3.7175490191374136e-09, 1.3927527594244745e-09, 2.6830893312090465e-10, 9.215037816616214e-11, 2.2394646522724018e-11, 8.393207399180126e-12, 2.797731180511333e-12, 7.613419160024617e-13, 2.784043643974219e-13, 9.166880395558872e-14, 2.7069578118511494e-14, 9.890259181814729e-15, 3.588714100182205e-15, 1.3376195995713108e-15]
train_rres [1.000000046366253, 0.99764862313483, 0.9516143373840661, 0.12566287999742198, 0.01099472985118653, 0.0012525452263527966, 0.0006159396504131425, 0.00019303709802110966, 5.3711290832464354e-05, 1.6707922079785272e-05, 4.023662099600747e-06, 8.473609527306032e-07, 2.5116216680476256e-07, 4.022473926560134e-08, 1.3523592677774383e-08, 2.785657892003553e-09, 8.781387493753782e-10, 1.7663934681368327e-10, 6.61766493007205e-11, 1.2748699330331812e-11, 4.378525346703199e-12, 1.0640816606676934e-12, 3.9880326124306305e-13, 1.3293420093232936e-13, 3.617516219752689e-14, 1.3228383761473545e-14, 4.3556433474181585e-15, 1.286211041942175e-15, 4.699356787766439e-16, 1.7051775546037752e-16, 6.355699713363304e-17]
test_mses [21.056763065298654, 21.044901081747796, 20.13891702432579, 2.6636141890015788, 0.2337719716923172, 0.026718452971610518, 0.013227722234047137, 0.004156336124665354, 0.0011565896078705427, 0.00036222383381423815, 8.805463415311104e-05, 1.8575080705114626e-05, 5.557336214317953e-06, 9.040295766324557e-07, 3.027945604699421e-07, 6.354204110259267e-08, 2.0079749655332296e-08, 4.075634132461984e-09, 1.5285654739834451e-09, 2.9852330979833676e-10, 1.0198150528886065e-10, 2.534637197923231e-11, 9.458863764418426e-12, 3.143716450324281e-12, 8.690882859710231e-13, 3.168973344248936e-13, 1.0417972083804955e-13, 3.109020190681754e-14, 1.1317150757512994e-14, 4.067635391661055e-15, 1.4985736411576328e-15]
test_rres [1.0000031543154257, 0.9994398188715824, 0.9564138840509283, 0.12649724853819191, 0.011102024957867756, 0.0012688815069620445, 0.0006281955074213024, 0.00019738785216755992, 5.4927400404910235e-05, 1.7202310500392534e-05, 4.181787658062008e-06, 8.821459993245535e-07, 2.639225092040745e-07, 4.2933114905810543e-08, 1.4379964985145278e-08, 3.0176642695358114e-09, 9.536039765906718e-10, 1.9355524757811542e-10, 7.259284301299701e-11, 1.4177119745768662e-11, 4.843186327093218e-12, 1.2037202418568855e-12, 4.4920929068373644e-13, 1.4929770339575154e-13, 4.1273724012303847e-14, 1.5049717425053304e-14, 4.947581407962831e-15, 1.4764994922869949e-15, 5.374608822961408e-16, 1.9317538073881654e-16, 7.116850597997319e-17]
step_times_seconds [0.027222871780395508, 0.07970213890075684, 0.08154582977294922, 0.2234821319580078, 0.2668118476867676, 0.23203086853027344, 0.14726495742797852, 0.17073678970336914, 0.19972515106201172, 0.1910719871520996, 0.1872408390045166, 0.23942804336547852, 0.18062710762023926, 0.24007797241210938, 0.18735575675964355, 0.23323988914489746, 0.18897485733032227, 0.2023921012878418, 0.18809103965759277, 0.22246074676513672, 0.18845582008361816, 0.1823139190673828, 0.18715214729309082, 0.2182772159576416, 0.1962871551513672, 0.178117036819458, 0.1693580150604248, 0.1813669204711914, 0.19446325302124023, 0.20436882972717285, 0.18396806716918945]
