date 2025-01-26T23:42:30.059438
sample_ratio 0.2
rank 16
seed 0
l2_regularization_strength 0
input_shape (100, 100, 100)
input_size 1000000
num_train_samples 200000
num_test_samples 1000000
num_iterations 10
max_num_richardson_iterations 1024
num_richardson_iterations [2, 2, 4, 4, 4, 4, 4, 4, 4, 4, 4, 4, 4, 4, 4, 4, 4, 4, 4, 6, 4, 4, 4, 4, 4, 4, 4, 4, 4, 4]
train_mses [21.075277966255907, 21.01713723813474, 20.58034437690287, 6.212924929796939, 0.8459622274009004, 0.05577255523666904, 0.032622050172209795, 0.01571404887010211, 0.007763339184086941, 0.0034215612530997374, 0.00145611587531873, 0.00044645901085501336, 0.00016725408307495122, 4.620073009586224e-05, 8.06619561027741e-06, 1.9736122260497976e-06, 4.452300536423104e-07, 8.94026690763455e-08, 2.4966576518736286e-08, 5.815446521703343e-09, 9.20140048698999e-10, 1.966564779347586e-10, 2.154172875633077e-11, 7.270549128786567e-12, 1.5625789613050932e-12, 4.818612381362376e-13, 9.62412406004248e-14, 2.780681368037022e-14, 7.826309805987831e-15, 1.116600892732269e-15, 1.8164238416192156e-16]
train_rres [1.0000009369824092, 0.9972422173730594, 0.9765168313924589, 0.29479709644380336, 0.04014006464859521, 0.002646352165977168, 0.0015478837712474723, 0.000745615959089584, 0.0003683627077483513, 0.0001623496717111293, 6.909124719517873e-05, 2.1184035147440946e-05, 7.93603956526122e-06, 2.1921786018246926e-06, 3.8273294336026225e-07, 9.364593332765209e-08, 2.112572235241248e-08, 4.242067553662565e-09, 1.184639175433599e-09, 2.759371420858924e-10, 4.365972834746457e-11, 9.331153900474783e-12, 1.0221335621310735e-12, 3.449803107130664e-13, 7.414281452970511e-14, 2.2863835551932497e-14, 4.566550957518491e-15, 1.31940559832177e-15, 3.713506010043301e-16, 5.29815996142722e-17, 8.618750113211896e-18]
test_mses [21.056763065298654, 21.051032360716558, 20.734707236250063, 6.4196636842967125, 0.8703482710720274, 0.06090717459391515, 0.03493279216412771, 0.01655751851204748, 0.008069390699343697, 0.003601727018002524, 0.0015388038357910343, 0.00046743093788693697, 0.00017657083915501622, 4.963992690945533e-05, 8.66838315515978e-06, 2.126444967947877e-06, 5.105477352965673e-07, 1.031698760577734e-07, 2.8561268326984334e-08, 6.4041928559744295e-09, 1.0171081814161516e-09, 2.0490648474755944e-10, 2.2266935575657906e-11, 7.841653147395853e-12, 1.6235365772613095e-12, 4.581701240607179e-13, 9.688098179910948e-14, 2.6588908161681414e-14, 7.356612460156763e-15, 1.2689218909570293e-15, 1.8665506749533962e-16]
test_rres [1.0000031543154257, 0.9997309983985465, 0.9847084556993309, 0.30487515645367536, 0.041333561750492166, 0.002892532272195733, 0.0016589872928162443, 0.000786330296272852, 0.00038322206161143434, 0.00017104900538683683, 7.307907131270585e-05, 2.219868319085943e-05, 8.385495698820199e-06, 2.357441328256616e-06, 4.116687104800045e-07, 1.009866363995145e-07, 2.4246335685210077e-08, 4.899623041213226e-09, 1.356398337658196e-09, 3.041404339764276e-10, 4.8303311698100825e-11, 9.731179025561158e-12, 1.0574752512313772e-12, 3.724066162555797e-13, 7.710309953021035e-14, 2.1758879456114993e-14, 4.6009582333167e-15, 1.2627293164210501e-15, 3.493716314525376e-16, 6.026215376038029e-17, 8.864404072243424e-18]
step_times_seconds [0.024837970733642578, 0.08244895935058594, 0.07529687881469727, 0.14484930038452148, 0.12016987800598145, 0.14124703407287598, 0.13031387329101562, 0.10724496841430664, 0.14787673950195312, 0.14226198196411133, 0.1658470630645752, 0.13892102241516113, 0.1573629379272461, 0.1523120403289795, 0.14595508575439453, 0.12847590446472168, 0.14684224128723145, 0.1390218734741211, 0.143049955368042, 0.14445090293884277, 0.22739696502685547, 0.12939691543579102, 0.1497042179107666, 0.15051698684692383, 0.14492011070251465, 0.12590408325195312, 0.14941716194152832, 0.1428210735321045, 0.1403801441192627, 0.14520812034606934, 0.13508081436157227]
