date 2025-01-26T23:42:30.059438
sample_ratio 0.8
rank 16
seed 0
l2_regularization_strength 0
input_shape (100, 100, 100)
input_size 1000000
num_train_samples 800000
num_test_samples 1000000
num_iterations 10
max_num_richardson_iterations 1024
num_richardson_iterations [2, 3, 5, 4, 4, 4, 4, 4, 4, 3, 4, 4, 4, 4, 4, 4, 4, 4, 4, 4, 3, 2, 3, 3, 2, 3, 2, 2, 3, 2]
train_mses [21.061165638700185, 21.023312808559094, 18.69214560277559, 0.42267465002824123, 0.02915133054697593, 0.0046615865359824, 0.0006648264716476445, 8.656121132229583e-05, 1.0839045809363697e-05, 8.725266535155394e-07, 3.666304417794825e-07, 1.3012210430201087e-09, 1.9410130474264706e-10, 3.3067963154938993e-12, 1.1357813937076261e-13, 3.568239189563485e-15, 8.989187079667454e-17, 3.8792107621902675e-18, 9.909395571953252e-20, 5.0515394246459724e-21, 1.152964783431767e-21, 1.0293367700627611e-21, 2.9080349366374914e-21, 1.3197110921764203e-21, 1.1235422262528005e-21, 1.0291013295335463e-21, 9.74654583557903e-22, 9.579109377857269e-22, 1.6010661297106593e-21, 9.900140235833575e-22, 9.515478285102626e-22]
train_rres [1.0000025686291727, 0.9982052831407846, 0.8875194249276934, 0.020068962135030424, 0.0013841306756719998, 0.0002213362066391907, 3.15665424575876e-05, 4.1100020364917795e-06, 5.146473769208679e-07, 4.142832878678242e-08, 1.7407934100448865e-08, 6.178311341815867e-11, 9.216099747122073e-12, 1.5700958181303526e-13, 5.392789414379935e-15, 1.6942311818155293e-16, 4.2681446619639255e-18, 1.84188320484792e-19, 4.705067703995975e-21, 2.3985151091994675e-22, 5.474377651976444e-23, 4.887381029641549e-23, 1.3807604271234145e-22, 6.266103712701624e-23, 5.334676776633909e-23, 4.886263137412728e-23, 4.627745224571776e-23, 4.548244929727571e-23, 7.602002043580335e-23, 4.7006731894415694e-23, 4.518032330249031e-23]
test_mses [21.056763065298654, 21.032213507640225, 18.734529690934522, 0.4234515251648103, 0.029197177561484183, 0.004668236550564211, 0.000666086516648756, 8.680738199924735e-05, 1.0889205502843035e-05, 8.77262629806588e-07, 3.678709037063823e-07, 1.3143298850666784e-09, 1.958687348566571e-10, 3.382300331570754e-12, 1.1517851240726883e-13, 3.641378112716457e-15, 9.195837961314185e-17, 3.9642254748940695e-18, 1.0155292456669055e-19, 5.151607765270032e-21, 1.1544578557201016e-21, 1.0295356697072893e-21, 2.9099274764689986e-21, 1.3205267623646262e-21, 1.1256396696807387e-21, 1.0293386876470518e-21, 9.740375793045562e-22, 9.57954752175678e-22, 1.6000967089799547e-21, 9.907983594656795e-22, 9.524486115803491e-22]
test_rres [1.0000031543154257, 0.9988372754469905, 0.8897183639979759, 0.020110064379379112, 0.0013865981949860364, 0.00022169842825215655, 3.163300150313407e-05, 4.122554618101282e-06, 5.171374069729308e-07, 4.16619303854617e-08, 1.747049453643225e-08, 6.241861708762442e-11, 9.301968782239835e-12, 1.6062824993205536e-13, 5.469923148180402e-15, 1.7293206878376214e-16, 4.367179769925047e-18, 1.8826435796509784e-19, 4.822832672891012e-21, 2.4465412841899244e-22, 5.482616172600934e-23, 4.8893503431408415e-23, 1.381948709910534e-22, 6.271291193368584e-23, 5.345756215295797e-23, 4.888414858987982e-23, 4.625785305679426e-23, 4.5494066248284634e-23, 7.598992073129413e-23, 4.705383641748147e-23, 4.5232575061516846e-23]
step_times_seconds [0.023865938186645508, 0.08375191688537598, 0.1416618824005127, 0.22613024711608887, 0.17830300331115723, 0.16341304779052734, 0.15468382835388184, 0.1547069549560547, 0.15949487686157227, 0.1472609043121338, 0.1207587718963623, 0.16335368156433105, 0.16103696823120117, 0.16269493103027344, 0.1527392864227295, 0.15952491760253906, 0.15514802932739258, 0.17678093910217285, 0.16164612770080566, 0.16080689430236816, 0.1526777744293213, 0.12658476829528809, 0.059652090072631836, 0.10912728309631348, 0.12264513969421387, 0.09143900871276855, 0.1371018886566162, 0.08155226707458496, 0.07989025115966797, 0.13163113594055176, 0.07748198509216309]
