date 2025-01-26T23:42:30.059438
sample_ratio 0.1
rank 16
seed 0
l2_regularization_strength 0
input_shape (100, 100, 100)
input_size 1000000
num_train_samples 100000
num_test_samples 1000000
num_iterations 10
max_num_richardson_iterations 1024
num_richardson_iterations [7, 13, 30, 43, 51, 30, 33, 30, 36, 30, 33, 35, 34, 39, 35, 36, 36, 35, 36, 36, 34, 35, 36, 34, 36, 36, 34, 35, 36, 34]
train_mses [21.125926365770585, 20.902214703559807, 19.908484262606162, 9.020441531047968, 1.168847809046143, 0.04922600404581159, 0.023165778769629875, 0.007621733131313004, 0.0037713177431013024, 0.0008523334572639425, 0.00039416989500174566, 0.00013200703218504061, 3.489093008508709e-05, 9.1047147210763e-06, 1.4552327861170976e-06, 3.5195281204301795e-07, 7.196807240767894e-08, 1.784747922836961e-08, 4.829051802998713e-09, 1.256653185563232e-09, 3.5207781120277857e-10, 1.0296091558424483e-10, 2.962716274017392e-11, 9.125218718628711e-12, 2.78633586908216e-12, 8.311554691393937e-13, 2.6437941068371236e-13, 8.110106441533318e-14, 2.542813447096544e-14, 8.174872958580056e-15, 2.6404653821473955e-15]
train_rres [1.0000039778363847, 0.9894144989077049, 0.9423758802622829, 0.42698612390810853, 0.05532786767757207, 0.002330132132740963, 0.001096561188286739, 0.00036077771537013304, 0.00017851679871878966, 4.034553718259592e-05, 1.8658185971137083e-05, 6.248604439959724e-06, 1.6515758064948459e-06, 4.309752282812942e-07, 6.888401244988158e-08, 1.6659823856244022e-08, 3.4066368233443756e-09, 8.448174017892756e-10, 2.2858505367135102e-10, 5.948416947813019e-11, 1.6665740740304992e-11, 4.873695163150089e-12, 1.4024133228156862e-12, 4.3194579301577985e-13, 1.318922969070344e-13, 3.934306884106869e-14, 1.2514502690405835e-14, 3.838950568032987e-15, 1.203650679248991e-15, 3.869608051901853e-16, 1.2498746042042978e-16]
test_mses [21.056763065298654, 21.097619087798282, 20.916380737795826, 9.797268200275898, 1.2539946038815368, 0.052882381279505536, 0.02520582523685956, 0.0084078837261313, 0.004121322955204274, 0.0009378274670209875, 0.00043370821710965365, 0.00014773885299139024, 3.934326165833122e-05, 1.0556429978815679e-05, 1.7194893152933943e-06, 4.305058449887765e-07, 9.283149030738913e-08, 2.313973949811064e-08, 6.4565179840920915e-09, 1.7185020042553922e-09, 4.792598904253716e-10, 1.444761757391284e-10, 4.201774344574642e-11, 1.2771716951083281e-11, 4.015960546742716e-12, 1.2003181875442132e-12, 3.7491720161250765e-13, 1.184009505383894e-13, 3.7028455766670855e-14, 1.1684731898128628e-14, 3.827609558474784e-15]
test_rres [1.0000031543154257, 1.0019434407329397, 0.9933362810701112, 0.4652803982059317, 0.05955324450806199, 0.0025114281774090193, 0.0011970455604129401, 0.00039929737639042876, 0.0001957250476902012, 4.4538204771376714e-05, 2.0597163192519485e-05, 7.016240746413974e-06, 1.8684441496245874e-06, 5.01333621145339e-07, 8.165997469662262e-08, 2.0445079882647113e-08, 4.408644521444842e-09, 1.09892543390404e-09, 3.066253977386809e-10, 8.16130864759958e-11, 2.2760449964508322e-11, 6.8612934958010855e-12, 1.995457509431152e-12, 6.065394380656165e-13, 1.907212994654104e-13, 5.700410694673709e-14, 1.780512907216409e-14, 5.622959409533291e-15, 1.7585120966252791e-15, 5.549176157429007e-16, 1.8177635470812426e-16]
step_times_seconds [0.0183560848236084, 0.2746729850769043, 0.5315830707550049, 1.0733962059020996, 1.2835209369659424, 1.5624420642852783, 1.029737949371338, 1.0552020072937012, 1.007133960723877, 1.0934629440307617, 0.915956974029541, 1.1530649662017822, 1.1104071140289307, 1.1603307723999023, 1.3015060424804688, 1.0879919528961182, 1.1345410346984863, 1.1311891078948975, 1.138404130935669, 1.1093859672546387, 1.2686736583709717, 1.0948169231414795, 1.1078877449035645, 1.2023189067840576, 1.1540248394012451, 1.1470508575439453, 1.1661460399627686, 1.059870958328247, 1.0994319915771484, 1.1924571990966797, 1.075308084487915]
